#  372.081  -2.194   4.538 ;Mean Elev.(m), Avg Gradient(m/km), RMS Gradient(m/km) - SRTM1     
#  369.420  -2.409   6.527 ;Mean Elev.(m), Avg Gradient(m/km), RMS Gradient(m/km) - ASTER GDEM
#  372.286  -2.246   4.641 ;Mean Elev.(m), Avg Gradient(m/km), RMS Gradient(m/km) - GMTED2010 
  8   368.750 52496.84863732 48.20  24.402002   0.744049 11.838
  8   369.005 52496.84863797 44.52  24.401282   0.747359 11.838
  8   368.730 52496.84863861 50.13  24.400552   0.750659 11.838
  8   368.655 52496.84863925 43.07  24.399827   0.753969 13.958
  8   368.838 52496.84863990 47.19  24.399097   0.757269 13.958
  9   370.156 52531.84862403 51.68  24.396220   0.744843 18.719
  9   369.361 52531.84862468 52.34  24.395490   0.748143 18.719
  9   369.493 52531.84862532 50.15  24.394760   0.751453 18.719
  9   369.368 52531.84862597 46.11  24.394040   0.754753 18.719
  9   369.470 52531.84862661 43.27  24.393310   0.758063 18.719
 10   369.679 52566.84864621 51.33  24.403734   0.743945 19.758
 10   369.846 52566.84864685 51.20  24.403004   0.747255 19.758
 10   369.978 52566.84864750 50.99  24.402274   0.750555 19.758
 10   369.810 52566.84864814 52.39  24.401554   0.753865 19.758
 10   369.796 52566.84864879 51.64  24.400824   0.757165 19.758
 11   371.449 52601.84865489 51.04  24.394116   0.744717 22.541
 11   371.406 52601.84865554 52.35  24.393396   0.748027 22.541
 11   371.372 52601.84865618 50.84  24.392666   0.751337 22.541
 11   371.387 52601.84865683 48.84  24.391946   0.754637 22.541
 11   371.378 52601.84865747 51.04  24.391216   0.757947 22.541
 12   371.209 52636.84862095 49.42  24.396409   0.743445 18.830
 12   371.317 52636.84862160 50.99  24.395679   0.746745 18.830
 12   371.277 52636.84862224 50.46  24.394949   0.750055 18.830
 12   371.319 52636.84862289 50.23  24.394229   0.753365 18.830
 12   371.394 52636.84862353 50.05  24.393499   0.756665 18.830
 12   371.179 52636.84862418 51.05  24.392769   0.759975 18.830
 13   370.558 52671.84862489 47.96  24.397966   0.742087 19.951
 13   370.722 52671.84862553 50.96  24.397246   0.745397 19.951
 13   370.584 52671.84862618 50.61  24.396516   0.748697 19.951
 13   370.616 52671.84862682 49.26  24.395796   0.752007 19.951
 13   370.757 52671.84862746 49.60  24.395066   0.755317 19.951
 13   370.732 52671.84862811 51.29  24.394336   0.758617 19.951
 14   369.640 52706.84862523 50.66  24.400277   0.742365 16.450
 14   370.086 52706.84862587 51.01  24.399547   0.745665 16.450
 14   369.503 52706.84862652 50.96  24.398827   0.748975 16.450
 14   369.476 52706.84862716 49.89  24.398097   0.752275 16.450
 14   369.571 52706.84862780 47.40  24.397367   0.755585 16.450
 14   369.480 52706.84862845 50.31  24.396647   0.758885 16.450
 15   369.783 52741.84865713 38.00  24.395488   0.742319 13.307
 15   369.597 52741.84865778 36.73  24.394768   0.745629 13.307
 15   369.445 52741.84865842 31.12  24.394038   0.748939 13.307
 15   369.516 52741.84865907 25.47  24.393308   0.752239 13.307
 15   369.709 52741.84865971 27.12  24.392588   0.755549 13.307
 15   369.750 52741.84866036 31.76  24.391858   0.758849 13.307
 16   369.970 52776.84859999 51.31  24.402290   0.744300 20.451
 16   369.789 52776.84860064 53.03  24.401560   0.747600 20.451
 16   369.990 52776.84860128 49.84  24.400840   0.750910 20.451
 16   370.055 52776.84860193 52.74  24.400110   0.754220 20.451
 16   370.052 52776.84860257 52.94  24.399380   0.757520 20.451
 17   369.170 52811.84867831 50.34  24.395946   0.742701 17.080
 17   369.154 52811.84867896 50.83  24.395216   0.746011 17.080
 17   369.151 52811.84867960 52.64  24.394496   0.749311 17.080
 17   369.118 52811.84868025 49.81  24.393766   0.752621 17.080
 17   369.122 52811.84868089 49.73  24.393036   0.755931 17.080
 17   369.148 52811.84868154 50.01  24.392316   0.759231 17.080
 18   369.426 52846.84873314 50.72  24.398099   0.742932 20.665
 18   369.451 52846.84873379 52.89  24.397379   0.746242 20.665
 18   369.479 52846.84873443 53.97  24.396649   0.749542 20.665
 18   369.454 52846.84873508 51.06  24.395919   0.752852 20.665
 18   369.593 52846.84873572 50.16  24.395199   0.756152 20.665
 18   369.533 52846.84873636 50.41  24.394469   0.759462 20.665
 20   369.733 52916.84872693 52.58  24.401232   0.743986 21.400
 20   369.862 52916.84872758 53.95  24.400502   0.747286 21.400
 20   369.770 52916.84872822 51.78  24.399782   0.750596 21.400
 20   370.041 52916.84872887 51.61  24.399052   0.753896 21.400
 20   369.903 52916.84872951 53.78  24.398322   0.757206 21.400
 21   369.726 52951.84868773 23.09  24.403997   0.743221  8.615
 21   369.149 52951.84868838 24.67  24.403267   0.746521  8.615
 21   369.134 52951.84868902 26.59  24.402537   0.749831  8.615
 21   369.608 52951.84868967 26.37  24.401817   0.753131  8.615
 21   370.281 52951.84869031 27.13  24.401087   0.756441  8.615
 22   371.333 52986.84870421 50.63  24.406391   0.744065 20.276
 22   371.434 52986.84870486 50.67  24.405671   0.747375 20.276
 22   371.352 52986.84870550 51.18  24.404941   0.750685 20.276
 22   371.295 52986.84870614 51.29  24.404211   0.753985 20.276
 22   371.218 52986.84870679 51.94  24.403491   0.757295 20.276
 23   369.972 53021.84869314 53.57  24.403430   0.742751 21.915
 23   370.254 53021.84869379 53.66  24.402700   0.746051 21.915
 23   370.342 53021.84869443 49.81  24.401980   0.749361 21.915
 23   370.293 53021.84869508 53.19  24.401250   0.752661 21.915
 23   370.193 53021.84869572 52.71  24.400530   0.755971 21.915
 23   370.170 53021.84869637 48.57  24.399800   0.759281 21.915
 24   369.866 53056.84868433 46.54  24.405386   0.743432 20.225
 24   370.035 53056.84868497 48.29  24.404666   0.746742 20.225
 24   369.977 53056.84868562 51.51  24.403936   0.750052 20.225
 24   370.016 53056.84868626 50.55  24.403206   0.753352 20.225
 24   369.980 53056.84868691 50.59  24.402486   0.756662 20.225
 25   369.582 53091.84872179 47.52  24.391777   0.741359 20.779
 25   369.580 53091.84872244 50.58  24.391057   0.744669 20.779
 25   369.537 53091.84872308 51.57  24.390327   0.747969 20.779
 25   369.467 53091.84872372 49.71  24.389607   0.751279 20.779
 25   369.392 53091.84872437 51.55  24.388877   0.754579 20.779
 25   369.492 53091.84872501 49.22  24.388147   0.757889 20.779
 26   370.131 53126.84869257 39.07  24.402256   0.742086 11.587
 26   370.015 53126.84869322 40.22  24.401536   0.745396 11.587
 26   370.172 53126.84869386 37.70  24.400806   0.748696 11.587
 26   370.098 53126.84869451 35.88  24.400076   0.752006 11.587
 26   370.054 53126.84869515 31.62  24.399356   0.755316 11.587
 26   370.058 53126.84869580 47.72  24.398626   0.758616 11.587
 27   368.860 53161.84875662 50.09  24.392710   0.744461 17.435
 27   368.828 53161.84875727 49.90  24.391990   0.747771 17.435
 27   368.908 53161.84875791 49.71  24.391260   0.751081 17.435
 27   368.888 53161.84875856 48.45  24.390530   0.754381 17.435
 27   368.899 53161.84875920 45.97  24.389810   0.757691 17.435
 28   368.263 53196.84875515 50.93  24.400413   0.744314 16.969
 28   368.368 53196.84875580 46.96  24.399693   0.747614 16.969
 28   368.237 53196.84875644 51.27  24.398963   0.750924 16.969
 28   368.265 53196.84875709 44.80  24.398233   0.754224 16.969
 28   368.162 53196.84875773 42.97  24.397513   0.757534 16.969
 29   368.383 53231.84873528 52.66  24.405465   0.744328 19.431
 29   368.409 53231.84873593 51.32  24.404745   0.747638 19.431
 29   368.309 53231.84873657 51.40  24.404015   0.750938 19.431
 29   368.355 53231.84873722 39.11  24.403295   0.754248 19.431
 29   368.337 53231.84873786 51.03  24.402565   0.757558 19.431
 30   368.909 53266.84870466 47.96  24.397805   0.743881 13.128
 30   368.587 53266.84870530 29.34  24.397075   0.747191 13.128
 30   368.275 53266.84870595 29.95  24.396345   0.750491 13.128
 30   368.089 53266.84870659 26.20  24.395625   0.753801 13.128
 30   368.420 53266.84870724 26.61  24.394895   0.757111 13.128
 30   368.341 53266.84870788 30.96  24.394175   0.760411 13.128
 31   368.748 53301.84875719 49.76  24.390417   0.741716 19.491
 31   368.806 53301.84875784 50.14  24.389687   0.745016 19.491
 31   368.702 53301.84875848 52.50  24.388957   0.748326 19.491
 31   368.958 53301.84875913 51.12  24.388237   0.751626 19.491
 31   368.593 53301.84875977 52.61  24.387507   0.754936 19.491
 31   368.961 53301.84876042 49.78  24.386777   0.758246 19.491
 32   370.168 53336.84872776 52.67  24.398272   0.744784 19.892
 32   370.095 53336.84872841 52.42  24.397542   0.748094 19.892
 32   370.155 53336.84872905 50.49  24.396822   0.751394 19.892
 32   370.436 53336.84872970 49.35  24.396092   0.754704 19.892
 32   370.279 53336.84873034 51.66  24.395362   0.758004 19.892
 33   370.476 53371.84866341 51.82  24.401280   0.743720 20.333
 33   370.735 53371.84866406 49.72  24.400560   0.747030 20.333
 33   370.703 53371.84866470 51.67  24.399830   0.750340 20.333
 33   370.707 53371.84866535 52.43  24.399110   0.753640 20.333
 33   370.733 53371.84866599 50.46  24.398380   0.756950 20.333
 34   369.979 53406.84870032 52.60  24.400896   0.744124 20.687
 34   369.855 53406.84870096 54.12  24.400166   0.747434 20.687
 34   369.723 53406.84870161 50.41  24.399436   0.750734 20.687
 34   369.915 53406.84870225 53.11  24.398716   0.754044 20.687
 34   369.893 53406.84870290 49.30  24.397986   0.757344 20.687
 35   369.221 53441.84868564 48.29  24.399743   0.742257 19.326
 35   369.126 53441.84868628 51.98  24.399023   0.745567 19.326
 35   369.151 53441.84868693 53.24  24.398293   0.748867 19.326
 35   369.156 53441.84868757 49.88  24.397573   0.752177 19.326
 35   369.342 53441.84868822 41.75  24.396843   0.755487 19.326
 35   369.100 53441.84868886 52.94  24.396113   0.758787 19.326
 36   369.631 53476.84875545 30.25  24.393542   0.744249  7.224
 36   369.460 53476.84875610 28.13  24.392812   0.747549  7.224
 36   369.600 53476.84875674 26.34  24.392092   0.750859  7.224
 36   369.633 53476.84875739 27.47  24.391362   0.754159  7.224
 36   369.414 53476.84875803 27.29  24.390632   0.757469  7.224
 36   369.628 53476.84875868 28.88  24.389912   0.760769  7.224
 37   369.972 53511.84876832 51.06  24.398584   0.742862 18.649
 37   369.958 53511.84876897 52.54  24.397864   0.746172 18.649
 37   370.005 53511.84876961 51.39  24.397134   0.749472 18.649
 37   370.023 53511.84877026 49.73  24.396414   0.752782 18.649
 37   370.019 53511.84877090 45.41  24.395684   0.756092 18.649
 37   369.967 53511.84877154 45.51  24.394954   0.759392 18.649
 38   368.932 53546.84878626 51.54  24.393878   0.744616 18.480
 38   369.116 53546.84878690 50.86  24.393158   0.747916 18.480
 38   369.043 53546.84878755 52.18  24.392428   0.751226 18.480
 38   368.917 53546.84878819 50.20  24.391698   0.754526 18.480
 38   369.081 53546.84878884 49.30  24.390978   0.757836 18.480
 39   367.622 53581.84875664 49.19  24.399119   0.742841 19.066
 39   368.642 53581.84875728 53.57  24.398399   0.746151 19.066
 39   368.302 53581.84875792 50.15  24.397669   0.749461 19.066
 39   368.112 53581.84875857 51.13  24.396949   0.752761 19.066
 39   368.137 53581.84875921 47.43  24.396219   0.756071 19.066
 39   368.084 53581.84875986 53.13  24.395489   0.759371 19.066
 40   368.950 53616.84871212 52.38  24.396188   0.743160 19.423
 40   369.013 53616.84871277 53.84  24.395458   0.746470 19.423
 40   368.912 53616.84871341 52.46  24.394728   0.749770 19.423
 40   368.942 53616.84871405 51.82  24.394008   0.753080 19.423
 40   369.118 53616.84871470 47.68  24.393278   0.756390 19.423
 40   368.875 53616.84871534 50.43  24.392558   0.759690 19.423
 41   368.711 53651.84872865 51.64  24.399327   0.744838 19.444
 41   368.665 53651.84872929 52.02  24.398597   0.748148 19.444
 41   368.744 53651.84872994 50.27  24.397877   0.751458 19.444
 41   368.686 53651.84873058 48.05  24.397147   0.754758 19.444
 41   368.885 53651.84873123 47.58  24.396417   0.758068 19.444
 42   370.514 53686.84873264 48.29  24.395231   0.741841 19.361
 42   370.499 53686.84873328 53.77  24.394511   0.745151 19.361
 42   370.403 53686.84873393 50.69  24.393781   0.748461 19.361
 42   370.404 53686.84873457 50.94  24.393061   0.751761 19.361
 42   370.392 53686.84873522 47.17  24.392331   0.755071 19.361
 42   370.478 53686.84873586 49.41  24.391601   0.758371 19.361
 43   369.975 53721.84865874 53.52  24.401655   0.745116 21.002
 43   369.927 53721.84865938 51.91  24.400935   0.748426 21.002
 43   370.135 53721.84866003 53.37  24.400205   0.751726 21.002
 43   370.010 53721.84866067 54.36  24.399485   0.755036 21.002
 43   369.885 53721.84866132 52.90  24.398755   0.758346 21.002
 44   369.212 53756.84858961 50.88  24.406573   0.743464 20.082
 44   369.113 53756.84859026 52.36  24.405843   0.746764 20.082
 44   369.241 53756.84859090 50.01  24.405113   0.750074 20.082
 44   369.336 53756.84859155 50.47  24.404393   0.753384 20.082
 44   369.233 53756.84859219 51.74  24.403663   0.756684 20.082
 45   369.073 53791.84861489 49.52  24.403692   0.741686 20.895
 45   369.041 53791.84861553 52.69  24.402972   0.744996 20.895
 45   368.996 53791.84861618 50.58  24.402242   0.748306 20.895
 45   368.994 53791.84861682 49.70  24.401522   0.751606 20.895
 45   369.035 53791.84861746 49.93  24.400792   0.754916 20.895
 45   368.937 53791.84861811 51.82  24.400062   0.758216 20.895
 46   369.937 53826.84857897 54.14  24.403746   0.743657 20.621
 46   370.096 53826.84857962 51.98  24.403026   0.746967 20.621
 46   370.093 53826.84858026 52.61  24.402296   0.750267 20.621
 46   370.018 53826.84858090 49.85  24.401566   0.753577 20.621
 46   369.981 53826.84858155 50.18  24.400846   0.756877 20.621
 47   369.315 53861.84866753 50.22  24.395792   0.742925 19.877
 47   369.346 53861.84866817 52.97  24.395062   0.746225 19.877
 47   369.380 53861.84866882 48.70  24.394342   0.749535 19.877
 47   369.304 53861.84866946 50.46  24.393612   0.752835 19.877
 47   369.464 53861.84867011 48.76  24.392882   0.756145 19.877
 47   369.385 53861.84867075 50.78  24.392162   0.759455 19.877
 48   368.815 53896.84868869 31.77  24.399730   0.744771 10.235
 48   369.344 53896.84868934 28.82  24.399000   0.748081 10.235
 48   368.958 53896.84868998 26.64  24.398280   0.751381 10.235
 48   368.966 53896.84869063 28.40  24.397550   0.754691 10.235
 48   369.000 53896.84869127 45.63  24.396830   0.758001 10.235
 49   369.746 53931.84873896 49.16  24.388674   0.744972 19.875
 49   368.428 53931.84873960 52.94  24.387954   0.748282 19.875
 49   368.459 53931.84874025 49.13  24.387224   0.751592 19.875
 49   368.547 53931.84874089 47.77  24.386504   0.754892 19.875
 49   368.276 53931.84874154 50.51  24.385774   0.758202 19.875
 50   368.009 53966.84871316 14.90  24.393236   0.741580  8.776
 50   367.984 53966.84871380 16.67  24.392506   0.744890  8.776
 50   367.914 53966.84871445 19.77  24.391776   0.748190  8.776
 50   367.811 53966.84871509 23.68  24.391056   0.751500  8.776
 50   368.016 53966.84871574 27.68  24.390326   0.754810  8.776
 50   368.076 53966.84871638 29.82  24.389606   0.758110  8.776
 51   368.642 54001.84867627 41.45  24.402026   0.742091 19.571
 51   368.679 54001.84867691 43.54  24.401296   0.745391 19.571
 51   368.663 54001.84867756 50.45  24.400576   0.748701 19.571
 51   368.648 54001.84867820 49.66  24.399846   0.752001 19.571
 51   368.826 54001.84867885 44.55  24.399116   0.755311 19.571
 51   368.677 54001.84867949 49.40  24.398396   0.758611 19.571
 52   369.295 54036.84871602 51.97  24.401500   0.744809 16.668
 52   369.130 54036.84871666 48.97  24.400770   0.748109 16.668
 52   369.135 54036.84871731 50.24  24.400050   0.751419 16.668
 52   369.393 54036.84871795 43.30  24.399320   0.754719 16.668
 52   368.982 54036.84871860 48.35  24.398590   0.758029 16.668
 53   372.322 54071.84870943 49.89  24.400985   0.742136 24.683
 53   372.370 54071.84871007 52.34  24.400265   0.745436 24.683
 53   372.297 54071.84871071 51.62  24.399535   0.748746 24.683
 53   372.330 54071.84871136 50.50  24.398805   0.752046 24.683
 53   372.194 54071.84871200 53.59  24.398085   0.755356 24.683
 53   372.337 54071.84871265 50.44  24.397355   0.758656 24.683
 54   371.342 54106.84866073 50.66  24.398001   0.744751 23.397
 54   371.368 54106.84866138 51.47  24.397271   0.748061 23.397
 54   371.393 54106.84866202 51.07  24.396541   0.751361 23.397
 54   371.378 54106.84866267 51.68  24.395821   0.754671 23.397
 54   371.370 54106.84866331 51.59  24.395091   0.757971 23.397
 55   370.677 54141.84864409 47.57  24.398940   0.742350 18.207
 55   371.902 54141.84864474 50.75  24.398210   0.745650 18.207
 55   370.685 54141.84864538 50.16  24.397490   0.748960 18.207
 55   370.659 54141.84864603 50.85  24.396760   0.752260 18.207
 55   370.781 54141.84864667 51.57  24.396030   0.755570 18.207
 55   370.660 54141.84864732 51.70  24.395310   0.758880 18.207
 56   370.369 54176.84864213 37.06  24.398742   0.742201  6.132
 56   370.204 54176.84864278 32.44  24.398019   0.745512 12.229
 56   370.256 54176.84864342 33.13  24.397289   0.748812 12.229
 56   370.456 54176.84864407 35.14  24.396569   0.752122 12.229
 56   370.492 54176.84864471 35.06  24.395839   0.755422 12.229
 56   370.314 54176.84864536 50.54  24.395109   0.758732 12.229
 58   370.070 54246.84868087 49.28  24.398658   0.742921 21.783
 58   370.171 54246.84868152 53.74  24.397938   0.746231 21.783
 58   370.073 54246.84868216 51.59  24.397208   0.749531 21.783
 58   370.020 54246.84868281 54.38  24.396478   0.752841 21.783
 58   369.946 54246.84868345 53.97  24.395758   0.756151 21.783
 58   369.983 54246.84868410 49.35  24.395028   0.759451 21.783
 60   368.660 54316.84868920 20.50  24.400688   0.744464  8.093
 60   368.699 54316.84868984 22.56  24.399958   0.747764  8.093
 60   368.641 54316.84869049 23.45  24.399238   0.751074  8.093
 60   369.507 54316.84869113 24.46  24.398508   0.754374  8.093
 60   369.438 54316.84869177 35.15  24.397778   0.757684  8.093
 61   369.318 54351.84865569 53.41  24.399625   0.743826 21.134
 61   369.561 54351.84865633 52.84  24.398895   0.747126 21.134
 61   369.394 54351.84865698 50.32  24.398175   0.750436 21.134
 61   369.397 54351.84865762 50.72  24.397445   0.753736 21.134
 61   369.392 54351.84865826 54.14  24.396715   0.757046 21.134
 61   369.486 54351.84865891 47.97  24.395995   0.760356 21.134
 62   370.380 54386.84862869 50.42  24.399896   0.745309 22.511
 62   370.390 54386.84862934 50.83  24.399166   0.748619 22.511
 62   370.497 54386.84862998 50.66  24.398436   0.751919 22.511
 62   370.408 54386.84863063 52.31  24.397706   0.755229 22.511
 62   370.471 54386.84863127 51.88  24.396986   0.758529 22.511
 63   370.158 54421.84860518 29.10  24.398845   0.743467  5.635
 63   370.192 54421.84860583 29.43  24.398115   0.746767  5.635
 63   370.347 54421.84860647 29.72  24.397395   0.750077  5.635
 63   370.378 54421.84860712 29.96  24.396665   0.753377  5.635
 63   370.564 54421.84860776 31.89  24.395935   0.756687  5.635
 63   370.790 54421.84860840 35.71  24.395215   0.759997  5.635
 64   370.971 54456.84860188 51.79  24.399791   0.745183 22.967
 64   371.151 54456.84860253 51.48  24.399061   0.748493 22.967
 64   371.129 54456.84860317 50.87  24.398331   0.751803 22.967
 64   371.075 54456.84860382 51.76  24.397611   0.755103 22.967
 64   371.017 54456.84860446 49.98  24.396881   0.758413 22.967
 65   370.947 54491.84860746 49.77  24.400000   0.744592 21.383
 65   370.794 54491.84860810 52.78  24.399270   0.747892 21.383
 65   370.921 54491.84860875 51.09  24.398550   0.751202 21.383
 65   371.021 54491.84860939 52.68  24.397820   0.754512 21.383
 65   370.891 54491.84861004 49.43  24.397090   0.757812 21.383
 66   370.061 54526.84861417 51.00  24.401177   0.743493 16.396
 66   370.137 54526.84861481 54.00  24.400457   0.746803 16.396
 66   370.058 54526.84861546 50.13  24.399727   0.750103 16.396
 66   369.978 54526.84861610 50.53  24.398997   0.753413 16.396
 66   369.961 54526.84861675 52.50  24.398277   0.756713 16.396
 66   369.894 54526.84861739 49.09  24.397546   0.760023 13.420
 67   371.100 54561.84861589 46.90  24.398510   0.745253 16.727
 67   370.179 54561.84861653 41.63  24.397780   0.748553 16.727
 67   370.181 54561.84861718 49.25  24.397050   0.751863 16.727
 67   370.144 54561.84861782 51.32  24.396330   0.755173 16.727
 67   370.142 54561.84861847 50.36  24.395600   0.758473 16.727
 68   369.578 54596.84861095 47.36  24.398471   0.745186 17.737
 68   369.409 54596.84861160 51.94  24.397741   0.748486 17.737
 68   369.385 54596.84861224 51.84  24.397021   0.751796 17.737
 68   369.382 54596.84861289 52.33  24.396291   0.755096 17.737
 68   369.573 54596.84861353 51.64  24.395563   0.758407  8.759
 69   369.783 54631.84862365 49.31  24.398259   0.742173 14.375
 69   369.760 54631.84862430 52.38  24.397529   0.745483 14.375
 69   369.843 54631.84862494 51.93  24.396799   0.748783 14.375
 69   369.979 54631.84862559 50.43  24.396079   0.752093 14.375
 69   369.929 54631.84862623 53.40  24.395349   0.755393 14.375
 69   369.915 54631.84862688 52.60  24.394622   0.758704  8.222
 70   369.540 54666.84862972 47.66  24.397529   0.743590 13.217
 70   369.610 54666.84863037 47.02  24.396799   0.746900 13.217
 70   368.506 54666.84863101 50.37  24.396069   0.750200 13.217
 70   368.890 54666.84863166 48.50  24.395349   0.753510 13.217
 70   368.599 54666.84863230 50.29  24.394619   0.756810 13.217
 70   368.868 54666.84863295 49.38  24.393892   0.760120  7.541
 71   369.128 54701.84859773 52.06  24.400282   0.745308 16.980
 71   369.309 54701.84859838 49.29  24.399552   0.748618 16.980
 71   369.256 54701.84859902 50.04  24.398822   0.751918 16.980
 71   369.187 54701.84859967 46.73  24.398102   0.755228 16.980
 71   369.217 54701.84860031 51.62  24.397372   0.758528 16.980
 72   368.831 54736.84859050 26.71  24.398823   0.744845  9.149
 72   369.359 54736.84859114 26.80  24.398093   0.748145  9.149
 72   369.477 54736.84859179 38.40  24.397363   0.751455  9.149
 72   369.527 54736.84859243 45.56  24.396643   0.754755  9.149
 72   370.054 54736.84859308 50.16  24.395911   0.758066  7.872
 73   370.073 54771.84857742 47.20  24.400717   0.742523 18.142
 73   370.152 54771.84857806 51.97  24.399997   0.745823 18.142
 73   369.856 54771.84857871 52.52  24.399267   0.749133 18.142
 73   370.102 54771.84857935 52.16  24.398537   0.752433 18.142
 73   370.018 54771.84858000 51.87  24.397817   0.755743 18.142
 73   369.977 54771.84858064 51.27  24.397087   0.759043 18.142
 74   370.653 54806.84858327 49.80  24.398212   0.743092 14.252
 74   370.723 54806.84858391 52.01  24.397492   0.746392 14.252
 74   370.140 54806.84858456 51.28  24.396762   0.749702 14.252
 74   370.075 54806.84858520 51.97  24.396032   0.753012 14.252
 74   370.152 54806.84858585 54.23  24.395312   0.756312 14.252
 74   370.073 54806.84858649 51.42  24.394580   0.759620  7.807
 75   370.111 54841.84857443 51.09  24.399559   0.743921 16.682
 75   370.076 54841.84857507 53.67  24.398829   0.747231 16.682
 75   370.194 54841.84857572 50.14  24.398099   0.750531 16.682
 75   370.139 54841.84857636 52.27  24.397379   0.753841 16.682
 75   369.955 54841.84857701 51.82  24.396649   0.757141 16.682
 76   370.677 54876.84858548 49.60  24.397811   0.744493 12.784
 76   371.261 54876.84858612 50.60  24.397081   0.747793 12.784
 76   370.495 54876.84858677 50.51  24.396351   0.751103 12.784
 76   370.552 54876.84858741 50.07  24.395631   0.754403 12.784
 76   370.350 54876.84858806 55.06  24.394902   0.757714  9.977
 77   370.192 54911.84857863 49.47  24.397940   0.742496 18.133
 77   370.124 54911.84857927 52.26  24.397220   0.745796 18.133
 77   370.016 54911.84857991 53.64  24.396490   0.749106 18.133
 77   370.167 54911.84858056 50.11  24.395760   0.752406 18.133
 77   370.145 54911.84858120 52.96  24.395040   0.755716 18.133
 77   370.083 54911.84858185 50.46  24.394310   0.759016 18.133
 78   370.559 54946.84857783 45.60  24.397621   0.741939 11.949
 78   371.691 54946.84857847 43.80  24.396891   0.745249 11.949
 78   371.380 54946.84857912 39.07  24.396161   0.748549 11.949
 78   370.642 54946.84857976 42.32  24.395441   0.751859 11.949
 78   370.837 54946.84858041 41.88  24.394711   0.755159 11.949
 78   370.569 54946.84858105 47.48  24.393981   0.758468  9.908
 79   370.463 54981.84860443 50.65  24.397371   0.744509 14.289
 79   370.389 54981.84860507 50.43  24.396641   0.747809 14.289
 79   370.404 54981.84860572 49.10  24.395921   0.751119 14.289
 79   370.460 54981.84860636 53.09  24.395191   0.754419 14.289
 79   370.362 54981.84860701 50.84  24.394464   0.757731 12.832
 80   369.535 55016.84860391 51.78  24.399219   0.743706 16.333
 80   369.573 55016.84860456 53.41  24.398489   0.747016 16.333
 80   369.632 55016.84860520 50.18  24.397759   0.750316 16.333
 80   369.630 55016.84860585 51.72  24.397039   0.753626 16.333
 80   369.663 55016.84860649 49.61  24.396309   0.756926 16.333
 80   369.552 55016.84860714 48.46  24.395582   0.760237 11.121
 81   368.729 55051.84859908 46.59  24.400016   0.744137 16.844
 81   368.616 55051.84859973 49.06  24.399296   0.747447 16.844
 81   368.642 55051.84860037 47.37  24.398566   0.750757 16.844
 81   368.590 55051.84860101 42.46  24.397836   0.754057 16.844
 81   368.682 55051.84860166 47.57  24.397116   0.757367 16.844
 82   368.484 55086.84856356 20.51  24.398396   0.744555  7.324
 82   368.872 55086.84856420 22.89  24.397666   0.747865  7.324
 82   368.793 55086.84856485 28.37  24.396936   0.751165  7.324
 82   368.639 55086.84856549 28.33  24.396216   0.754475  7.324
 82   368.740 55086.84856613 42.63  24.395486   0.757775  7.324
 83   369.724 55121.84853316 50.26  24.400748   0.742708 18.054
 83   369.721 55121.84853381 51.11  24.400028   0.746018 18.054
 83   369.746 55121.84853445 49.73  24.399298   0.749318 18.054
 83   369.800 55121.84853510 50.64  24.398578   0.752628 18.054
 83   369.791 55121.84853574 50.20  24.397848   0.755928 18.054
 83   369.777 55121.84853639 51.19  24.397117   0.759238 11.996
 84   371.146 55156.84852290 50.25  24.398407   0.742661 23.350
 84   371.179 55156.84852354 53.00  24.397687   0.745971 23.350
 84   371.225 55156.84852419 48.89  24.396957   0.749281 23.350
 84   371.311 55156.84852483 50.27  24.396227   0.752581 23.350
 84   371.218 55156.84852548 50.54  24.395507   0.755891 23.350
 84   371.299 55156.84852612 52.52  24.394777   0.759191 23.350
 85   371.024 55191.84852340 53.16  24.398232   0.744739 21.872
 85   371.112 55191.84852405 53.15  24.397512   0.748049 21.872
 85   371.098 55191.84852469 51.08  24.396782   0.751349 21.872
 85   371.073 55191.84852533 52.16  24.396052   0.754659 21.872
 85   371.088 55191.84852598 53.16  24.395332   0.757959 21.872
 86   370.902 55226.84852430 51.06  24.398324   0.743966 19.914
 86   370.873 55226.84852495 53.77  24.397594   0.747276 19.914
 86   370.903 55226.84852559 51.40  24.396864   0.750576 19.914
 86   370.873 55226.84852624 50.52  24.396144   0.753886 19.914
 86   370.839 55226.84852688 52.74  24.395414   0.757186 19.914
 86   370.814 55226.84852753 46.99  24.394689   0.760498 12.250
 87   371.563 55261.84851808 49.47  24.400139   0.743013 22.579
 87   371.630 55261.84851873 51.24  24.399419   0.746323 22.579
 87   371.567 55261.84851937 52.24  24.398689   0.749623 22.579
 87   371.588 55261.84852002 52.41  24.397969   0.752933 22.579
 87   371.572 55261.84852066 53.79  24.397239   0.756243 22.579
 87   371.400 55261.84852131 49.37  24.396509   0.759543 22.579
 88   370.661 55296.84850872 30.73  24.399617   0.742392  9.391
 88   370.934 55296.84850936 31.15  24.398897   0.745702  9.391
 88   371.208 55296.84851001 31.73  24.398167   0.749012  9.391
 88   371.556 55296.84851065 31.65  24.397437   0.752312  9.391
 88   371.444 55296.84851130 36.53  24.396717   0.755622  9.391
 88   371.579 55296.84851194 42.62  24.395987   0.758922  9.391
 89   371.108 55331.84849886 46.74  24.397603   0.741925 14.881
 89   371.104 55331.84849950 51.47  24.396873   0.745235 14.881
 89   371.132 55331.84850014 51.04  24.396143   0.748535 14.881
 89   371.118 55331.84850079 48.99  24.395423   0.751845 14.881
 89   371.244 55331.84850143 49.16  24.394693   0.755145 14.881
 89   371.118 55331.84850208 50.61  24.393966   0.758457 14.303
 90   369.934 55366.84849134 54.26  24.399626   0.744013 16.008
 90   370.240 55366.84849199 52.10  24.398896   0.747323 16.008
 90   370.203 55366.84849263 50.80  24.398166   0.750623 16.008
 90   370.163 55366.84849328 52.33  24.397446   0.753933 16.008
 90   370.125 55366.84849392 52.77  24.396716   0.757233 16.008
 91   369.189 55401.84850491 47.09  24.399279   0.743152 15.738
 91   369.390 55401.84850556 50.87  24.398559   0.746462 15.738
 91   369.429 55401.84850620 51.10  24.397829   0.749762 15.738
 91   369.354 55401.84850685 47.14  24.397099   0.753072 15.738
 91   369.181 55401.84850749 54.23  24.396379   0.756372 15.738
 91   369.266 55401.84850814 48.87  24.395648   0.759681 10.336
 92   368.257 55436.84850895 24.80  24.400813   0.743616  8.244
 92   368.306 55436.84850960 27.30  24.400083   0.746926  8.244
 92   368.572 55436.84851024 31.89  24.399353   0.750226  8.244
 92   368.764 55436.84851089 41.40  24.398633   0.753536  8.244
 92   368.592 55436.84851153 46.62  24.397903   0.756836  8.244
 92   368.762 55436.84851218 48.39  24.397178   0.760147  6.442
 93   369.257 55471.84845911 46.15  24.400238   0.742161 16.382
 93   369.148 55471.84845975 51.92  24.399518   0.745461 16.382
 93   369.036 55471.84846039 53.63  24.398788   0.748771 16.382
 93   369.205 55471.84846104 49.11  24.398068   0.752071 16.382
 93   369.116 55471.84846168 54.10  24.397338   0.755381 16.382
 93   369.027 55471.84846233 51.54  24.396608   0.758681 16.382
