#    4.046  -9.687  27.119 ;Mean Elev.(m), Avg Gradient(m/km), RMS Gradient(m/km) - SRTM1     
#   13.113  -6.992  27.865 ;Mean Elev.(m), Avg Gradient(m/km), RMS Gradient(m/km) - ASTER GDEM
#   13.993 -10.451  27.179 ;Mean Elev.(m), Avg Gradient(m/km), RMS Gradient(m/km) - GMTED2010 
  9     7.103 52535.37752188 16.45  13.228010  -5.861992  6.011
  9     6.920 52535.37752253 26.35  13.227280  -5.865292  6.011
 15     7.051 52745.37755647 28.82  13.224115  -5.860537 13.115
 15     7.218 52745.37755712 30.79  13.223385  -5.863837 13.115
 16     4.212 52780.37749318 34.50  13.228861  -5.861953 10.128
 16     7.317 52780.37749383 25.70  13.228131  -5.865263 10.128
 20   105.591 52920.37761911  0.77  13.231175  -5.865083  9.489
 20    65.620 52920.37761975  3.46  13.230445  -5.868393  9.489
 24     6.021 53060.37757306 31.92  13.239450  -5.860804 10.284
 24     4.839 53060.37757370 33.10  13.238720  -5.864104 10.284
 24     7.560 53060.37757434 27.48  13.237990  -5.867414 10.284
 25     6.076 53095.37760594 39.39  13.225758  -5.858683  6.911
 25     7.183 53095.37760659 36.75  13.225028  -5.861983  6.911
 25     7.106 53095.37760723 39.30  13.224298  -5.865283  6.911
 26     8.693 53130.37757815 36.48  13.237639  -5.861775  8.169
 26     8.301 53130.37757880 37.16  13.236909  -5.865075  8.169
 26     8.614 53130.37757944 39.84  13.236179  -5.868385  8.169
 28     8.148 53200.37765116 23.99  13.231106  -5.860250 11.405
 28     6.805 53200.37765181 34.06  13.230376  -5.863560 11.405
 28     8.280 53200.37765245 38.34  13.229646  -5.866860 11.405
 29    63.707 53235.37762168  9.79  13.238667  -5.866133  8.582
 29    62.831 53235.37762233  9.75  13.237927  -5.869433  8.582
 30   102.278 53270.37758331  2.75  13.231033  -5.861209  2.893
 30    68.777 53270.37758460 10.91  13.229568  -5.867816  7.340
 31     8.516 53305.37764593 11.32  13.224510  -5.859132  4.100
 31     8.115 53305.37764658 19.84  13.223780  -5.862442  4.100
 33     9.408 53375.37754558 13.30  13.234077  -5.866176  4.515
 33     9.691 53375.37754623 23.19  13.233347  -5.869476  4.515
 35     6.301 53445.37757139 21.25  13.232451  -5.861636 11.156
 35     6.551 53445.37757204 30.76  13.231721  -5.864946 11.156
 35     4.183 53445.37757268 37.75  13.230991  -5.868246 11.156
 37     6.560 53515.37765845 36.66  13.231772  -5.860371 10.652
 37     1.530 53515.37765910 34.15  13.231042  -5.863681 10.652
 37     8.743 53515.37765974 28.61  13.230302  -5.866981 10.652
 38     7.958 53550.37767854 41.71  13.226033  -5.860429  8.798
 38     5.353 53550.37767919 47.64  13.225303  -5.863739  8.798
 39     5.368 53585.37763851 43.95  13.233454  -5.862954 13.233
 39     6.852 53585.37763915 43.34  13.232724  -5.866264 13.233
 39     5.118 53585.37763980 42.00  13.231994  -5.869564 13.233
 41     5.311 53655.37762473 39.86  13.229883  -5.860930  9.634
 41     5.202 53655.37762537 46.02  13.229143  -5.864240  9.634
 41     6.806 53655.37762602 39.51  13.228413  -5.867540  9.634
 43     8.887 53725.37754115 40.48  13.234309  -5.862851  5.627
 43     7.715 53725.37754180 46.35  13.233579  -5.866161  5.627
 44     6.104 53760.37748705 45.27  13.238145  -5.862461 12.710
 44     8.092 53760.37748770 42.56  13.237405  -5.865761 12.710
 44     7.741 53760.37748834 43.85  13.236675  -5.869061 12.710
 45     7.873 53795.37750369 26.39  13.235595  -5.861063  7.692
 45     7.873 53795.37750434 27.38  13.234865  -5.864373  7.692
 45     7.705 53795.37750498 28.23  13.234135  -5.867673  7.692
 47     5.467 53865.37756038 34.18  13.228122  -5.862973  8.374
 47     7.497 53865.37756103 33.73  13.227392  -5.866273  8.374
 48     6.418 53900.37758671 40.53  13.230960  -5.860911 11.577
 48     7.433 53900.37758735 41.63  13.230220  -5.864211 11.577
 48     6.767 53900.37758800 42.21  13.229490  -5.867511 11.577
 49   104.632 53935.37762916  9.52  13.221131  -5.862297  7.855
 49   132.582 53935.37762980  6.30  13.220401  -5.865597  7.855
 55     8.708 54145.37753892 11.09  13.230703  -5.862461  6.661
 55     8.860 54145.37753956 17.26  13.229973  -5.865761  6.661
 55     7.124 54145.37754021 28.84  13.229243  -5.869071  6.661
 56     5.871 54180.37752862 20.62  13.231254  -5.861802  6.175
 56     6.590 54180.37752927 24.89  13.230524  -5.865102  6.175
 56     5.402 54180.37752991 24.63  13.229794  -5.868412  6.175
 57     9.277 54215.37754643 30.64  13.230008  -5.862391  9.821
 57     6.144 54215.37754707 41.23  13.229278  -5.865691  9.821
 58     7.772 54250.37757320 20.90  13.230776  -5.860884  9.984
 58     6.825 54250.37757385 28.35  13.230046  -5.864184  9.984
 58     7.379 54250.37757449 38.09  13.229316  -5.867484  9.984
 59     5.494 54285.37758070 13.06  13.232684  -5.862099  7.115
 59     7.722 54285.37758135 20.23  13.231954  -5.865399  7.115
 59     7.941 54285.37758199 27.91  13.231224  -5.868709  7.115
 60     5.834 54320.37757784 20.09  13.232819  -5.862943  6.949
 60     5.951 54320.37757848 28.61  13.232089  -5.866243  6.949
 60     4.621 54320.37757913 31.93  13.231359  -5.869553  6.949
 61    12.123 54355.37753944 20.54  13.233153  -5.862034  7.218
 61     5.202 54355.37754009 19.88  13.232423  -5.865334  7.218
 61     5.827 54355.37754073 18.56  13.231693  -5.868634  7.218
 62     7.720 54390.37751874 24.06  13.231876  -5.863886  4.884
 62     7.439 54390.37751939 34.48  13.231146  -5.867196  4.884
 64     9.489 54460.37749478 13.85  13.231810  -5.863283  5.432
 64     8.447 54460.37749543 21.00  13.231080  -5.866593  5.432
 65     9.151 54495.37749576 12.45  13.232752  -5.862517 10.126
 65     8.434 54495.37749641 21.58  13.232022  -5.865827 10.126
 65     7.938 54495.37749705 28.02  13.231292  -5.869127 10.126
 66     3.905 54530.37750733 29.38  13.233365  -5.861836 10.389
 66     7.669 54530.37750797 39.37  13.232635  -5.865136 10.389
 66     7.315 54530.37750862 43.50  13.231905  -5.868436 10.389
 67     6.469 54565.37750132 23.46  13.232392  -5.861463  7.387
 67     6.080 54565.37750197 22.60  13.231662  -5.864763  7.387
 67     6.392 54565.37750261 21.18  13.230922  -5.868073  7.387
 68     8.343 54600.37750297 13.71  13.230941  -5.863645  8.545
 68     8.371 54600.37750362 22.13  13.230211  -5.866955  8.545
 69     3.743 54635.37751518 20.35  13.230188  -5.861699 10.346
 69     6.384 54635.37751583 30.03  13.229458  -5.864999 10.346
 69     5.825 54635.37751647 34.74  13.228728  -5.868299 10.346
 70     5.203 54670.37751903 16.45  13.230758  -5.861480  6.075
 70     5.023 54670.37751967 15.01  13.230028  -5.864780  6.075
 70     5.510 54670.37752032 15.27  13.229298  -5.868090  6.075
 71     6.875 54705.37748150 37.41  13.233184  -5.863611 10.497
 71     3.074 54705.37748215 43.48  13.232444  -5.866911 10.497
 72     5.730 54740.37748255 16.08  13.231967  -5.860050  5.854
 72     6.566 54740.37748319 13.05  13.231237  -5.863350  5.854
 72     6.560 54740.37748384 12.74  13.230507  -5.866650  5.854
 76     8.095 54880.37747961 29.97  13.230284  -5.860556  9.803
 76     7.130 54880.37748025 39.88  13.229554  -5.863856  9.803
 76     5.360 54880.37748090 39.46  13.228824  -5.867166  9.803
 77     6.736 54915.37746528 13.32  13.230049  -5.862232  7.810
 77     7.284 54915.37746593 21.83  13.229319  -5.865542  7.810
 79     7.615 54985.37749698 11.48  13.229474  -5.860915  8.236
 79     2.624 54985.37749763 21.32  13.228744  -5.864215  8.236
 79     7.255 54985.37749827 28.38  13.228014  -5.867515  8.236
 80     4.176 55020.37749127 28.87  13.232982  -5.861710 10.448
 80     5.734 55020.37749192 33.99  13.232252  -5.865020 10.448
 80     8.002 55020.37749256 31.52  13.231522  -5.868320 10.448
 81     4.374 55055.37748791 20.55  13.232467  -5.863407  9.016
 81     4.048 55055.37748855 20.95  13.231737  -5.866717  9.016
 82     5.410 55090.37744711 34.32  13.231416  -5.861940 10.767
 82     6.126 55090.37744775 30.74  13.230676  -5.865240 10.767
 82     6.982 55090.37744840 30.43  13.229946  -5.868550 10.767
 83     4.576 55125.37742662 22.95  13.231980  -5.862516  8.071
 83     5.645 55125.37742727 19.44  13.231250  -5.865816  8.071
 83     5.324 55125.37742791 20.42  13.230520  -5.869126  8.071
 85   134.365 55195.37741633  0.46  13.231284  -5.860370  2.485
 85   135.439 55195.37741697  4.07  13.230554  -5.863670  2.485
 85   136.591 55195.37741762  4.93  13.229824  -5.866970  2.485
 86     6.239 55230.37741156 17.04  13.230744  -5.862738  7.339
 86     7.140 55230.37741220 20.34  13.230014  -5.866038  7.339
 86     6.356 55230.37741285 21.74  13.229284  -5.869338  7.339
 87     6.898 55265.37741196 34.91  13.231703  -5.863464  8.487
 87     6.629 55265.37741260 33.35  13.230973  -5.866764  8.487
 88     8.452 55300.37739269 28.54  13.232745  -5.863065 11.014
 88     7.929 55300.37739333 38.03  13.232015  -5.866375 11.014
 88     4.836 55300.37739398 39.51  13.231275  -5.869675 11.014
 89     7.930 55335.37738804 41.44  13.231030  -5.861748 11.410
 89     8.014 55335.37738868 40.19  13.230300  -5.865048 11.410
 89     6.512 55335.37738932 42.26  13.229570  -5.868358 11.410
 90     7.253 55370.37737862 41.67  13.232644  -5.861031 15.684
 90     5.833 55370.37737927 43.79  13.231914  -5.864341 15.684
 90     6.650 55370.37737991 42.90  13.231184  -5.867641 15.684
 91     5.924 55405.37739623 12.54  13.232867  -5.860680 10.195
 91     5.454 55405.37739687 20.70  13.232137  -5.863990 10.195
 91     5.230 55405.37739752 22.51  13.231407  -5.867290 10.195
 92     5.051 55440.37739733 19.19  13.232740  -5.862904  9.432
 92     4.992 55440.37739797 18.65  13.232010  -5.866214  9.432
 92     5.687 55440.37739862 17.51  13.231280  -5.869514  9.432
 93     7.034 55475.37734182 33.92  13.233390  -5.861207 13.771
 93     8.228 55475.37734247 29.90  13.232650  -5.864507 13.771
 93     5.168 55475.37734311 31.36  13.231920  -5.867817 13.771
