#  369.003   0.214  11.865 ;Mean Elev.(m), Avg Gradient(m/km), RMS Gradient(m/km) - SRTM1     
#  357.385  -0.088  12.797 ;Mean Elev.(m), Avg Gradient(m/km), RMS Gradient(m/km) - ASTER GDEM
#  371.850   0.132  11.341 ;Mean Elev.(m), Avg Gradient(m/km), RMS Gradient(m/km) - GMTED2010 
 13  24.084228   1.006190   367.340   367.340  2 52673.35022508 50.670
 14  24.084550   1.003849   366.782   366.782  2 52708.35023453 50.984
 15  24.079501   1.006235   366.427   366.225  3 52743.35026434 40.205
 18  24.084356   1.005297   367.043   367.043  2 52848.35033787 50.549
 22  24.093218   1.001981   368.171   368.171  2 52988.35030334 50.903
 24  24.092250   1.003477   367.115   367.115  2 53058.35028530 50.455
 25  24.077733   1.006755   366.277   366.168  3 53093.35032274 44.855
 28  24.085743   1.005874   366.422   366.422  2 53198.35036037 45.732
 30  24.084297   1.006429   366.671   366.671  2 53268.35030166 51.021
 31  24.077662   1.009453   365.139   365.160  3 53303.35035936 11.644
 32  24.084565   1.006891   367.517   367.517  2 53338.35032911 51.488
 33  24.087209   1.005272   368.256   368.256  2 53373.35026279 51.471
 34  24.087169   1.003707   366.991   366.991  2 53408.35030296 50.265
 35  24.085270   1.006192   366.809   366.809  2 53443.35028688 48.950
 38  24.080377   1.007846   365.482   365.454  3 53548.35038929 50.315
 39  24.085689   1.005614   365.123   365.123  2 53583.35035602 50.662
 40  24.082216   1.006661   365.455   365.455  2 53618.35031184 35.414
 41  24.084836   1.006024   365.139   365.090  3 53653.35033388 11.997
 42  24.081713   1.006465   367.681   367.681  2 53688.35033332 51.663
 45  24.088399   1.002993   367.181   367.181  2 53793.35021806 36.912
 46  24.089140   1.004326   367.153   367.114  3 53828.35018800 38.380
 48  24.085338   1.005420   366.810   366.810  2 53898.35029466 51.950
 49  24.076018   1.009474   365.267   364.923  3 53933.35034043 51.170
 50  24.079628   1.007171   365.328   364.917  3 53968.35031346 50.833
 51  24.087810   1.004522   365.832   365.832  2 54003.35028267 50.030
 53  24.086162   1.005197   369.244   369.244  2 54073.35031292 50.944
 54  24.084287   1.007355   368.857   368.857  2 54108.35025962 50.292
 55  24.085217   1.006912   367.523   367.523  2 54143.35024858 51.296
 56  24.084501   1.007343   366.926   366.926  2 54178.35024348 35.001
 57  24.084391   1.007106   368.587   368.587  2 54213.35025569 36.336
 61  24.086149   1.006666   365.867   365.867  2 54353.35025540  8.161
 62  24.085930   1.004177   367.824   367.824  2 54388.35023145 49.767
 64  24.086135   1.004756   368.163   368.163  2 54458.35020585 50.341
 65  24.086059   1.005522   367.779   367.532  3 54493.35020947 47.017
 66  24.086991   1.004244   367.475   367.475  2 54528.35021866 51.374
 67  24.085249   1.007122   368.812   368.812  2 54563.35021619 50.005
 68  24.085135   1.005478   366.602   366.433  3 54598.35021382 45.838
 69  24.084030   1.006516   366.962   366.962  2 54633.35022702 51.341
 71  24.086400   1.004394   366.869   366.869  2 54703.35019738 50.828
 72  24.085525   1.005702   365.661   365.676  3 54738.35019400  9.720
 73  24.085951   1.004047   367.322   367.322  2 54773.35017911 50.681
 74  24.084893   1.006759   367.566   367.566  2 54808.35018703 48.493
 76  24.083711   1.005305   366.727   366.727  2 54878.35019064 22.395
 77  24.083567   1.006585   366.634   366.634  2 54913.35018012 50.970
 82  24.084599   1.006312   365.197   365.197  2 55088.35016306 13.223
 84  24.084090   1.005482   368.455   368.455  2 55158.35012401 50.964
 85  24.084964   1.005559   368.323   368.671  3 55193.35012725 50.233
 86  24.084001   1.005442   367.919   367.919  2 55228.35012609 52.019
 87  24.085887   1.005480   367.848   367.848  2 55263.35012271 26.171
 88  24.085666   1.005622   368.558   368.123  3 55298.35010872 49.573
 89  24.083956   1.005933   367.982   367.982  2 55333.35010104 51.008
 90  24.085738   1.005512   366.689   366.689  2 55368.35009298 48.873
 91  24.085626   1.004422   367.152   367.152  2 55403.35010849 51.331
