#  314.188  -0.742   2.139 ;Mean Elev.(m), Avg Gradient(m/km), RMS Gradient(m/km) - SRTM1     
#  302.869  -1.242   3.947 ;Mean Elev.(m), Avg Gradient(m/km), RMS Gradient(m/km) - ASTER GDEM
#  314.412  -0.382   1.703 ;Mean Elev.(m), Avg Gradient(m/km), RMS Gradient(m/km) - GMTED2010 
  7  18.568303   1.095021   311.460   311.507  3 52473.86470184 48.928
  8  18.572875   1.103535   311.584   311.622  3 52508.86466954 53.018
  9  18.576441   1.106999   311.906   311.906  2 52543.86466302 28.395
 10  18.569415   1.097029   312.787   312.797  3 52578.86470497 51.960
 11  18.569363   1.097706   313.432   313.429  4 52613.86467118 41.049
 12  18.573504   1.104675   313.976   313.963  3 52648.86465364 51.593
 13  18.576884   1.106487   312.434   312.434  2 52683.86463276 53.064
 14  18.569736   1.099632   311.664   311.702  3 52718.86468668 53.524
 16  18.570792   1.100226   312.442   312.446  3 52788.86465841 50.109
 17  18.572174   1.102777   311.863   311.857  4 52823.86472963 51.516
 18  18.573962   1.105138   311.967   311.983  3 52858.86477639 52.018
 19  18.569527   1.096879   312.662   312.662  3 52893.86480623 51.318
 20  18.569438   1.098844   312.790   312.884  3 52928.86475685 46.213
 21  18.575459   1.105351   313.570   313.568  3 52963.86474053 50.393
 22  18.567669   1.095308   313.498   313.528  3 52998.86477566 51.999
 23  18.569592   1.100576   312.401   312.412  4 53033.86472978 51.911
 24  18.572808   1.102633   311.602   311.601  3 53068.86474513 52.958
 25  18.569429   1.097905   311.437   311.474  4 53103.86473089 47.789
 26  18.573654   1.103746   312.191   312.191  2 53138.86475027 54.713
 27  18.570521   1.100135   311.214   311.204  4 53173.86478989 52.618
 28  18.569814   1.100385   310.148   310.105  3 53208.86480628 37.856
 29  18.573684   1.101933   311.722   311.640  3 53243.86477393 50.896
 30  18.570831   1.100944   311.112   311.127  3 53278.86475209 45.894
 31  18.570695   1.099558   312.424   312.431  4 53313.86477761 49.843
 32  18.573831   1.103845   313.067   313.067  2 53348.86474399 52.261
 33  18.571833   1.102209   312.867   312.848  3 53383.86471583 52.711
 34  18.578632   1.107684   312.052   312.052  2 53418.86472440 48.547
 35  18.573476   1.104365   311.222   311.266  3 53453.86472904 53.665
 37  18.573978   1.103973   311.851   311.851  2 53523.86480226 52.699
 39  18.577337   1.106917   311.112   311.112  2 53593.86476625 51.979
 40  18.566714   1.095403   311.234   311.247  3 53628.86475652 48.100
 41  18.569224   1.097278   311.810   311.808  3 53663.86478098 47.932
 42  18.572902   1.102434   313.210   313.210  3 53698.86474133 51.261
 43  18.575719   1.105287   312.091   312.091  2 53733.86466422 53.709
 44  18.576307   1.107398   311.288   311.288  2 53768.86464689 53.429
 45  18.575406   1.104280   311.389   311.501  3 53803.86464283 43.387
 46  18.570875   1.100310   311.863   311.880  4 53838.86466054 51.252
 47  18.572539   1.102001   311.543   311.503  3 53873.86470821 52.779
 48  18.567827   1.095972   311.165   311.154  3 53908.86475111 41.806
 50  18.570220   1.099743   311.563   311.511  4 53978.86472510 31.600
 51  18.572779   1.103633   311.958   311.967  3 54013.86473839 51.791
 52  18.577686   1.106538   312.619   312.619  2 54048.86474514 50.395
 54  18.572241   1.101872   313.483   313.498  4 54118.86466602 51.649
 55  18.570745   1.101446   312.429   312.439  3 54153.86469211 48.711
 56  18.572219   1.102401   312.198   312.189  4 54188.86466098 50.527
 57  18.570698   1.101127   312.168   312.170  4 54223.86470219 51.598
 58  18.571731   1.102252   312.238   312.236  4 54258.86472421 50.827
 59  18.572441   1.103552   311.811   311.811  3 54293.86472723 51.900
 60  18.573271   1.105170   312.155   312.151  3 54328.86472174 51.345
 61  18.572081   1.102775   312.478   312.475  4 54363.86466850 49.907
 62  18.573532   1.102921   313.207   313.193  3 54398.86466163 50.998
 63  18.573093   1.103610   313.609   313.609  3 54433.86461945 51.499
 64  18.574135   1.102551   313.756   313.757  3 54468.86464436 52.614
 65  18.572506   1.103487   312.676   312.675  3 54503.86463479 51.178
 66  18.573302   1.103495   311.901   311.901  4 54538.86465975 50.893
 67  18.572769   1.104088   312.049   312.054  3 54573.86463577 51.868
 68  18.571760   1.102483   311.601   311.605  4 54608.86465309 49.617
 69  18.571634   1.101663   311.850   311.847  3 54643.86466067 47.895
 70  18.570972   1.102098   311.381   311.395  3 54678.86466246 53.179
 71  18.573471   1.103675   311.930   311.934  3 54713.86461508 51.812
 72  18.571149   1.102217   312.132   312.150  4 54748.86463216 50.913
 73  18.572789   1.104206   313.063   313.046  3 54783.86460207 52.042
 74  18.572390   1.102337   313.426   313.419  3 54818.86462435 51.874
 75  18.572897   1.102902   311.808   311.809  3 54853.86459933 20.861
 76  18.570851   1.100609   312.294   312.295  3 54888.86462869 44.047
 77  18.570869   1.101383   311.954   311.969  3 54923.86459835 52.051
 78  18.570777   1.100796   312.626   312.624  4 54958.86462660 51.857
 79  18.569752   1.099780   312.600   312.584  3 54993.86464864 47.934
 80  18.572131   1.101832   311.729   311.720  3 55028.86463868 51.702
 81  18.572549   1.102287   311.336   311.370  3 55063.86463080 51.823
 82  18.571112   1.101878   311.629   311.637  4 55098.86457607 52.184
 83  18.571958   1.101297   312.607   312.602  3 55133.86457432 53.445
 84  18.573407   1.103318   313.264   313.246  3 55168.86453930 50.995
 85  18.571709   1.100855   313.388   313.397  3 55203.86456742 51.545
 86  18.571641   1.102118   312.646   312.638  4 55238.86454636 50.916
 87  18.571774   1.102258   312.965   312.981  3 55273.86456099 51.266
 88  18.572762   1.102682   313.566   313.550  3 55308.86452992 51.597
 89  18.573265   1.101710   313.189   313.179  3 55343.86452998 44.545
 90  18.572429   1.102475   312.459   312.457  3 55378.86452435 49.576
 91  18.572399   1.101943   312.298   312.293  3 55413.86454938 50.457
 92  18.573011   1.102561   311.712   311.676  3 55448.86453796 20.058
 93  18.573675   1.102190   311.717   311.686  3 55483.86446443 51.133
