#  281.151  -0.054   0.760 ;Mean Elev.(m), Avg Gradient(m/km), RMS Gradient(m/km) - SRTM1     
#  264.328  -0.113   2.900 ;Mean Elev.(m), Avg Gradient(m/km), RMS Gradient(m/km) - ASTER GDEM
#  281.028  -0.061   0.601 ;Mean Elev.(m), Avg Gradient(m/km), RMS Gradient(m/km) - GMTED2010 
  8  16.179152  -2.245125   282.376   282.367  8 52478.37086333 42.883
  9  16.188134  -2.266294   282.448   282.440 13 52513.37081041 38.260
 10  16.182188  -2.243242   283.177   283.206  6 52548.37084892 21.079
 11  16.185544  -2.255081   284.782   284.804 11 52583.37084950 51.443
 12  16.181038  -2.244515   286.263   286.264  6 52618.37082268 51.496
 13  16.188201  -2.267726   285.407   285.459 12 52653.37080271 32.843
 14  16.185280  -2.247237   283.332   283.359  7 52688.37079846 41.888
 15  16.184549  -2.244445   282.205   282.172  7 52723.37084427 28.838
 16  16.172318  -2.246774   282.838   282.838  5 52758.37086565 51.265
 17  16.185524  -2.252857   283.048   283.061 11 52793.37081930 49.779
 18  16.186228  -2.258872   282.731   282.728 15 52828.37088816 23.759
 19  16.187325  -2.262140   282.902   282.882 14 52863.37093374 21.905
 20  16.183059  -2.243538   283.783   283.781  6 52898.37095983 53.143
 21  16.181801  -2.244477   284.488   284.510  6 52933.37090541 44.561
 22  16.184912  -2.246047   285.414   285.412  7 52968.37091500 50.726
 23  16.177507  -2.245593   284.927   284.840  7 53003.37093733 29.391
 24  16.180658  -2.244617   283.640   283.642  6 53038.37088626 48.503
 25  16.182594  -2.243069   282.441   282.422  6 53073.37091375 53.458
 26  16.181262  -2.243129   282.297   282.302  6 53108.37088607 52.236
 27  16.183397  -2.244365   282.678   282.737  7 53143.37092323 38.988
 28  16.185057  -2.251862   282.206   282.240 10 53178.37094472 49.675
 29  16.182387  -2.244600   281.932   281.934  6 53213.37096434 29.172
 30  16.185027  -2.245605   282.886   282.896  7 53248.37093348 41.235
 31  16.180432  -2.244218   283.510   283.510  6 53283.37092549 49.821
 32  16.185965  -2.256328   284.558   284.570 13 53318.37092489 51.277
 33  16.186353  -2.260441   284.875   284.888 14 53353.37089200 29.915
 34  16.183232  -2.245519   283.803   283.802  6 53388.37088653 52.737
 35  16.187565  -2.260460   282.396   282.346 14 53423.37088937 25.944
 36  16.186156  -2.258850   282.084   282.083 15 53458.37089414 51.408
 37  16.177266  -2.243779   282.476   282.456  7 53493.37097649 39.938
 38  16.186793  -2.258945   282.507   282.452 14 53528.37095707 27.981
 39  16.177980  -2.245503   282.457   282.455  7 53563.37098495 19.241
 40  16.185672  -2.257128   282.106   282.133 14 53598.37092735 29.116
 41  16.180701  -2.242303   283.152   283.166  6 53633.37092049 18.823
 42  16.179413  -2.245402   283.854   283.828  8 53668.37094330 24.424
 43  16.186644  -2.259066   284.969   284.972 15 53703.37088823 49.789
 44  16.186976  -2.260166   283.575   283.544 14 53738.37079787 28.284
 45  16.187356  -2.259000   282.405   282.351 14 53773.37081202 25.882
 46  16.185809  -2.256595   282.146   282.174 13 53808.37079789 33.244
 48  16.185785  -2.254343   282.169   282.213 12 53878.37086697 36.572
 49  16.178132  -2.244454   282.637   282.636  7 53913.37091858 44.948
 51  16.183883  -2.245216   282.929   282.944  7 53983.37087307 46.671
 52  16.184845  -2.251186   283.215   283.128 10 54018.37090443 27.286
 53  16.188551  -2.267581   284.290   284.282 12 54053.37090079 29.773
 54  16.184883  -2.251424   285.643   285.654 10 54088.37088924 38.104
 55  16.184923  -2.245685   284.307   284.297  6 54123.37081035 51.289
 56  16.183997  -2.245353   282.691   282.698  6 54158.37085187 39.252
 57  16.184693  -2.245929   282.546   282.548  6 54193.37081152 50.538
 58  16.184650  -2.245342   282.773   282.766  7 54228.37086313 51.641
 59  16.185462  -2.244993   282.968   283.020  7 54263.37088198 23.555
 60  16.185255  -2.247537   282.691   282.663  7 54298.37088754 43.027
 61  16.184890  -2.252114   282.860   282.940 10 54333.37087798 32.598
 63  16.185150  -2.246210   284.947   284.957  6 54403.37082052 42.876
 65  16.185094  -2.253639   285.080   285.139 11 54473.37080775 41.163
 66  16.184930  -2.246013   283.589   283.595  7 54508.37078840 51.031
 67  16.184626  -2.252143   282.453   282.487 10 54543.37082169 45.479
 68  16.184922  -2.246032   282.673   282.682  6 54578.37078990 51.836
 69  16.184837  -2.250977   282.602   282.634 10 54613.37081204 38.357
 70  16.184475  -2.244935   282.960   282.947  6 54648.37081815 30.999
 71  16.185067  -2.245649   282.555   282.589  7 54683.37081792 40.098
 72  16.185468  -2.246666   283.586   283.608  7 54718.37076522 33.623
 73  16.184513  -2.245526   284.056   284.070  7 54753.37079153 42.910
 74  16.184460  -2.244662   284.809   284.702  7 54788.37075644 25.688
 75  16.185441  -2.246010   285.263   285.264  7 54823.37078586 45.086
 76  16.185338  -2.246496   283.472   283.474  7 54858.37075204 43.671
 77  16.183663  -2.244635   283.225   283.290  7 54893.37078841 26.057
 78  16.183514  -2.244321   282.515   282.516  6 54928.37074930 52.192
 80  16.182586  -2.244356   283.210   283.229  6 54998.37080840 26.893
 81  16.184226  -2.245588   282.986   282.989  6 55033.37079721 43.016
 82  16.185453  -2.247112   282.627   282.687  7 55068.37078572 32.188
 83  16.183441  -2.244348   283.590   283.587  6 55103.37072434 51.645
 84  16.184894  -2.246199   284.455   284.515  7 55138.37073309 36.695
 85  16.184623  -2.247075   285.706   285.704  7 55173.37069343 49.913
 86  16.184795  -2.245910   284.443   284.474  7 55208.37072760 28.507
 87  16.183836  -2.245153   283.311   283.360  6 55243.37069826 25.789
 88  16.184621  -2.245156   282.974   283.023  7 55278.37072080 29.483
 89  16.184894  -2.245854   283.535   283.542  6 55313.37068349 49.911
 90  16.185352  -2.246520   283.360   283.360  7 55348.37069192 50.406
 91  16.184365  -2.245272   283.142   283.209  6 55383.37068220 30.791
 92  16.185733  -2.245202   283.056   283.013  7 55418.37071013 34.015
 93  16.184446  -2.251843   282.927   283.012 10 55453.37069191 38.355
 94  16.185090  -2.252092   283.670   283.737 10 55488.37061321 35.592
