#  288.245  -0.928   3.694 ;Mean Elev.(m), Avg Gradient(m/km), RMS Gradient(m/km) - SRTM1     
#  273.663  -1.101   5.586 ;Mean Elev.(m), Avg Gradient(m/km), RMS Gradient(m/km) - ASTER GDEM
#  288.000  -0.939   3.479 ;Mean Elev.(m), Avg Gradient(m/km), RMS Gradient(m/km) - GMTED2010 
  7   290.737 52460.87021638 52.16  16.922891  -1.182844 42.397
  7   290.656 52460.87021703 50.43  16.922161  -1.179534 42.397
  7   290.694 52460.87021767 48.61  16.921431  -1.176234 42.397
  7   290.772 52460.87021832 50.78  16.920711  -1.172924 42.397
  7   290.779 52460.87021896 47.98  16.919981  -1.169624 42.397
  7   290.787 52460.87021961 49.84  16.919251  -1.166314 42.397
  8   290.825 52495.87021464 53.46  16.922562  -1.183664 39.751
  8   290.816 52495.87021529 52.96  16.921832  -1.180354 39.751
  8   290.852 52495.87021593 51.50  16.921112  -1.177054 39.751
  8   290.931 52495.87021658 53.38  16.920382  -1.173744 39.751
  8   290.959 52495.87021722 49.37  16.919662  -1.170444 39.751
  8   290.971 52495.87021787 51.82  16.918932  -1.167134 39.751
  8   290.975 52495.87021851 49.26  16.918202  -1.163834 39.751
  9   291.454 52530.87019877 30.05  16.918550  -1.190708 33.292
  9   291.034 52530.87019942 23.07  16.917830  -1.187398 33.292
  9   291.279 52530.87020006 23.00  16.917100  -1.184098 33.292
  9   291.452 52530.87020071 25.56  16.916370  -1.180788 33.292
  9   291.523 52530.87020135 40.10  16.915650  -1.177488 33.292
  9   291.603 52530.87020200 47.83  16.914920  -1.174178 33.292
  9   291.531 52530.87020264 51.26  16.914190  -1.170878 33.292
 10   292.586 52565.87022031 52.59  16.924988  -1.181697 50.803
 10   292.610 52565.87022095 53.30  16.924258  -1.178387 50.803
 10   292.625 52565.87022160 52.13  16.923538  -1.175087 50.803
 10   292.649 52565.87022224 52.91  16.922808  -1.171777 50.803
 10   292.668 52565.87022289 49.43  16.922078  -1.168477 50.803
 10   292.674 52565.87022353 49.84  16.921358  -1.165167 50.803
 10   292.698 52565.87022417 49.98  16.920628  -1.161867 50.803
 11   293.470 52600.87023675 50.76  16.915095  -1.193286 49.181
 11   293.452 52600.87023739 51.87  16.914365  -1.189976 49.181
 11   293.385 52600.87023803 52.51  16.913635  -1.186676 49.181
 11   293.456 52600.87023868 52.49  16.912915  -1.183366 49.181
 11   293.461 52600.87023932 48.74  16.912185  -1.180066 49.181
 11   293.459 52600.87023997 49.86  16.911465  -1.176756 49.181
 13   292.358 52670.87020557 52.64  16.918272  -1.189886 45.131
 13   292.330 52670.87020621 53.88  16.917542  -1.186576 45.131
 13   292.270 52670.87020686 51.61  16.916812  -1.183276 45.131
 13   292.342 52670.87020750 51.37  16.916092  -1.179966 45.131
 13   292.389 52670.87020815 53.00  16.915362  -1.176666 45.131
 13   292.381 52670.87020879 50.42  16.914632  -1.173356 45.131
 13   292.383 52670.87020943 48.10  16.913912  -1.170056 45.131
 14   290.610 52705.87020051 52.58  16.921396  -1.186917 49.153
 14   290.607 52705.87020116 53.22  16.920666  -1.183617 49.153
 14   290.614 52705.87020180 54.46  16.919936  -1.180307 49.153
 14   290.703 52705.87020244 52.26  16.919216  -1.177007 49.153
 14   290.766 52705.87020309 52.54  16.918486  -1.173697 49.153
 14   290.751 52705.87020373 47.23  16.917756  -1.170397 49.153
 14   290.778 52705.87020438 50.31  16.917036  -1.167087 49.153
 15   290.810 52740.87023288 42.89  16.917856  -1.193012 40.213
 15   290.736 52740.87023353 33.65  16.917126  -1.189712 40.213
 15   290.937 52740.87023417 37.43  16.916406  -1.186402 40.213
 15   290.989 52740.87023482 45.55  16.915676  -1.183102 40.213
 15   291.016 52740.87023546 48.97  16.914946  -1.179792 40.213
 15   290.998 52740.87023611 50.68  16.914226  -1.176492 40.213
 15   291.005 52740.87023675 52.93  16.913496  -1.173182 40.213
 16   291.262 52775.87017963 47.73  16.922621  -1.185655 30.517
 16   291.267 52775.87018028 44.33  16.921901  -1.182345 30.517
 16   291.285 52775.87018092 36.81  16.921171  -1.179045 30.517
 16   291.218 52775.87018157 33.18  16.920441  -1.175735 30.517
 16   291.340 52775.87018221 31.37  16.919721  -1.172435 30.517
 16   291.436 52775.87018286 33.32  16.918991  -1.169125 30.517
 16   291.444 52775.87018350 34.39  16.918261  -1.165825 30.517
 17   290.979 52810.87025458 51.84  16.917540  -1.192646 47.087
 17   290.939 52810.87025522 53.42  16.916810  -1.189346 47.087
 17   290.911 52810.87025587 52.69  16.916090  -1.186036 47.087
 17   290.911 52810.87025651 52.39  16.915360  -1.182736 47.087
 17   290.982 52810.87025715 54.75  16.914630  -1.179426 47.087
 17   290.917 52810.87025780 51.91  16.913910  -1.176126 47.087
 17   290.912 52810.87025844 51.91  16.913180  -1.172816 47.087
 18   291.643 52845.87031089 53.76  16.918761  -1.188555 49.435
 18   291.604 52845.87031153 54.71  16.918041  -1.185245 49.435
 18   291.558 52845.87031218 53.44  16.917311  -1.181945 49.435
 18   291.632 52845.87031282 51.98  16.916581  -1.178635 49.435
 18   291.676 52845.87031347 53.17  16.915861  -1.175335 49.435
 18   291.660 52845.87031411 53.23  16.915131  -1.172025 49.435
 19   291.611 52880.87034765 53.50  16.917550  -1.190917 48.823
 19   291.593 52880.87034829 53.11  16.916820  -1.187617 48.823
 19   291.549 52880.87034894 52.46  16.916100  -1.184307 48.823
 19   291.583 52880.87034958 52.10  16.915370  -1.181007 48.823
 19   291.657 52880.87035023 50.85  16.914640  -1.177697 48.823
 19   291.646 52880.87035087 51.58  16.913920  -1.174397 48.823
 19   291.703 52880.87035152 50.85  16.913190  -1.171087 48.823
 20   292.504 52915.87030588 52.76  16.921983  -1.185459 50.601
 20   292.556 52915.87030652 49.76  16.921263  -1.182149 50.601
 20   292.619 52915.87030717 50.75  16.920533  -1.178849 50.601
 20   292.623 52915.87030781 50.54  16.919803  -1.175539 50.601
 20   292.622 52915.87030846 50.08  16.919083  -1.172239 50.601
 20   292.623 52915.87030910 49.04  16.918353  -1.168929 50.601
 20   292.631 52915.87030975 48.96  16.917623  -1.165629 50.601
 21   292.853 52950.87026613 30.79  16.923799  -1.184537 41.435
 21   292.439 52950.87026677 25.33  16.923069  -1.181237 41.435
 21   292.458 52950.87026742 25.00  16.922339  -1.177927 41.435
 21   292.806 52950.87026806 30.93  16.921619  -1.174627 41.435
 21   292.932 52950.87026871 43.33  16.920889  -1.171317 41.435
 21   292.946 52950.87026935 45.19  16.920159  -1.168017 41.435
 21   292.966 52950.87027000 50.33  16.919439  -1.164707 41.435
 22   293.212 52985.87028751 51.47  16.924681  -1.181603 48.073
 22   293.204 52985.87028815 51.72  16.923961  -1.178293 48.073
 22   293.246 52985.87028880 51.91  16.923231  -1.174993 48.073
 22   293.274 52985.87028944 51.97  16.922501  -1.171683 48.073
 22   293.262 52985.87029008 48.69  16.921781  -1.168383 48.073
 22   293.249 52985.87029073 50.70  16.921051  -1.165073 48.073
 22   293.262 52985.87029137 50.00  16.920321  -1.161773 48.073
 23   292.484 53020.87027668 51.95  16.922205  -1.186848 45.154
 23   292.477 53020.87027733 53.36  16.921485  -1.183538 45.154
 23   292.440 53020.87027797 51.66  16.920755  -1.180238 45.154
 23   292.519 53020.87027862 51.78  16.920035  -1.176928 45.154
 23   292.547 53020.87027926 53.99  16.919305  -1.173628 45.154
 23   292.528 53020.87027991 49.26  16.918575  -1.170318 45.154
 23   292.528 53020.87028055 51.10  16.917855  -1.167018 45.154
 24   291.237 53055.87026597 54.14  16.924173  -1.183577 47.698
 24   291.209 53055.87026662 50.47  16.923453  -1.180267 47.698
 24   291.276 53055.87026726 51.30  16.922723  -1.176967 47.698
 24   291.330 53055.87026791 51.44  16.921993  -1.173657 47.698
 24   291.368 53055.87026855 51.36  16.921273  -1.170357 47.698
 24   291.405 53055.87026920 49.63  16.920543  -1.167047 47.698
 24   291.438 53055.87026984 51.78  16.919813  -1.163747 47.698
 25   290.484 53090.87030142 50.16  16.912955  -1.195015 38.449
 25   290.489 53090.87030207 50.46  16.912235  -1.191715 38.449
 25   290.396 53090.87030271 52.24  16.911505  -1.188405 38.449
 25   290.445 53090.87030336 52.95  16.910775  -1.185105 38.449
 25   290.486 53090.87030400 50.42  16.910055  -1.181795 38.449
 25   290.542 53090.87030465 48.37  16.909325  -1.178495 38.449
 26   290.636 53125.87027321 36.57  16.921648  -1.187815 25.624
 26   290.478 53125.87027385 27.13  16.920918  -1.184515 25.624
 26   289.814 53125.87027449 24.22  16.920198  -1.181205 25.624
 26   290.086 53125.87027514 20.64  16.919468  -1.177905 25.624
 26   290.753 53125.87027578 28.06  16.918738  -1.174595 25.624
 26   290.747 53125.87027643 28.99  16.918018  -1.171295 25.624
 26   290.668 53125.87027707 34.96  16.917288  -1.167985 25.624
 27   290.434 53160.87033396 53.37  16.914639  -1.195008 47.342
 27   290.441 53160.87033460 53.09  16.913909  -1.191698 47.342
 27   290.408 53160.87033525 51.96  16.913179  -1.188398 47.342
 27   290.391 53160.87033589 51.32  16.912459  -1.185088 47.342
 27   290.469 53160.87033654 52.06  16.911729  -1.181788 47.342
 27   290.503 53160.87033718 52.94  16.910999  -1.178478 47.342
 28   290.446 53195.87033299 48.70  16.921095  -1.185116 48.823
 28   290.466 53195.87033364 51.46  16.920365  -1.181816 48.823
 28   290.458 53195.87033428 52.59  16.919635  -1.178506 48.823
 28   290.530 53195.87033492 50.77  16.918915  -1.175206 48.823
 28   290.555 53195.87033557 50.18  16.918185  -1.171896 48.823
 28   290.628 53195.87033621 52.09  16.917455  -1.168596 48.823
 29   290.480 53230.87031775 52.08  16.924365  -1.183979 47.340
 29   290.468 53230.87031840 53.64  16.923635  -1.180679 47.340
 29   290.461 53230.87031904 50.77  16.922915  -1.177369 47.340
 29   290.471 53230.87031969 53.71  16.922185  -1.174069 47.340
 29   290.487 53230.87032033 52.87  16.921455  -1.170759 47.340
 29   290.490 53230.87032098 47.02  16.920735  -1.167459 47.340
 29   290.514 53230.87032162 54.31  16.920005  -1.164149 47.340
 30   291.111 53265.87028667 20.84  16.918558  -1.191642 25.385
 30   291.050 53265.87028732 20.39  16.917828  -1.188342 25.385
 30   290.870 53265.87028796 21.20  16.917108  -1.185032 25.385
 30   291.146 53265.87028861 22.33  16.916378  -1.181732 25.385
 30   291.385 53265.87028925 27.25  16.915658  -1.178422 25.385
 30   291.758 53265.87028989 38.07  16.914928  -1.175122 25.385
 30   291.861 53265.87029054 43.52  16.914198  -1.171812 25.385
 31   292.037 53300.87033484 52.96  16.912563  -1.198269 52.929
 31   292.044 53300.87033548 53.18  16.911843  -1.194959 52.929
 31   292.058 53300.87033613 52.52  16.911113  -1.191659 52.929
 31   292.078 53300.87033677 52.11  16.910383  -1.188349 52.929
 31   292.092 53300.87033741 53.19  16.909663  -1.185049 52.929
 31   292.122 53300.87033806 52.70  16.908933  -1.181739 52.929
 31   292.140 53300.87033870 52.36  16.908203  -1.178439 52.929
 32   293.264 53335.87030675 52.86  16.919714  -1.190733 48.651
 32   293.264 53335.87030740 52.65  16.918984  -1.187423 48.651
 32   293.254 53335.87030804 51.80  16.918254  -1.184123 48.651
 32   293.256 53335.87030869 52.18  16.917534  -1.180813 48.651
 32   293.304 53335.87030933 51.30  16.916804  -1.177513 48.651
 32   293.332 53335.87030998 48.12  16.916074  -1.174203 48.651
 32   293.329 53335.87031062 50.66  16.915354  -1.170903 48.651
 33   292.369 53370.87024537 54.13  16.921101  -1.185906 49.219
 33   292.391 53370.87024601 53.22  16.920371  -1.182606 49.219
 33   292.403 53370.87024666 51.43  16.919651  -1.179296 49.219
 33   292.426 53370.87024730 51.72  16.918921  -1.175996 49.219
 33   292.445 53370.87024795 50.20  16.918191  -1.172686 49.219
 33   292.459 53370.87024859 49.68  16.917471  -1.169386 49.219
 34   290.576 53405.87027967 50.25  16.921288  -1.188627 46.468
 34   290.617 53405.87028031 52.75  16.920558  -1.185327 46.468
 34   290.580 53405.87028096 52.96  16.919838  -1.182017 46.468
 34   290.565 53405.87028160 51.27  16.919108  -1.178717 46.468
 34   290.662 53405.87028225 51.72  16.918378  -1.175407 46.468
 34   290.617 53405.87028289 48.93  16.917658  -1.172107 46.468
 34   290.604 53405.87028354 54.03  16.916928  -1.168797 46.468
 35   289.890 53440.87026653 53.73  16.919637  -1.186980 43.619
 35   289.925 53440.87026717 53.22  16.918907  -1.183680 43.619
 35   289.954 53440.87026782 50.22  16.918187  -1.180370 43.619
 35   290.013 53440.87026846 52.59  16.917457  -1.177070 43.619
 35   290.076 53440.87026911 50.19  16.916727  -1.173760 43.619
 35   290.097 53440.87026975 51.34  16.916007  -1.170460 43.619
 36   290.557 53475.87033081 48.74  16.916183  -1.195248 43.755
 36   290.596 53475.87033146 49.58  16.915453  -1.191938 43.755
 36   290.602 53475.87033210 52.00  16.914723  -1.188638 43.755
 36   290.581 53475.87033275 52.15  16.914003  -1.185328 43.755
 36   290.564 53475.87033339 46.74  16.913273  -1.182028 43.755
 36   290.638 53475.87033404 48.80  16.912543  -1.178718 43.755
 36   290.643 53475.87033468 54.13  16.911823  -1.175418 43.755
 37   290.710 53510.87034726 42.69  16.919074  -1.188280 45.832
 37   290.709 53510.87034791 42.37  16.918344  -1.184980 45.832
 37   290.737 53510.87034855 53.17  16.917624  -1.181670 45.832
 37   290.774 53510.87034920 52.96  16.916894  -1.178370 45.832
 37   290.859 53510.87034984 49.49  16.916164  -1.175060 45.832
 37   290.851 53510.87035049 52.72  16.915444  -1.171760 45.832
 38   290.956 53545.87036311 49.33  16.916179  -1.194763 46.589
 38   291.000 53545.87036376 52.95  16.915459  -1.191453 46.589
 38   291.001 53545.87036440 52.38  16.914729  -1.188153 46.589
 38   290.934 53545.87036505 53.41  16.914009  -1.184843 46.589
 38   290.999 53545.87036569 51.90  16.913279  -1.181543 46.589
 38   291.060 53545.87036634 51.91  16.912549  -1.178233 46.589
 38   291.068 53545.87036698 50.30  16.911829  -1.174933 46.589
 39   290.576 53580.87033800 43.19  16.919344  -1.190053 43.325
 39   290.606 53580.87033864 48.36  16.918624  -1.186743 43.325
 39   290.604 53580.87033929 48.96  16.917894  -1.183443 43.325
 39   290.626 53580.87033993 54.26  16.917174  -1.180133 43.325
 39   290.650 53580.87034058 51.91  16.916444  -1.176833 43.325
 39   290.591 53580.87034122 49.16  16.915714  -1.173523 43.325
 39   290.628 53580.87034187 51.02  16.914994  -1.170223 43.325
 40   291.765 53615.87029216 51.17  16.917540  -1.193434 45.905
 40   291.765 53615.87029281 52.10  16.916810  -1.190134 45.905
 40   291.771 53615.87029345 52.01  16.916090  -1.186824 45.905
 40   291.747 53615.87029410 52.32  16.915360  -1.183524 45.905
 40   291.777 53615.87029474 51.80  16.914640  -1.180214 45.905
 40   291.777 53615.87029539 51.54  16.913910  -1.176914 45.905
 40   291.823 53615.87029603 51.32  16.913180  -1.173604 45.905
 41   292.042 53650.87030569 51.72  16.920961  -1.188731 53.245
 41   292.050 53650.87030634 54.97  16.920231  -1.185431 53.245
 41   292.077 53650.87030698 54.51  16.919511  -1.182121 53.245
 41   292.094 53650.87030763 53.41  16.918781  -1.178821 53.245
 41   292.108 53650.87030827 54.12  16.918051  -1.175511 53.245
 41   292.122 53650.87030892 50.52  16.917331  -1.172211 53.245
 41   292.151 53650.87030956 52.02  16.916601  -1.168901 53.245
 42   292.785 53685.87031253 49.99  16.916350  -1.194864 46.287
 42   292.809 53685.87031318 52.08  16.915620  -1.191554 46.287
 42   292.833 53685.87031382 52.07  16.914891  -1.188249 51.159
 42   292.835 53685.87031447 51.66  16.914161  -1.184939 51.159
 42   292.863 53685.87031511 52.05  16.913441  -1.181639 51.159
 42   292.887 53685.87031576 52.14  16.912711  -1.178329 51.159
 42   292.852 53685.87031640 50.54  16.911981  -1.175029 51.159
 43   292.712 53720.87024007 49.49  16.922073  -1.186364 46.738
 43   292.694 53720.87024072 50.49  16.921343  -1.183064 46.738
 43   292.708 53720.87024136 50.38  16.920613  -1.179754 46.738
 43   292.767 53720.87024201 52.99  16.919893  -1.176454 46.738
 43   292.790 53720.87024265 51.04  16.919163  -1.173144 46.738
 43   292.737 53720.87024330 50.00  16.918443  -1.169844 46.738
 43   292.785 53720.87024394 50.08  16.917713  -1.166534 46.738
 44   290.849 53755.87016862 24.21  16.925420  -1.179485 37.599
 44   290.904 53755.87016926 23.88  16.924700  -1.176175 37.599
 44   291.127 53755.87016991 33.79  16.923970  -1.172875 37.599
 44   291.190 53755.87017055 46.28  16.923240  -1.169565 37.599
 44   291.256 53755.87017120 49.52  16.922520  -1.166265 37.599
 44   291.313 53755.87017184 48.27  16.921790  -1.162955 37.599
 44   291.306 53755.87017249 47.79  16.921060  -1.159655 37.599
 44   291.301 53755.87017313 46.89  16.920340  -1.156345 37.599
 45   290.485 53790.87019558 50.66  16.923040  -1.184640 44.517
 45   290.489 53790.87019623 51.97  16.922320  -1.181330 44.517
 45   290.384 53790.87019687 53.26  16.921590  -1.178030 44.517
 45   290.436 53790.87019752 52.47  16.920860  -1.174720 44.517
 45   290.488 53790.87019816 51.55  16.920140  -1.171420 44.517
 45   290.517 53790.87019881 48.42  16.919410  -1.168110 44.517
 45   290.536 53790.87019945 50.19  16.918680  -1.164810 44.517
 46   290.502 53825.87015485 49.47  16.924116  -1.184338 22.151
 46   290.566 53825.87015550 44.00  16.923386  -1.181038 22.151
 46   290.533 53825.87015614 41.20  16.922666  -1.177728 22.151
 46   290.505 53825.87015679 32.91  16.921936  -1.174428 22.151
 46   290.100 53825.87015743 21.93  16.921206  -1.171118 22.151
 46   289.553 53825.87015807 23.71  16.920486  -1.167818 22.151
 46   289.422 53825.87015872 22.48  16.919756  -1.164508 22.151
 48   291.269 53895.87026526 51.36  16.921134  -1.187777 52.580
 48   291.275 53895.87026591 53.49  16.920414  -1.184467 52.580
 48   291.269 53895.87026655 51.27  16.919684  -1.181167 52.580
 48   291.322 53895.87026720 53.45  16.918954  -1.177857 52.580
 48   291.385 53895.87026784 52.41  16.918234  -1.174557 52.580
 48   291.338 53895.87026849 47.09  16.917504  -1.171247 52.580
 48   291.392 53895.87026913 50.73  16.916774  -1.167947 52.580
 49   290.352 53930.87031600 53.52  16.911358  -1.197018 45.377
 49   290.193 53930.87031664 51.40  16.910638  -1.193718 45.377
 49   290.206 53930.87031729 51.51  16.909908  -1.190408 45.377
 49   290.221 53930.87031793 53.34  16.909178  -1.187108 45.377
 49   290.231 53930.87031858 52.28  16.908458  -1.183798 45.377
 49   290.248 53930.87031922 52.56  16.907728  -1.180498 45.377
 50   290.672 53965.87029304 34.48  16.914536  -1.195192 28.616
 50   290.751 53965.87029368 29.07  16.913816  -1.191892 28.616
 50   290.957 53965.87029433 39.84  16.913086  -1.188582 28.616
 50   290.854 53965.87029497 43.85  16.912356  -1.185282 28.616
 50   290.836 53965.87029562 46.34  16.911636  -1.181972 28.616
 50   291.034 53965.87029626 50.31  16.910906  -1.178672 28.616
 51   291.422 54000.87025361 50.37  16.922274  -1.187288 40.869
 51   291.399 54000.87025425 42.54  16.921544  -1.183978 40.869
 51   291.321 54000.87025489 39.63  16.920814  -1.180678 40.869
 51   291.331 54000.87025554 44.12  16.920094  -1.177368 40.869
 51   291.346 54000.87025618 33.99  16.919364  -1.174068 40.869
 51   291.419 54000.87025683 34.03  16.918634  -1.170758 40.869
 51   291.288 54000.87025747 28.30  16.917914  -1.167458 40.869
 52   292.230 54035.87029584 52.70  16.921647  -1.185235 55.625
 52   292.235 54035.87029648 52.93  16.920917  -1.181925 55.625
 52   292.240 54035.87029713 51.79  16.920187  -1.178625 55.625
 52   292.269 54035.87029777 52.30  16.919467  -1.175315 55.625
 52   292.282 54035.87029842 50.76  16.918737  -1.172015 55.625
 52   292.296 54035.87029906 51.31  16.918007  -1.168705 55.625
 52   292.314 54035.87029971 48.87  16.917287  -1.165405 55.625
 53   293.505 54070.87028922 51.41  16.921070  -1.187481 49.445
 53   293.521 54070.87028986 51.70  16.920340  -1.184181 49.445
 53   293.522 54070.87029051 51.38  16.919620  -1.180871 49.445
 53   293.544 54070.87029115 51.55  16.918890  -1.177571 49.445
 53   293.551 54070.87029180 52.11  16.918170  -1.174261 49.445
 53   293.501 54070.87029244 48.89  16.917440  -1.170961 49.445
 53   293.567 54070.87029308 50.70  16.916710  -1.167651 49.445
 54   293.051 54105.87024197 53.82  16.918677  -1.188211 48.919
 54   293.126 54105.87024261 54.90  16.917947  -1.184901 48.919
 54   293.083 54105.87024326 52.18  16.917217  -1.181601 48.919
 54   293.146 54105.87024390 52.69  16.916497  -1.178291 48.919
 54   293.170 54105.87024455 51.26  16.915767  -1.174991 48.919
 54   293.120 54105.87024519 50.52  16.915047  -1.171681 48.919
 56   290.742 54175.87022228 51.77  16.919458  -1.190844 46.587
 56   290.782 54175.87022292 51.42  16.918738  -1.187534 46.587
 56   290.817 54175.87022357 52.32  16.918008  -1.184234 46.587
 56   290.715 54175.87022421 53.64  16.917278  -1.180924 46.587
 56   290.771 54175.87022486 52.08  16.916558  -1.177624 46.587
 56   290.799 54175.87022550 49.41  16.915828  -1.174314 46.587
 56   290.851 54175.87022615 52.73  16.915102  -1.171008 27.921
 57   290.550 54210.87022849 49.33  16.918621  -1.189549 45.535
 57   290.534 54210.87022913 50.34  16.917901  -1.186249 45.535
 57   290.561 54210.87022978 50.66  16.917171  -1.182939 45.535
 57   290.572 54210.87023042 50.14  16.916441  -1.179639 45.535
 57   290.582 54210.87023106 47.05  16.915721  -1.176329 45.535
 57   290.595 54210.87023171 50.71  16.914989  -1.173027 28.913
 57   290.597 54210.87023235 52.59  16.914269  -1.169717 28.913
 58   291.246 54245.87025914 50.50  16.919502  -1.189329 50.703
 58   291.248 54245.87025979 52.32  16.918772  -1.186019 50.703
 58   291.262 54245.87026043 53.21  16.918042  -1.182719 50.703
 58   291.171 54245.87026108 51.48  16.917322  -1.179409 50.703
 58   291.142 54245.87026172 48.05  16.916591  -1.176105 25.532
 58   291.130 54245.87026237 46.88  16.915871  -1.172795 25.532
 58   291.152 54245.87026301 47.22  16.915141  -1.169495 25.532
 59   291.394 54280.87027020 51.09  16.919659  -1.188236 47.680
 59   291.420 54280.87027085 49.51  16.918929  -1.184926 47.680
 59   291.441 54280.87027149 51.47  16.918209  -1.181626 47.680
 59   291.468 54280.87027214 51.45  16.917479  -1.178316 47.680
 59   291.479 54280.87027278 48.83  16.916749  -1.175010 25.696
 59   291.455 54280.87027343 49.42  16.916029  -1.171700 25.696
 59   291.490 54280.87027407 49.96  16.915299  -1.168400 25.696
 60   290.871 54315.87026926 38.97  16.920770  -1.185530 46.748
 60   290.893 54315.87026991 48.24  16.920040  -1.182220 46.748
 60   290.890 54315.87027055 50.84  16.919320  -1.178920 46.748
 60   290.927 54315.87027120 51.53  16.918590  -1.175610 46.748
 60   290.925 54315.87027184 49.43  16.917862  -1.172305 21.142
 60   290.939 54315.87027249 50.20  16.917142  -1.168995 21.142
 61   291.845 54350.87023681 53.82  16.919661  -1.186876 47.397
 61   291.856 54350.87023746 51.61  16.918931  -1.183576 47.397
 61   291.850 54350.87023810 52.83  16.918201  -1.180266 47.397
 61   291.881 54350.87023874 52.25  16.917481  -1.176966 47.397
 61   291.842 54350.87023939 47.70  16.916751  -1.173656 47.397
 61   291.901 54350.87024003 50.06  16.916026  -1.170351 28.661
 62   292.753 54385.87020785 51.80  16.920549  -1.187028 47.550
 62   292.756 54385.87020850 50.36  16.919819  -1.183718 47.550
 62   292.745 54385.87020914 51.75  16.919089  -1.180418 47.550
 62   292.812 54385.87020979 51.72  16.918369  -1.177108 47.550
 62   292.819 54385.87021043 50.27  16.917638  -1.173802 50.610
 62   292.785 54385.87021108 48.49  16.916918  -1.170492 50.610
 62   292.814 54385.87021172 49.42  16.916188  -1.167192 50.610
 63   293.340 54420.87018586 52.97  16.919410  -1.189330 46.536
 63   293.321 54420.87018651 49.72  16.918680  -1.186030 46.536
 63   293.345 54420.87018715 51.19  16.917950  -1.182720 46.536
 63   293.368 54420.87018780 51.53  16.917230  -1.179420 46.536
 63   293.398 54420.87018844 51.25  16.916500  -1.176110 46.536
 63   293.393 54420.87018908 49.43  16.915774  -1.172804 50.557
 63   293.427 54420.87018973 49.67  16.915044  -1.169494 50.557
 64   293.520 54455.87018004 51.64  16.920625  -1.187889 49.371
 64   293.508 54455.87018068 51.08  16.919895  -1.184579 49.371
 64   293.530 54455.87018132 51.42  16.919165  -1.181279 49.371
 64   293.550 54455.87018197 50.48  16.918445  -1.177969 49.371
 64   293.562 54455.87018261 50.73  16.917710  -1.174665 50.063
 64   293.580 54455.87018326 50.55  16.916990  -1.171355 50.063
 64   293.609 54455.87018390 51.99  16.916260  -1.168055 50.063
 65   292.179 54490.87018712 52.86  16.920676  -1.188120 49.801
 65   292.185 54490.87018777 52.11  16.919946  -1.184820 49.801
 65   292.184 54490.87018841 52.87  16.919226  -1.181510 49.801
 65   292.221 54490.87018906 50.67  16.918496  -1.178210 49.801
 65   292.239 54490.87018970 51.64  16.917766  -1.174900 49.801
 65   292.243 54490.87019035 52.38  16.917046  -1.171600 49.801
 65   292.263 54490.87019099 50.61  16.916316  -1.168290 49.801
 66   290.948 54525.87019304 38.34  16.921207  -1.186261 44.824
 66   290.973 54525.87019369 46.88  16.920477  -1.182951 44.824
 66   291.073 54525.87019433 52.73  16.919757  -1.179651 44.824
 66   291.113 54525.87019498 51.12  16.919027  -1.176341 44.824
 66   291.133 54525.87019562 48.87  16.918297  -1.173041 44.824
 66   291.156 54525.87019626 51.27  16.917577  -1.169731 44.824
 66   291.164 54525.87019691 47.04  16.916847  -1.166431 44.824
 67   290.778 54560.87019591 45.36  16.919193  -1.187759 41.869
 67   290.595 54560.87019655 29.82  16.918463  -1.184459 41.869
 67   290.734 54560.87019720 32.58  16.917733  -1.181149 41.869
 67   290.690 54560.87019784 28.35  16.917013  -1.177849 41.869
 67   290.717 54560.87019849 37.46  16.916283  -1.174539 41.869
 67   290.742 54560.87019913 45.05  16.915563  -1.171239 41.869
 68   291.069 54595.87018928 50.43  16.919161  -1.187847 46.337
 68   291.092 54595.87018993 50.03  16.918431  -1.184537 46.337
 68   291.054 54595.87019057 50.91  16.917711  -1.181237 46.337
 68   291.112 54595.87019122 49.19  16.916981  -1.177927 46.337
 68   291.154 54595.87019186 50.64  16.916251  -1.174627 46.337
 68   291.118 54595.87019251 50.04  16.915531  -1.171317 46.337
 69   290.948 54630.87020236 55.44  16.919179  -1.190763 52.206
 69   290.965 54630.87020301 51.59  16.918449  -1.187463 52.206
 69   290.977 54630.87020365 52.94  16.917719  -1.184153 52.206
 69   290.986 54630.87020430 54.51  16.916999  -1.180853 52.206
 69   291.016 54630.87020494 49.75  16.916269  -1.177543 52.206
 69   291.025 54630.87020559 50.70  16.915539  -1.174243 52.206
 69   291.045 54630.87020623 51.88  16.914819  -1.170933 52.206
 70   290.430 54665.87020885 50.48  16.918079  -1.189268 45.118
 70   290.437 54665.87020950 51.64  16.917349  -1.185968 45.118
 70   290.442 54665.87021014 50.84  16.916619  -1.182658 45.118
 70   290.457 54665.87021078 53.17  16.915899  -1.179358 45.118
 70   290.492 54665.87021143 53.49  16.915169  -1.176048 45.118
 70   290.517 54665.87021207 51.13  16.914439  -1.172748 45.118
 71   291.381 54700.87017852 28.13  16.920901  -1.187379 33.333
 71   290.820 54700.87017917 23.90  16.920171  -1.184079 33.333
 71   290.843 54700.87017981 22.33  16.919441  -1.180769 33.333
 71   291.372 54700.87018046 25.46  16.918721  -1.177469 33.333
 71   291.435 54700.87018110 34.63  16.917991  -1.174159 33.333
 71   291.571 54700.87018175 39.50  16.917261  -1.170859 33.333
 71   291.641 54700.87018239 45.58  16.916541  -1.167549 33.333
 72   292.068 54735.87016879 46.26  16.919565  -1.188075 46.120
 72   292.060 54735.87016944 48.47  16.918835  -1.184765 46.120
 72   292.043 54735.87017008 51.10  16.918115  -1.181465 46.120
 72   292.111 54735.87017073 52.64  16.917385  -1.178155 46.120
 72   291.997 54735.87017137 52.88  16.916655  -1.174855 46.120
 72   291.975 54735.87017202 50.98  16.915935  -1.171545 46.120
 73   292.576 54770.87015848 27.46  16.920715  -1.187562 30.235
 73   292.157 54770.87015913 23.66  16.919985  -1.184262 30.235
 73   292.273 54770.87015977 25.56  16.919255  -1.180952 30.235
 73   292.377 54770.87016041 29.53  16.918535  -1.177652 30.235
 73   292.716 54770.87016106 43.60  16.917805  -1.174342 30.235
 73   292.772 54770.87016170 48.73  16.917075  -1.171042 30.235
 73   292.719 54770.87016235 49.24  16.916355  -1.167732 30.235
 74   293.133 54805.87016168 46.27  16.918872  -1.189497 35.033
 74   293.069 54805.87016232 39.70  16.918142  -1.186197 35.033
 74   292.973 54805.87016297 37.49  16.917412  -1.182887 35.033
 74   292.909 54805.87016361 36.86  16.916692  -1.179587 35.033
 74   293.068 54805.87016426 46.10  16.915962  -1.176277 35.033
 74   293.082 54805.87016490 51.32  16.915232  -1.172977 35.033
 74   293.116 54805.87016555 50.78  16.914512  -1.169667 35.033
 75   290.866 54840.87015407 21.73  16.920380  -1.189085 12.299
 75   291.839 54840.87015471 16.99  16.919650  -1.185785 12.299
 75   291.813 54840.87015536 17.31  16.918920  -1.182475 12.299
 75   292.131 54840.87015600 18.42  16.918200  -1.179175 12.299
 75   292.385 54840.87015665 23.50  16.917470  -1.175865 12.299
 75   292.268 54840.87015729 34.93  16.916740  -1.172565 12.299
 75   292.322 54840.87015794 31.31  16.916020  -1.169255 12.299
 76   291.158 54875.87016319 27.36  16.918753  -1.188550  7.829
 76   291.103 54875.87016383 19.07  16.918023  -1.185240  7.829
 76   290.764 54875.87016448 18.38  16.917303  -1.181940  7.829
 76   290.773 54875.87016512 18.43  16.916573  -1.178630  7.829
 76   291.167 54875.87016576 16.76  16.915843  -1.175330  7.829
 76   291.286 54875.87016641 16.47  16.915123  -1.172020  7.829
 77   290.879 54910.87015878 51.82  16.918567  -1.190419 40.671
 77   290.896 54910.87015943 49.34  16.917847  -1.187109 40.671
 77   290.921 54910.87016007 49.51  16.917117  -1.183809 40.671
 77   290.900 54910.87016072 50.15  16.916387  -1.180499 40.671
 77   290.960 54910.87016136 49.50  16.915667  -1.177199 40.671
 77   290.974 54910.87016201 48.80  16.914937  -1.173889 40.671
 77   290.994 54910.87016265 50.06  16.914207  -1.170589 40.671
 78   290.846 54945.87015561 50.14  16.918488  -1.190872 44.014
 78   290.803 54945.87015626 40.27  16.917758  -1.187572 44.014
 78   290.885 54945.87015690 49.41  16.917028  -1.184262 44.014
 78   290.910 54945.87015755 48.90  16.916308  -1.180962 44.014
 78   290.915 54945.87015819 49.26  16.915578  -1.177652 44.014
 78   290.909 54945.87015884 48.95  16.914848  -1.174352 44.014
 78   290.967 54945.87015948 51.10  16.914128  -1.171042 44.014
 79   291.368 54980.87018197 36.04  16.918973  -1.191734 37.151
 79   291.076 54980.87018261 26.12  16.918243  -1.188434 37.151
 79   291.217 54980.87018326 23.71  16.917513  -1.185124 37.151
 79   291.249 54980.87018390 26.11  16.916793  -1.181824 37.151
 79   291.227 54980.87018455 35.33  16.916063  -1.178514 37.151
 79   291.473 54980.87018519 46.17  16.915333  -1.175214 37.151
 79   291.405 54980.87018584 50.92  16.914613  -1.171904 37.151
 80   291.040 55015.87018379 52.28  16.919662  -1.188877 49.745
 80   291.071 55015.87018443 46.50  16.918932  -1.185577 49.745
 80   291.002 55015.87018507 50.59  16.918202  -1.182267 49.745
 80   290.981 55015.87018572 53.63  16.917482  -1.178967 49.745
 80   290.989 55015.87018636 52.56  16.916752  -1.175657 49.745
 80   290.983 55015.87018701 49.46  16.916022  -1.172357 49.745
 80   291.186 55015.87018765 51.32  16.915302  -1.169047 49.745
 81   290.778 55050.87017830 52.08  16.920696  -1.188950 47.309
 81   290.825 55050.87017894 51.64  16.919966  -1.185650 47.309
 81   290.845 55050.87017958 51.14  16.919236  -1.182340 47.309
 81   290.852 55050.87018023 51.49  16.918516  -1.179040 47.309
 81   290.886 55050.87018087 51.95  16.917786  -1.175730 47.309
 81   290.913 55050.87018152 49.80  16.917056  -1.172430 47.309
 81   290.933 55050.87018216 51.38  16.916336  -1.169120 47.309
 82   291.504 55085.87014407 53.03  16.919486  -1.189932 45.123
 82   291.540 55085.87014471 50.51  16.918763  -1.186625 35.144
 82   291.574 55085.87014535 50.87  16.918033  -1.183325 35.144
 82   291.606 55085.87014600 51.32  16.917313  -1.180015 35.144
 82   291.640 55085.87014664 49.61  16.916583  -1.176705 35.144
 82   291.673 55085.87014729 46.73  16.915853  -1.173405 35.144
 82   291.718 55085.87014793 49.96  16.915133  -1.170095 35.144
 83   291.835 55120.87011191 22.20  16.921058  -1.187605 32.157
 83   291.519 55120.87011256 21.52  16.920338  -1.184295 32.157
 83   291.732 55120.87011320 21.41  16.919608  -1.180995 32.157
 83   291.863 55120.87011385 25.50  16.918878  -1.177685 32.157
 83   292.232 55120.87011449 32.88  16.918158  -1.174385 32.157
 83   292.304 55120.87011514 40.28  16.917428  -1.171075 32.157
 83   292.325 55120.87011578 38.89  16.916698  -1.167775 32.157
 84   293.072 55155.87010310 51.88  16.919325  -1.191295 37.206
 84   293.094 55155.87010375 51.85  16.918595  -1.187985 37.206
 84   293.118 55155.87010439 50.48  16.917869  -1.184681 46.960
 84   293.153 55155.87010504 50.07  16.917139  -1.181371 46.960
 84   293.197 55155.87010568 50.59  16.916419  -1.178071 46.960
 84   293.226 55155.87010633 50.16  16.915689  -1.174761 46.960
 84   293.251 55155.87010697 49.27  16.914959  -1.171461 46.960
 85   292.942 55190.87010096 50.90  16.919567  -1.190870 48.454
 85   292.966 55190.87010161 51.56  16.918837  -1.187570 48.454
 85   292.986 55190.87010225 52.80  16.918107  -1.184260 48.454
 85   293.008 55190.87010290 52.06  16.917387  -1.180960 48.454
 85   293.044 55190.87010354 53.20  16.916657  -1.177650 48.454
 85   293.047 55190.87010419 52.80  16.915927  -1.174350 48.454
 85   293.068 55190.87010483 49.93  16.915207  -1.171040 48.454
 86   291.830 55225.87010399 52.82  16.919369  -1.190097 45.866
 86   291.855 55225.87010464 51.65  16.918641  -1.186791 37.038
 86   291.847 55225.87010528 50.46  16.917911  -1.183481 37.038
 86   291.939 55225.87010593 52.20  16.917191  -1.180181 37.038
 86   291.897 55225.87010657 51.67  16.916461  -1.176871 37.038
 86   291.854 55225.87010722 50.67  16.915731  -1.173571 37.038
 86   291.937 55225.87010786 52.36  16.915011  -1.170261 37.038
 87   290.983 55260.87009660 51.99  16.920545  -1.188281 44.040
 87   290.961 55260.87009725 48.53  16.919814  -1.184977 29.629
 87   291.045 55260.87009789 48.14  16.919094  -1.181667 29.629
 87   291.090 55260.87009854 50.70  16.918364  -1.178367 29.629
 87   291.130 55260.87009918 50.60  16.917634  -1.175057 29.629
 87   291.157 55260.87009983 47.88  16.916914  -1.171757 29.629
 87   291.200 55260.87010047 51.30  16.916184  -1.168447 29.629
 88   291.320 55295.87008974 54.24  16.919633  -1.188344 42.559
 88   291.426 55295.87009038 52.19  16.918908  -1.185040 32.383
 88   291.447 55295.87009103 51.68  16.918178  -1.181730 32.383
 88   291.473 55295.87009167 50.21  16.917458  -1.178430 32.383
 88   291.513 55295.87009232 51.92  16.916728  -1.175120 32.383
 88   291.521 55295.87009296 49.15  16.915998  -1.171820 32.383
 88   291.524 55295.87009361 49.45  16.915278  -1.168510 32.383
 89   291.608 55330.87007819 49.99  16.917911  -1.190003 35.359
 89   291.674 55330.87007883 55.75  16.917191  -1.186693 35.359
 89   291.570 55330.87007948 51.89  16.916461  -1.183393 35.359
 89   291.606 55330.87008012 53.67  16.915731  -1.180083 35.359
 89   291.659 55330.87008077 52.80  16.915011  -1.176783 35.359
 89   291.678 55330.87008141 51.61  16.914281  -1.173473 35.359
 89   291.711 55330.87008206 48.94  16.913551  -1.170173 35.359
 90   291.357 55365.87007105 53.15  16.920352  -1.189553 43.157
 90   291.380 55365.87007169 53.93  16.919625  -1.186247 35.912
 90   291.400 55365.87007234 52.17  16.918895  -1.182937 35.912
 90   291.424 55365.87007298 54.05  16.918175  -1.179637 35.912
 90   291.498 55365.87007363 52.04  16.917445  -1.176327 35.912
 90   291.529 55365.87007427 50.47  16.916715  -1.173027 35.912
 90   291.607 55365.87007492 50.36  16.915995  -1.169717 35.912
 91   291.148 55400.87008387 52.95  16.919387  -1.187341 34.461
 91   291.149 55400.87008452 50.99  16.918667  -1.184031 34.461
 91   291.196 55400.87008516 52.47  16.917937  -1.180731 34.461
 91   291.164 55400.87008581 50.68  16.917207  -1.177421 34.461
 91   291.182 55400.87008645 52.19  16.916487  -1.174121 34.461
 91   291.217 55400.87008710 50.91  16.915757  -1.170811 34.461
 92   291.449 55435.87008850 48.25  16.921417  -1.188490 46.067
 92   291.463 55435.87008914 49.84  16.920687  -1.185190 46.067
 92   291.490 55435.87008979 52.36  16.919957  -1.181880 46.067
 92   291.477 55435.87009043 49.37  16.919237  -1.178580 46.067
 92   291.522 55435.87009108 49.99  16.918507  -1.175270 46.067
 92   291.517 55435.87009172 47.75  16.917777  -1.171970 46.067
 92   291.510 55435.87009237 50.41  16.917057  -1.168660 46.067
 93   292.069 55470.87004099 52.94  16.920054  -1.187213 46.749
 93   292.207 55470.87004163 52.86  16.919324  -1.183913 46.749
 93   292.220 55470.87004228 51.25  16.918594  -1.180603 46.749
 93   292.260 55470.87004292 51.65  16.917874  -1.177303 46.749
 93   292.274 55470.87004357 54.52  16.917144  -1.173993 46.749
 93   292.292 55470.87004421 49.54  16.916414  -1.170693 46.749
