#  321.051  -1.365   2.529 ;Mean Elev.(m), Avg Gradient(m/km), RMS Gradient(m/km) - SRTM1     
#  308.569  -1.580   3.999 ;Mean Elev.(m), Avg Gradient(m/km), RMS Gradient(m/km) - ASTER GDEM
#  321.080  -1.360   2.365 ;Mean Elev.(m), Avg Gradient(m/km), RMS Gradient(m/km) - GMTED2010 
  7  19.183704   1.599870   318.608   318.609 13 52456.36411277 51.182
 10  19.187731   1.608551   319.124   319.125  8 52561.36411273 53.198
 12  19.188711   1.609609   320.868   320.870  9 52631.36406333 49.863
 15  19.191925   1.614227   318.975   318.977 11 52736.36409505 50.102
 17  19.184015   1.600182   318.572   318.582 13 52806.36412137 52.114
 18  19.188746   1.610555   318.900   318.911  9 52841.36417900 52.399
 19  19.184989   1.600188   318.731   318.730 13 52876.36421987 49.091
 20  19.198721   1.626597   319.927   319.952  6 52911.36417764 51.102
 23  19.184489   1.599940   319.632   319.637 12 53016.36417200 52.395
 24  19.190978   1.612914   319.091   319.070  9 53051.36414694 52.446
 25  19.174925   1.587584   318.092   318.085  7 53086.36418865 26.156
 26  19.184235   1.599723   318.640   318.654 13 53121.36415579 30.841
 28  19.196238   1.624187   318.219   318.223  6 53191.36419755 50.393
 29  19.192004   1.613950   317.429   317.439 11 53226.36420408 20.894
 30  19.182095   1.599506   318.013   318.005 13 53261.36418090 51.952
 31  19.174215   1.586997   318.360   318.360  7 53296.36421660 52.438
 32  19.188692   1.610901   319.764   319.772  9 53331.36418411 50.696
 34  19.187489   1.609478   318.537   318.555  8 53401.36415820 51.704
 35  19.190102   1.611831   317.902   317.902 10 53436.36414721 48.831
 36  19.182759   1.599895   318.752   318.739 13 53471.36419933 48.453
 37  19.182374   1.598462   318.373   318.367 13 53506.36423327 52.853
 38  19.182794   1.599460   318.152   318.161 13 53541.36423770 33.082
 39  19.183314   1.600118   317.330   317.305 13 53576.36422783 25.065
 40  19.183429   1.600157   318.467   318.410 13 53611.36417922 21.687
 41  19.188986   1.610384   318.622   318.634  9 53646.36418141 51.526
 42  19.179682   1.597795   319.348   319.352 13 53681.36420050 51.584
 43  19.191991   1.613499   319.710   319.723 10 53716.36412479 43.279
 44  19.197201   1.624228   318.603   318.609  6 53751.36404077 51.900
 45  19.194165   1.619974   318.071   318.109  9 53786.36407189 49.610
 46  19.192030   1.614547   318.005   318.007 10 53821.36402913 28.206
 47  19.181545   1.598794   318.456   318.486 12 53856.36412070 25.939
 48  19.196776   1.624697   319.413   319.432  7 53891.36412708 51.298
 49  19.172239   1.584854   317.418   317.425  7 53926.36419749 51.095
 50  19.177765   1.594664   317.936   317.947 12 53961.36418187 51.745
 51  19.191761   1.613296   318.148   318.136 10 53996.36411824 49.497
 52  19.191516   1.614451   318.674   318.661 10 54031.36417197 51.301
 53  19.191148   1.613251   320.345   320.342 10 54066.36416623 51.375
 54  19.187536   1.609182   320.762   320.756  8 54101.36412887 51.226
 55  19.187715   1.608513   319.329   319.323  8 54136.36409382 37.760
 57  19.185118   1.601067   318.488   318.495 13 54206.36410023 30.350
 58  19.188955   1.610779   319.236   319.246  8 54241.36413108 47.528
 59  19.188603   1.610577   319.088   319.129  9 54276.36414651 43.399
 61  19.189409   1.611879   318.664   318.729  9 54346.36412092 28.634
 62  19.188577   1.609570   319.166   319.164  9 54381.36408455 49.524
 63  19.187564   1.608456   320.019   320.019  8 54416.36407086 52.118
 64  19.188087   1.609657   320.427   320.427  8 54451.36405319 51.282
 65  19.190254   1.612098   319.428   319.429  9 54486.36406650 40.202
 66  19.189780   1.611456   318.551   318.544  9 54521.36406618 24.265
 67  19.187799   1.609099   319.060   319.079  9 54556.36407737 51.913
 69  19.187794   1.609658   318.593   318.599  8 54626.36407861 51.676
 70  19.183883   1.600012   317.851   317.843 13 54661.36408822 51.042
 71  19.189690   1.611750   318.600   318.607  9 54696.36406251 52.385
 72  19.188478   1.610670   318.290   318.365  8 54731.36404212 25.270
 73  19.188276   1.609783   319.362   319.371  9 54766.36404241 51.281
 74  19.185065   1.600267   320.368   320.363 12 54801.36403788 49.458
 75  19.187848   1.608750   319.209   319.220  8 54836.36403421 52.137
 76  19.188005   1.609328   318.985   319.019  8 54871.36403468 27.131
 77  19.183808   1.599700   318.540   318.550 12 54906.36404428 19.563
 78  19.187532   1.609929   318.978   318.977  8 54941.36402609 50.985
 79  19.185062   1.600375   319.368   319.365 13 54976.36405693 51.579
 80  19.185455   1.601300   318.347   318.344 13 55011.36406657 46.985
 81  19.188773   1.610341   317.605   317.785  9 55046.36405582 28.095
 82  19.188442   1.609958   317.943   317.997  8 55081.36402932 25.244
 83  19.189017   1.611129   318.974   318.987  9 55116.36398835 46.317
 84  19.184859   1.599666   319.562   319.563 12 55151.36398891 51.921
 85  19.187166   1.608262   320.099   320.099  8 55186.36397434 49.716
 86  19.185093   1.599988   319.689   319.689 13 55221.36398747 50.977
 87  19.189420   1.611640   319.219   319.216  9 55256.36396995 51.548
 88  19.187067   1.607954   319.740   319.742  8 55291.36397374 51.560
 89  19.183922   1.599742   319.563   319.510 12 55326.36395686 39.089
 90  19.187273   1.608701   319.200   319.213  7 55361.36395219 51.921
 91  19.187799   1.609620   318.826   318.836  8 55396.36395811 51.411
 92  19.190506   1.612946   318.656   318.666 10 55431.36396604 18.530
 93  19.189934   1.611750   319.032   319.032  9 55466.36392715 52.004
