#  269.264   0.200   3.054 ;Mean Elev.(m), Avg Gradient(m/km), RMS Gradient(m/km) - SRTM1     
#  259.569  -0.419   4.390 ;Mean Elev.(m), Avg Gradient(m/km), RMS Gradient(m/km) - ASTER GDEM
#  269.141   0.206   3.014 ;Mean Elev.(m), Avg Gradient(m/km), RMS Gradient(m/km) - GMTED2010 
  7  15.406548  -4.154905   248.659   248.658  4 52447.87566085 49.333
  8  15.411737  -4.147843   270.726   270.690  8 52482.87565093 49.731
  9  15.416904  -4.147527   271.003   270.980  6 52517.87560753 46.360
 10  15.410128  -4.149594   271.927   271.877  7 52552.87565683 50.179
 11  15.417733  -4.146178   272.870   272.847  6 52587.87563655 51.045
 12  15.415455  -4.147700   273.793   273.779  6 52622.87559511 49.918
 13  15.417655  -4.146206   273.487   273.478  6 52657.87560844 48.514
 15  15.417656  -4.146650   271.640   271.633  6 52727.87563124 44.262
 16  15.406525  -4.152514   271.654   271.691  5 52762.87564365 48.175
 17  15.420387  -4.142022   271.741   271.739  5 52797.87561369 49.103
 18  15.420030  -4.143174   271.579   271.541  6 52832.87568452 49.115
 19  15.421292  -4.142005   271.319   271.262  5 52867.87572727 30.682
 20  15.415104  -4.150728   271.818   271.842  5 52902.87574303 44.999
 21  15.414439  -4.149810   272.342   272.343  6 52937.87568125 47.334
 22  15.414126  -4.149193   272.997   272.981  6 52972.87571397 48.522
 23  15.410084  -4.148256   272.933   272.938  8 53007.87572358 48.143
 24  15.412550  -4.146093   272.104   272.088  8 53042.87568052 49.309
 25  15.410426  -4.147355   271.370   271.415  7 53077.87571323 48.560
 26  15.409421  -4.146130   271.253   271.260  8 53112.87568388 47.356
 27  15.411743  -4.149714   271.008   270.963  7 53147.87572794 49.340
 28  15.419905  -4.143993   270.586   270.468  5 53182.87572917 49.993
 29  15.414670  -4.149267   270.371   270.397  5 53217.87575222 38.837
 30  15.410917  -4.147851   271.052   271.044  8 53252.87573036 41.466
 31  15.409093  -4.148467   271.458   271.447  6 53287.87573025 50.356
 32  15.421283  -4.142172   272.900   272.903  5 53322.87570693 48.200
 33  15.419380  -4.142559   273.176   273.185  6 53357.87567207 49.674
 34  15.415126  -4.150756   272.085   272.115  5 53392.87568605 46.241
 35  15.417836  -4.142247   271.373   271.372  7 53427.87568226 50.560
 36  15.417925  -4.143351   271.293   271.244  7 53462.87569985 47.789
 37  15.408018  -4.148880   270.965   270.952  6 53497.87577126 31.361
 38  15.417279  -4.142145   271.206   271.186  7 53532.87575427 49.467
 39  15.408772  -4.146779   270.782   270.742  8 53567.87577288 29.641
 40  15.416399  -4.147005   270.820   270.868  6 53602.87571764 31.098
 41  15.412053  -4.147302   271.377   271.377  7 53637.87571586 37.452
 42  15.409819  -4.147159   271.970   271.950  7 53672.87573633 51.215
 43  15.420118  -4.143677   272.917   272.933  5 53707.87566816 47.149
 44  15.418081  -4.146443   272.118   272.107  6 53742.87557898 44.889
 45  15.419412  -4.142358   271.598   271.697  7 53777.87560614 48.280
 46  15.417689  -4.147708   271.295   271.274  6 53812.87558095 50.299
 47  15.412637  -4.148571   271.320   271.276  7 53847.87563607 48.895
 49  15.407430  -4.148705   270.838   270.835  7 53917.87571811 47.613
 50  15.406684  -4.150596   270.568   270.520  5 53952.87572140 51.825
 52  15.417025  -4.150398   271.811   271.791  5 54022.87570046 48.000
 53  15.421180  -4.139401   272.981   272.981  4 54057.87569436 48.938
 54  15.416022  -4.149624   273.645   273.638  5 54092.87567358 49.127
 55  15.416870  -4.146200   272.618   272.613  6 54127.87561100 48.819
 56  15.414550  -4.149488   271.678   271.681  5 54162.87564335 46.999
 57  15.416467  -4.149309   271.265   271.285  5 54197.87561243 32.484
 58  15.416033  -4.146484   271.667   271.636  6 54232.87565741 46.882
 59  15.416298  -4.147729   271.604   271.618  5 54267.87567620 45.573
 60  15.417012  -4.148871   271.219   271.245  5 54302.87567951 49.135
 61  15.416455  -4.149008   271.459   271.478  5 54337.87566520 45.060
 62  15.417166  -4.148992   271.958   272.041  5 54372.87561259 37.519
 63  15.415611  -4.150659   272.819   272.844  5 54407.87561016 49.230
 64  15.416921  -4.146206   273.506   273.513  6 54442.87557327 48.206
 65  15.416623  -4.146369   273.047   273.002  6 54477.87560009 49.157
 66  15.416650  -4.144387   272.113   272.121  7 54512.87558878 50.113
 67  15.415549  -4.147412   271.607   271.596  6 54547.87561360 47.472
 68  15.416681  -4.146478   271.828   271.843  6 54582.87558453 42.854
 69  15.416357  -4.147822   271.397   271.410  5 54617.87560498 40.043
 70  15.414838  -4.150619   271.276   271.257  5 54652.87561620 49.951
 71  15.415736  -4.150266   270.972   270.965  5 54687.87560609 48.272
 72  15.417139  -4.147488   271.825   271.754  6 54722.87556436 36.001
 73  15.414987  -4.147483   272.052   272.150  6 54757.87558204 46.790
 74  15.415965  -4.150540   272.845   272.861  5 54792.87555636 49.766
 75  15.416367  -4.149294   273.171   273.166  5 54827.87557980 47.324
 76  15.417174  -4.149274   272.038   272.072  5 54862.87555125 47.683
 77  15.414562  -4.149046   271.799   271.880  5 54897.87557951 44.185
 79  15.416262  -4.150839   271.787   271.749  5 54967.87558103 46.343
 80  15.412738  -4.147650   271.520   271.539  7 55002.87560129 51.120
 81  15.416926  -4.147501   271.189   271.110  6 55037.87558760 50.027
 82  15.415023  -4.147551   271.067   270.957  6 55072.87557400 48.670
 83  15.415767  -4.148221   271.622   271.625  5 55107.87551997 38.587
 84  15.414844  -4.149446   272.575   272.601  5 55142.87552412 50.174
 85  15.417149  -4.147020   273.401   273.372  6 55177.87549179 50.345
 86  15.415830  -4.149687   272.825   272.800  5 55212.87551911 48.986
 87  15.417112  -4.149005   272.020   271.944  5 55247.87549239 46.341
 88  15.415081  -4.150110   271.941   271.934  6 55282.87551238 46.486
 89  15.414733  -4.150176   272.222   272.252  6 55317.87548261 46.880
 90  15.415846  -4.150567   271.832   271.716  5 55352.87548541 36.279
 91  15.414862  -4.148367   271.437   271.431  6 55387.87548237 48.091
 92  15.416793  -4.148950   271.384   271.248  5 55422.87550331 48.831
 93  15.416008  -4.148254   271.386   271.389  5 55457.87547623 40.711
