#  324.160  -1.636   4.889 ;Mean Elev.(m), Avg Gradient(m/km), RMS Gradient(m/km) - SRTM1     
#  312.335  -2.391   7.502 ;Mean Elev.(m), Avg Gradient(m/km), RMS Gradient(m/km) - ASTER GDEM
#  324.368  -1.588   4.225 ;Mean Elev.(m), Avg Gradient(m/km), RMS Gradient(m/km) - GMTED2010 
  7   324.613 52470.86085605 45.96  19.837944   1.864171 30.578
  7   324.713 52470.86085670 48.94  19.837214   1.867481 30.578
  7   324.755 52470.86085734 51.04  19.836494   1.870791 30.578
  7   324.560 52470.86085799 47.84  19.835764   1.874091 30.578
  7   324.312 52470.86085863 50.22  19.835034   1.877401 30.578
  8   321.994 52505.86083700 51.99  19.839366   1.865160 31.879
  8   321.918 52505.86083764 54.82  19.838636   1.868460 31.879
  8   321.965 52505.86083828 52.86  19.837906   1.871770 31.879
  8   321.948 52505.86083893 49.60  19.837186   1.875080 31.879
  8   321.936 52505.86083957 47.53  19.836456   1.878380 31.879
  9   325.028 52540.86082048 53.44  19.843598   1.872221 36.766
  9   325.005 52540.86082113 50.63  19.842878   1.875521 36.766
  9   325.083 52540.86082177 51.93  19.842148   1.878831 36.766
 10   325.353 52575.86086587 51.65  19.837157   1.862823 41.117
 10   325.298 52575.86086652 55.04  19.836437   1.866123 41.117
 10   325.283 52575.86086716 53.38  19.835707   1.869433 41.117
 10   325.275 52575.86086781 52.10  19.834977   1.872743 41.117
 10   325.251 52575.86086845 51.59  19.834247   1.876043 41.117
 11   326.090 52610.86082809 53.62  19.839666   1.866265 39.000
 11   326.111 52610.86082873 54.86  19.838946   1.869575 39.000
 11   326.139 52610.86082937 52.45  19.838216   1.872875 39.000
 11   326.178 52610.86083002 52.36  19.837486   1.876185 39.000
 12   326.478 52645.86081629 53.46  19.840409   1.866968 40.145
 12   326.458 52645.86081694 53.41  19.839689   1.870278 40.145
 12   326.452 52645.86081758 52.17  19.838959   1.873578 40.145
 12   326.474 52645.86081823 52.92  19.838229   1.876888 40.145
 13   325.124 52680.86079170 33.13  19.845415   1.876827 23.698
 13   325.036 52680.86079235 33.68  19.844695   1.880137 23.698
 15   324.577 52750.86086718 41.53  19.830943   1.860389 37.419
 15   324.542 52750.86086783 38.52  19.830213   1.863699 37.419
 15   324.516 52750.86086912 47.07  19.828763   1.870309 37.419
 16   325.148 52785.86081199 52.53  19.838260   1.867066 35.777
 16   325.140 52785.86081263 52.22  19.837530   1.870366 35.777
 16   325.137 52785.86081328 51.27  19.836800   1.873676 35.777
 16   325.127 52785.86081392 51.53  19.836080   1.876976 35.777
 17   324.418 52820.86088578 49.75  19.839417   1.864907 33.157
 17   324.481 52820.86088643 52.34  19.838687   1.868217 33.157
 17   324.428 52820.86088707 51.80  19.837957   1.871517 33.157
 17   324.357 52820.86088772 51.85  19.837227   1.874827 33.157
 17   324.525 52820.86088836 48.68  19.836507   1.878127 33.157
 18   326.221 52855.86093429 46.73  19.842028   1.869107 33.657
 18   326.253 52855.86093493 44.48  19.841298   1.872407 33.657
 18   326.110 52855.86093558 44.38  19.840568   1.875717 33.657
 18   325.929 52855.86093622 48.01  19.839848   1.879017 33.657
 19   325.075 52890.86096639 21.96  19.836721   1.865474 16.688
 19   325.016 52890.86096703 21.18  19.835991   1.868784 16.688
 19   325.324 52890.86096768 25.11  19.835261   1.872084 16.688
 19   325.289 52890.86096832 29.16  19.834531   1.875394 16.688
 20   325.511 52925.86091941 53.55  19.838880   1.866759 37.859
 20   325.445 52925.86092005 50.63  19.838160   1.870069 37.859
 20   325.452 52925.86092070 51.50  19.837430   1.873369 37.859
 20   325.470 52925.86092134 53.25  19.836700   1.876679 37.859
 21   325.743 52960.86088829 53.06  19.845702   1.874559 39.797
 21   325.783 52960.86088893 53.93  19.844972   1.877869 39.797
 21   325.830 52960.86088958 53.47  19.844252   1.881169 39.797
 22   326.019 52995.86092451 50.00  19.839288   1.867598 37.422
 22   326.057 52995.86092516 49.18  19.838558   1.870898 37.422
 22   326.089 52995.86092580 48.30  19.837828   1.874208 37.422
 22   326.132 52995.86092645 49.08  19.837108   1.877508 37.422
 23   325.064 53030.86088752 50.08  19.840048   1.866404 37.875
 23   325.051 53030.86088816 50.00  19.839318   1.869704 37.875
 23   324.977 53030.86088880 49.72  19.838588   1.873014 37.875
 23   324.914 53030.86088945 48.61  19.837868   1.876314 37.875
 24   324.410 53065.86089523 52.65  19.843439   1.870932 38.216
 24   324.367 53065.86089588 50.92  19.842709   1.874242 38.216
 24   324.379 53065.86089652 51.11  19.841989   1.877542 38.216
 24   324.540 53065.86089717 49.46  19.841259   1.880852 38.216
 25   324.351 53100.86089592 50.54  19.836994   1.864083 35.482
 25   324.350 53100.86089656 53.92  19.836264   1.867383 35.482
 25   324.351 53100.86089721 52.05  19.835534   1.870693 35.482
 25   324.343 53100.86089785 49.22  19.834814   1.874003 35.482
 25   324.328 53100.86089850 47.92  19.834084   1.877303 35.482
 26   325.107 53135.86089746 53.47  19.843849   1.875744 36.737
 26   325.109 53135.86089811 52.03  19.843119   1.879054 36.737
 28   323.349 53205.86096234 55.23  19.838695   1.866598 38.211
 28   323.371 53205.86096298 51.67  19.837965   1.869908 38.211
 28   323.525 53205.86096363 49.40  19.837245   1.873208 38.211
 28   323.550 53205.86096427 51.52  19.836515   1.876518 38.211
 29   324.144 53240.86093107 54.16  19.843367   1.873315 32.942
 29   324.237 53240.86093172 53.10  19.842637   1.876625 32.942
 29   324.323 53240.86093236 50.75  19.841917   1.879925 32.942
 30   323.977 53275.86089911 18.71  19.840538   1.869853 11.298
 30   323.703 53275.86089975 23.21  19.839808   1.873153 11.298
 30   323.185 53275.86090040 20.80  19.839078   1.876463 11.298
 30   323.433 53275.86090104 19.43  19.838358   1.879763 11.298
 31   324.971 53310.86094210 52.93  19.837378   1.864525 35.386
 31   324.884 53310.86094275 54.34  19.836648   1.867825 35.386
 31   324.873 53310.86094339 51.08  19.835928   1.871135 35.386
 31   324.861 53310.86094404 50.03  19.835198   1.874435 35.386
 31   324.945 53310.86094468 51.23  19.834468   1.877745 35.386
 32   325.573 53345.86090879 26.53  19.840830   1.869109 18.418
 32   325.337 53345.86090943 25.48  19.840110   1.872419 18.418
 32   325.222 53345.86091008 24.84  19.839380   1.875719 18.418
 32   325.524 53345.86091072 25.64  19.838650   1.879029 18.418
 33   325.440 53380.86086424 54.07  19.842091   1.869843 40.371
 33   325.511 53380.86086489 52.18  19.841361   1.873153 40.371
 33   325.619 53380.86086553 52.77  19.840641   1.876453 40.371
 33   325.548 53380.86086617 49.97  19.839911   1.879763 40.371
 34   324.432 53415.86088759 52.74  19.844733   1.875501 34.087
 34   324.456 53415.86088824 53.81  19.844003   1.878811 34.087
 34   324.608 53415.86088888 50.29  19.843283   1.882111 34.087
 35   323.878 53450.86088218 52.66  19.841445   1.868102 36.376
 35   323.892 53450.86088282 51.51  19.840715   1.871402 36.376
 35   324.068 53450.86088347 48.86  19.839985   1.874712 36.376
 35   324.048 53450.86088411 51.27  19.839265   1.878012 36.376
 36   324.444 53485.86096625 50.53  19.834049   1.860433 37.188
 36   324.493 53485.86096689 56.36  19.833319   1.863733 37.188
 36   324.544 53485.86096754 52.82  19.832599   1.867043 37.188
 36   324.599 53485.86096818 51.41  19.831869   1.870343 37.188
 36   324.593 53485.86096882 50.79  19.831139   1.873653 37.188
 37   324.554 53520.86096250 54.16  19.841654   1.870283 32.991
 37   324.537 53520.86096314 50.78  19.840924   1.873583 32.991
 37   324.614 53520.86096379 54.43  19.840194   1.876893 32.991
 37   324.647 53520.86096443 49.97  19.839474   1.880193 32.991
 38   324.135 53555.86098513 43.77  19.833952   1.863508 26.738
 38   323.889 53555.86098577 28.58  19.833222   1.866808 26.738
 38   324.132 53555.86098642 31.01  19.832502   1.870118 26.738
 38   324.062 53555.86098706 37.91  19.831772   1.873418 26.738
 39   323.802 53590.86092740 52.18  19.845848   1.875343 31.394
 39   323.884 53590.86092804 55.31  19.845118   1.878643 31.394
 39   323.928 53590.86092869 49.36  19.844388   1.881953 31.394
 39   324.019 53590.86092998 50.11  19.842938   1.888563 31.394
 40   324.205 53625.86090970 27.55  19.834742   1.861422 12.452
 40   324.094 53625.86091034 30.86  19.834017   1.864733 27.358
 40   324.238 53625.86091099 39.15  19.833287   1.868033 27.358
 40   324.223 53625.86091163 41.25  19.832567   1.871343 27.358
 40   324.234 53625.86091228 34.17  19.831837   1.874643 27.358
 41   324.534 53660.86093609 53.12  19.838547   1.864575 39.840
 41   324.522 53660.86093674 56.64  19.837817   1.867885 39.840
 41   324.443 53660.86093738 50.48  19.837087   1.871185 39.840
 41   324.463 53660.86093803 49.25  19.836357   1.874495 39.840
 41   324.588 53660.86093867 49.29  19.835637   1.877795 39.840
 42   325.817 53695.86090731 52.22  19.840462   1.866314 36.479
 42   325.869 53695.86090796 53.31  19.839732   1.869614 36.479
 42   325.893 53695.86090860 50.96  19.839012   1.872924 36.479
 42   325.847 53695.86090925 50.99  19.838282   1.876224 36.479
 42   325.870 53695.86090989 48.28  19.837552   1.879534 36.479
 43   324.854 53730.86083124 50.64  19.843295   1.872515 34.567
 43   324.856 53730.86083188 53.85  19.842575   1.875825 34.567
 43   324.955 53730.86083253 53.81  19.841845   1.879125 34.567
 44   323.940 53765.86080147 19.79  19.844871   1.876196  5.478
 44   323.670 53765.86080211 19.05  19.844151   1.879496  5.478
 45   324.138 53800.86080394 53.12  19.843795   1.872071 33.473
 45   324.090 53800.86080459 53.04  19.843065   1.875371 33.473
 45   324.180 53800.86080523 52.55  19.842335   1.878681 33.473
 46   324.636 53835.86080873 53.78  19.840321   1.869379 34.584
 46   324.598 53835.86080937 52.67  19.839601   1.872689 34.584
 46   324.769 53835.86081002 54.01  19.838871   1.875989 34.584
 46   324.736 53835.86081066 48.65  19.838141   1.879299 34.584
 47   324.255 53870.86086572 21.42  19.839966   1.865951 10.470
 47   324.136 53870.86086636 21.34  19.839246   1.869261 10.470
 47   323.869 53870.86086701 22.86  19.838516   1.872561 10.470
 47   323.879 53870.86086765 23.48  19.837786   1.875871 10.470
 47   323.636 53870.86086829 25.55  19.837066   1.879171 10.470
 48   324.159 53905.86090194 36.81  19.838347   1.863610 24.561
 48   324.296 53905.86090259 34.41  19.837627   1.866920 24.561
 48   324.018 53905.86090323 34.70  19.836897   1.870220 24.561
 48   324.054 53905.86090388 34.38  19.836167   1.873530 24.561
 48   324.245 53905.86090452 40.15  19.835447   1.876830 24.561
 49   323.733 53940.86093294 52.35  19.831617   1.861407 48.165
 49   323.811 53940.86093358 49.97  19.830897   1.864717 48.165
 49   323.883 53940.86093487 50.05  19.829437   1.871327 48.165
 50   324.217 53975.86088988 54.29  19.838434   1.865813 36.574
 50   324.229 53975.86089053 50.22  19.837714   1.869123 36.574
 50   324.243 53975.86089117 50.43  19.836984   1.872423 36.574
 50   324.226 53975.86089182 51.48  19.836254   1.875733 36.574
 51   324.657 54010.86089036 49.50  19.841407   1.868469 26.507
 51   324.513 54010.86089101 42.64  19.840677   1.871769 26.507
 51   324.453 54010.86089165 32.25  19.839957   1.875079 26.507
 51   324.695 54010.86089230 36.55  19.839227   1.878379 26.507
 52   325.122 54045.86090683 31.92  19.844920   1.875495 20.659
 52   325.050 54045.86090748 25.11  19.844200   1.878805 20.659
 52   324.818 54045.86090812 24.17  19.843470   1.882105 20.659
 53   326.885 54080.86089857 54.19  19.840144   1.869565 37.123
 53   326.916 54080.86089921 54.42  19.839414   1.872865 37.123
 53   326.948 54080.86089986 52.13  19.838684   1.876175 37.123
 53   326.950 54080.86090050 47.46  19.837964   1.879485 37.123
 54   325.824 54115.86083211 54.89  19.841041   1.867246 39.470
 54   325.818 54115.86083276 53.66  19.840321   1.870556 39.470
 54   325.839 54115.86083340 54.87  19.839591   1.873866 39.470
 54   325.845 54115.86083405 53.00  19.838861   1.877166 39.470
 55   325.188 54150.86084832 54.41  19.839154   1.868373 32.883
 55   325.199 54150.86084896 52.74  19.838424   1.871683 32.883
 55   325.181 54150.86084961 50.05  19.837704   1.874993 32.883
 55   325.171 54150.86085025 49.33  19.836974   1.878293 32.883
 56   324.948 54185.86082377 52.21  19.841162   1.867383 27.598
 56   324.793 54185.86082442 54.39  19.840432   1.870696 38.630
 56   324.928 54185.86082506 53.36  19.839712   1.873996 38.630
 56   325.019 54185.86082571 49.90  19.838982   1.877306 38.630
 57   324.946 54220.86085717 54.95  19.839278   1.866730 41.050
 57   324.829 54220.86085782 53.70  19.838548   1.870030 41.050
 57   324.877 54220.86085846 53.21  19.837818   1.873340 41.050
 57   324.976 54220.86085911 50.57  19.837098   1.876640 41.050
 58   324.721 54255.86088107 55.36  19.840164   1.866841 38.316
 58   324.772 54255.86088172 53.80  19.839434   1.870151 38.316
 58   324.783 54255.86088236 54.12  19.838704   1.873451 38.316
 58   324.804 54255.86088300 52.77  19.837984   1.876761 38.316
 59   324.541 54290.86088339 52.14  19.841765   1.870339 36.794
 59   324.636 54290.86088403 51.65  19.841035   1.873649 36.794
 59   324.751 54290.86088468 53.72  19.840315   1.876949 36.794
 59   324.784 54290.86088532 51.63  19.839585   1.880259 36.794
 60   324.724 54325.86088095 55.60  19.841726   1.871385 38.821
 60   324.748 54325.86088159 53.43  19.840996   1.874695 38.821
 60   324.821 54325.86088224 52.16  19.840266   1.877995 38.821
 61   325.211 54360.86083269 44.81  19.841581   1.868114 24.966
 61   325.053 54360.86083334 42.50  19.840851   1.871414 24.966
 61   325.019 54360.86083398 39.58  19.840131   1.874724 24.966
 61   325.087 54360.86083463 34.53  19.839401   1.878024 24.966
 62   325.740 54395.86082053 52.37  19.841477   1.869571 37.772
 62   325.796 54395.86082118 53.25  19.840747   1.872881 37.772
 62   325.841 54395.86082182 50.52  19.840017   1.876181 37.772
 62   325.882 54395.86082246 50.01  19.839297   1.879491 37.772
 63   326.216 54430.86078301 51.52  19.841869   1.871097 35.215
 63   326.248 54430.86078366 51.23  19.841139   1.874407 35.215
 63   326.294 54430.86078430 52.48  19.840409   1.877707 35.215
 64   326.237 54465.86080087 50.40  19.841972   1.869225 37.048
 64   326.263 54465.86080152 50.83  19.841242   1.872535 37.048
 64   326.297 54465.86080216 50.14  19.840522   1.875835 37.048
 64   326.332 54465.86080281 51.40  19.839792   1.879145 37.048
 65   325.305 54500.86079587 52.38  19.841321   1.871391 35.220
 65   325.431 54500.86079651 53.87  19.840591   1.874691 35.220
 65   325.506 54500.86079716 50.78  19.839861   1.878001 35.220
 66   324.725 54535.86081566 51.20  19.841889   1.869477 41.216
 66   324.731 54535.86081630 51.96  19.841169   1.872777 41.216
 66   324.729 54535.86081695 52.32  19.840439   1.876087 41.216
 66   324.720 54535.86081759 49.72  19.839709   1.879387 41.216
 67   324.614 54570.86079799 52.24  19.841833   1.868390 38.938
 67   324.657 54570.86079863 53.76  19.841103   1.871700 38.938
 67   324.780 54570.86079928 53.03  19.840383   1.875000 38.938
 67   324.848 54570.86079992 51.63  19.839653   1.878310 38.938
 68   324.450 54605.86081021 47.30  19.839934   1.868811 38.160
 68   324.411 54605.86081085 44.81  19.839214   1.872111 38.160
 68   324.375 54605.86081149 39.45  19.838484   1.875421 38.160
 68   324.540 54605.86081214 44.66  19.837754   1.878721 38.160
 69   324.723 54640.86081948 23.53  19.839782   1.869303  5.316
 69   324.452 54640.86082012 23.67  19.839062   1.872603  5.316
 69   324.420 54640.86082077 23.35  19.838332   1.875913  5.316
 69   324.392 54640.86082141 22.87  19.837602   1.879213  5.316
 70   324.027 54675.86082115 51.36  19.839637   1.866488 41.877
 70   324.035 54675.86082179 49.84  19.838907   1.869798 41.877
 70   324.151 54675.86082244 51.51  19.838187   1.873098 41.877
 70   324.239 54675.86082308 53.05  19.837457   1.876408 41.877
 71   324.714 54710.86077800 50.74  19.842231   1.871297 37.547
 71   324.709 54710.86077865 49.74  19.841511   1.874597 37.547
 71   324.685 54710.86077929 49.48  19.840781   1.877907 37.547
 72   324.801 54745.86078891 50.62  19.840409   1.866566 41.804
 72   324.803 54745.86078955 54.35  19.839679   1.869876 41.804
 72   324.812 54745.86079020 53.74  19.838959   1.873176 41.804
 72   324.816 54745.86079084 52.52  19.838229   1.876486 41.804
 73   325.725 54780.86076216 51.40  19.841554   1.871580 39.615
 73   325.756 54780.86076281 50.76  19.840834   1.874880 39.615
 73   325.771 54780.86076345 51.66  19.840104   1.878190 39.615
 74   325.678 54815.86078235 53.27  19.840350   1.869970 43.265
 74   325.678 54815.86078299 53.45  19.839630   1.873270 43.265
 74   325.685 54815.86078364 53.19  19.838900   1.876580 43.265
 75   324.858 54850.86076078 52.42  19.841018   1.870335 29.342
 75   324.904 54850.86076143 48.38  19.840298   1.873635 29.342
 75   324.907 54850.86076207 41.74  19.839568   1.876945 29.342
 76   325.055 54885.86078548 50.29  19.839973   1.865787 40.307
 76   325.081 54885.86078612 52.21  19.839243   1.869097 40.307
 76   325.102 54885.86078677 52.28  19.838523   1.872397 40.307
 76   325.142 54885.86078741 54.07  19.837793   1.875707 40.307
 76   325.140 54885.86078806 49.31  19.837063   1.879007 40.307
 77   324.461 54920.86076115 18.91  19.839160   1.868029  6.588
 77   324.267 54920.86076179 19.10  19.838430   1.871329  6.588
 77   324.222 54920.86076243 18.35  19.837700   1.874639  6.588
 77   324.350 54920.86076308 18.84  19.836980   1.877939  6.588
 78   325.273 54955.86078211 52.64  19.839237   1.868334 40.330
 78   325.247 54955.86078275 54.07  19.838517   1.871634 40.330
 78   325.210 54955.86078340 51.72  19.837787   1.874944 40.330
 78   325.265 54955.86078404 50.90  19.837057   1.878244 40.330
 79   325.210 54990.86080470 51.24  19.838634   1.863972 37.627
 79   325.246 54990.86080534 52.35  19.837904   1.867282 37.627
 79   325.284 54990.86080599 51.18  19.837184   1.870582 37.627
 79   325.310 54990.86080663 51.08  19.836454   1.873892 37.627
 79   325.334 54990.86080728 48.70  19.835724   1.877192 37.627
 80   324.459 55025.86079631 53.35  19.841411   1.869436 37.675
 80   324.615 55025.86079695 51.29  19.840691   1.872736 37.675
 80   324.662 55025.86079760 49.93  19.839961   1.876046 37.675
 80   324.709 55025.86079824 51.20  19.839231   1.879346 37.675
 81   324.084 55060.86079034 23.57  19.840508   1.869818  5.616
 81   323.727 55060.86079098 18.86  19.839788   1.873118  5.616
 81   323.686 55060.86079163 17.75  19.839058   1.876428  5.616
 81   323.881 55060.86079227 17.48  19.838328   1.879728  5.616
 82   324.424 55095.86074055 52.18  19.840467   1.867948 36.806
 82   324.469 55095.86074119 51.11  19.839737   1.871258 36.806
 82   324.491 55095.86074184 51.56  19.839017   1.874558 36.806
 82   324.485 55095.86074248 51.27  19.838287   1.877868 36.806
 83   325.190 55130.86073162 53.40  19.840742   1.866341 39.142
 83   325.189 55130.86073226 52.63  19.840012   1.869651 39.142
 83   325.276 55130.86073291 52.57  19.839292   1.872951 39.142
 83   325.371 55130.86073355 52.15  19.838562   1.876261 39.142
 83   325.410 55130.86073420 47.92  19.837832   1.879561 39.142
 84   325.905 55165.86070228 52.27  19.841872   1.869352 39.621
 84   325.802 55165.86070293 52.01  19.841142   1.872662 39.621
 84   325.835 55165.86070357 51.84  19.840422   1.875962 39.621
 84   325.865 55165.86070421 51.75  19.839692   1.879272 39.621
 85   325.709 55200.86072437 52.82  19.839737   1.868343 43.550
 85   325.714 55200.86072501 52.09  19.839017   1.871643 43.550
 85   325.730 55200.86072565 51.02  19.838287   1.874953 43.550
 85   325.749 55200.86072630 51.44  19.837557   1.878253 43.550
 86   325.230 55235.86070808 51.83  19.840726   1.867096 36.362
 86   325.231 55235.86070873 51.45  19.839996   1.870406 36.362
 86   325.332 55235.86070937 49.22  19.839276   1.873706 36.362
 86   325.335 55235.86071002 48.81  19.838546   1.877016 36.362
 87   325.595 55270.86071801 53.01  19.840857   1.867288 37.352
 87   325.618 55270.86071866 50.29  19.840127   1.870598 37.352
 87   325.617 55270.86071930 50.66  19.839407   1.873898 37.352
 87   325.625 55270.86071995 50.63  19.838677   1.877208 37.352
 88   326.092 55305.86069042 51.52  19.841535   1.870698 39.954
 88   326.110 55305.86069107 52.60  19.840815   1.873998 39.954
 88   326.139 55305.86069171 53.72  19.840085   1.877308 39.954
 89   325.623 55340.86069007 27.83  19.840833   1.868897 16.299
 89   325.441 55340.86069071 23.74  19.840113   1.872197 16.299
 89   325.329 55340.86069136 23.65  19.839383   1.875507 16.299
 89   325.578 55340.86069200 25.00  19.838653   1.878807 16.299
 90   325.145 55375.86068245 26.76  19.841100   1.869971 15.409
 90   324.807 55375.86068309 20.38  19.840380   1.873271 15.409
 90   324.785 55375.86068374 20.12  19.839650   1.876581 15.409
 90   325.042 55375.86068438 20.51  19.838920   1.879881 15.409
 91   324.949 55410.86070489 51.90  19.841544   1.868637 35.786
 91   324.982 55410.86070554 51.18  19.840824   1.871937 35.786
 91   325.000 55410.86070618 51.41  19.840094   1.875247 35.786
 91   325.020 55410.86070683 50.44  19.839364   1.878547 35.786
 92   324.476 55445.86069871 53.07  19.840923   1.870295 37.310
 92   324.522 55445.86069935 50.19  19.840203   1.873595 37.310
 92   324.528 55445.86070000 49.68  19.839473   1.876905 37.310
 93   324.614 55480.86063173 52.05  19.842050   1.870088 32.790
 93   324.640 55480.86063238 51.59  19.841320   1.873398 32.790
 93   324.669 55480.86063302 48.65  19.840600   1.876698 32.790
 93   324.685 55480.86063367 48.28  19.839870   1.880008 32.790
