#  287.972  -0.797   4.321 ;Mean Elev.(m), Avg Gradient(m/km), RMS Gradient(m/km) - SRTM1     
#  273.844  -0.060   5.619 ;Mean Elev.(m), Avg Gradient(m/km), RMS Gradient(m/km) - ASTER GDEM
#  288.000  -1.084   4.186 ;Mean Elev.(m), Avg Gradient(m/km), RMS Gradient(m/km) - GMTED2010 
  7  16.930152  -1.215899   290.540   290.547  5 52460.87020994 52.187
  8  16.929826  -1.216716   290.744   290.749  5 52495.87020820 53.486
  9  16.924004  -1.215495   291.239   291.324  6 52530.87019394 41.936
 10  16.932619  -1.216400   292.394   292.393  4 52565.87021354 53.647
 11  16.920906  -1.219732   293.306   293.272  5 52600.87023159 51.886
 13  16.923718  -1.214676   292.220   292.220  6 52670.87020073 52.059
 14  16.927932  -1.216669   290.652   290.648  5 52705.87019471 52.246
 15  16.923669  -1.219460   290.718   290.718  5 52740.87022773 52.532
 16  16.929159  -1.215403   291.274   291.291  5 52775.87017383 52.752
 17  16.923356  -1.219093   290.831   290.836  5 52810.87024942 52.466
 18  16.924942  -1.216647   291.620   291.618  6 52845.87030541 51.860
 19  16.923361  -1.217364   291.473   291.449  5 52880.87034249 53.819
 20  16.928523  -1.215204   292.467   292.430  5 52915.87030008 51.398
 21  16.930702  -1.215941   292.802   292.807  4 52950.87026001 49.642
 22  16.932312  -1.216307   293.136   293.143  4 52985.87028074 50.967
 23  16.928747  -1.216592   292.299   292.303  5 53020.87027088 53.453
 24  16.931807  -1.218283   291.215   291.209  4 53055.87025920 52.361
 25  16.918765  -1.221460   290.328   290.339  5 53090.87029627 52.037
 26  16.927825  -1.215912   290.600   290.592  6 53125.87026773 51.373
 27  16.920085  -1.219798   290.214   290.219  4 53160.87032912 51.362
 28  16.927631  -1.214869   290.535   290.534  5 53195.87032719 52.375
 29  16.931630  -1.217037   290.493   290.493  3 53230.87031131 50.763
 30  16.924002  -1.216438   291.163   291.089  6 53265.87028184 30.530
 31  16.917289  -1.219754   291.920   291.916  4 53300.87033065 52.980
 32  16.925156  -1.215523   293.173   293.170  6 53335.87030192 52.038
 33  16.927634  -1.215662   292.241   292.240  5 53370.87023957 53.149
 34  16.927101  -1.215075   290.522   290.544  5 53405.87027451 51.888
 35  16.925807  -1.215081   289.890   289.886  6 53440.87026105 52.391
 36  16.921629  -1.220036   290.437   290.436  4 53475.87032598 52.529
 37  16.925248  -1.216379   290.790   290.787  6 53510.87034178 51.620
 38  16.921632  -1.219554   290.897   290.917  4 53545.87035828 52.670
 39  16.924798  -1.214844   290.494   290.500  6 53580.87033316 51.300
 40  16.922985  -1.218230   291.623   291.633  4 53615.87028733 52.390
 41  16.926774  -1.215178   292.008   292.014  5 53650.87030054 53.986
 42  16.921792  -1.219649   292.713   292.714  4 53685.87030770 52.563
 43  16.928606  -1.216120   292.545   292.538  5 53720.87023427 51.553
 44  16.933782  -1.217493   291.120   291.119  4 53755.87016120 48.629
 45  16.929945  -1.216040   290.376   290.377  4 53790.87018946 51.532
 46  16.931021  -1.215741   290.372   290.376  4 53825.87014873 49.318
 48  16.927312  -1.215869   291.262   291.259  6 53895.87025978 52.740
 49  16.916812  -1.221814   290.114   290.106  4 53930.87031116 53.918
 50  16.919989  -1.219988   290.774   290.790  4 53965.87028820 47.934
 51  16.928814  -1.217031   291.305   291.318  5 54000.87024780 48.916
 52  16.928184  -1.214981   292.146   292.149  5 54035.87029004 53.411
 53  16.927246  -1.215581   293.417   293.417  6 54070.87028374 51.661
 54  16.924844  -1.216306   293.006   293.006  6 54105.87023649 51.907
 56  16.924906  -1.215629   290.715   290.723  6 54175.87021744 51.982
 57  16.924436  -1.215992   290.464   290.456  5 54210.87022333 51.851
 58  16.925312  -1.215766   291.057   291.074  5 54245.87025398 52.973
 59  16.925832  -1.216326   291.261   291.242  6 54280.87026472 53.214
 60  16.927305  -1.215273   290.943   290.941  5 54315.87026346 49.549
 61  16.925829  -1.214971   291.665   291.655  6 54350.87023133 51.991
 62  16.926722  -1.215118   292.635   292.637  6 54385.87020238 51.979
 63  16.925215  -1.215773   293.294   293.291  5 54420.87018070 51.756
 64  16.926798  -1.215979   293.332   293.331  6 54455.87017456 52.378
 65  16.926483  -1.214568   292.235   292.234  5 54490.87018196 51.796
 66  16.927748  -1.216005   290.974   290.972  5 54525.87018724 51.860
 67  16.925362  -1.215856   290.617   290.616  6 54560.87019043 51.541
 68  16.925336  -1.215940   290.960   290.959  6 54595.87018380 52.377
 69  16.924626  -1.215556   290.980   290.971  6 54630.87019753 52.099
 70  16.924251  -1.217365   290.469   290.469  6 54665.87020337 53.235
 71  16.927068  -1.215478   291.374   291.378  6 54700.87017304 49.111
 72  16.925742  -1.216168   291.962   291.964  6 54735.87016331 51.877
 73  16.926885  -1.215662   292.414   292.486  6 54770.87015300 38.646
 74  16.924684  -1.215939   293.031   292.987  5 54805.87015652 52.680
 75  16.926185  -1.215530   291.985   291.904  5 54840.87014891 29.675
 76  16.924929  -1.216643   290.981   290.942  6 54875.87015771 25.844
 77  16.924015  -1.215206   290.820   290.822  6 54910.87015395 51.065
 78  16.923934  -1.215664   290.743   290.740  6 54945.87015078 51.671
 79  16.924418  -1.216527   291.201   291.189  6 54980.87017713 43.426
 80  16.925467  -1.215322   290.947   290.944  5 55015.87017863 53.160
 81  16.926501  -1.215394   290.717   290.723  5 55050.87017314 52.259
 82  16.925296  -1.216375   291.514   291.489  5 55085.87013891 52.477
 83  16.927238  -1.215700   291.959   292.085  6 55120.87010643 43.261
 84  16.924768  -1.216080   293.033   293.050  6 55155.87009827 46.316
 85  16.925014  -1.215663   292.801   292.803  6 55190.87009613 53.372
 86  16.924816  -1.214887   291.820   291.826  6 55225.87009916 51.968
 87  16.926355  -1.214724   290.993   290.988  5 55260.87009145 51.759
 88  16.925806  -1.216439   291.309   291.299  6 55295.87008426 51.516
 89  16.923726  -1.216446   291.545   291.535  5 55330.87007303 52.538
 90  16.926162  -1.215996   291.443   291.443  5 55365.87006589 51.421
 91  16.925568  -1.215434   291.071   291.076  6 55400.87007839 51.349
 92  16.927225  -1.214936   291.376   291.365  5 55435.87008334 51.553
 93  16.926221  -1.215313   292.099   292.099  6 55470.87003551 50.927
