#  354.001  -2.712   8.968 ;Mean Elev.(m), Avg Gradient(m/km), RMS Gradient(m/km) - SRTM1     
#  366.846  -2.777   9.790 ;Mean Elev.(m), Avg Gradient(m/km), RMS Gradient(m/km) - ASTER GDEM
#  354.750  -2.765   7.699 ;Mean Elev.(m), Avg Gradient(m/km), RMS Gradient(m/km) - GMTED2010 
  7  22.699980   1.937831   350.249   350.268  3 52464.85287250 44.297
  8  22.699391   1.939139   349.946   349.946  2 52499.85286859 37.301
  9  22.695733   1.940209   350.624   350.650  3 52534.85285627 51.249
 10  22.699187   1.938445   350.972   350.943  3 52569.85288619 51.151
 11  22.697795   1.939653   352.072   352.072  2 52604.85286534 51.234
 12  22.696379   1.940855   352.278   352.227  3 52639.85284946 50.937
 13  22.699421   1.937988   351.184   351.184  2 52674.85284318 52.883
 14  22.697563   1.940047   350.461   350.461  2 52709.85286194 50.045
 15  22.690341   1.946332   350.673   350.668  3 52744.85289150 51.758
 16  22.696789   1.939872   351.121   351.121  2 52779.85282660 53.094
 17  22.694815   1.942136   350.227   350.225  3 52814.85291022 52.801
 18  22.698517   1.938965   350.729   350.729  2 52849.85296196 54.185
 19  22.694702   1.941523   351.068   351.049  3 52884.85299770 52.104
 20  22.699701   1.938163   351.145   351.145  2 52919.85295303 53.837
 21  22.704984   1.934831   351.584   351.584  2 52954.85291578 52.704
 22  22.708203   1.933892   351.952   351.952  2 52989.85292641 52.966
 23  22.707821   1.934494   351.030   351.030  2 53024.85290466 51.950
 24  22.708482   1.934913   350.539   350.539  2 53059.85290512 52.912
 25  22.691281   1.943865   350.189   350.193  3 53094.85294304 51.481
 26  22.706068   1.933355   350.958   350.958  2 53129.85291295 53.347
 28  22.698588   1.939565   349.347   349.347  2 53199.85298558 35.476
 29  22.708404   1.934560   349.769   349.769  2 53234.85295396 51.811
 30  22.698299   1.938911   349.905   349.905  2 53269.85291947 49.783
 31  22.690049   1.945671   350.157   350.137  3 53304.85298278 52.640
 32  22.698338   1.939076   351.344   351.344  2 53339.85294976 51.068
 33  22.702758   1.936406   351.415   351.405  3 53374.85288012 50.742
 34  22.702711   1.935505   350.488   350.488  2 53409.85292315 53.128
 35  22.699755   1.938500   350.196   350.216  3 53444.85290669 50.794
 36  22.691819   1.942691   350.566   350.521  3 53479.85298791 50.263
 37  22.698850   1.938360   350.654   350.642  3 53514.85299405 52.356
 38  22.692525   1.942882   350.051   350.055  3 53549.85301425 51.950
 39  22.701222   1.937347   349.488   349.488  2 53584.85297398 52.525
 40  22.695830   1.940889   350.287   350.336  3 53619.85293179 50.396
 41  22.697512   1.940472   350.160   350.131  3 53654.85295895 52.570
 42  22.695995   1.941015   351.600   351.586  3 53689.85295289 52.686
 43  22.702184   1.937385   350.946   350.946  2 53724.85287640 52.891
 44  22.707617   1.933380   350.333   350.333  2 53759.85281940 53.443
 45  22.703685   1.935759   350.079   350.079  2 53794.85283810 49.721
 46  22.702859   1.936724   350.792   350.792  2 53829.85281587 54.005
 47  22.695513   1.941741   350.365   350.373  3 53864.85289527 52.084
 48  22.698346   1.939788   350.172   350.186  3 53899.85292100 51.105
 49  22.686973   1.947296   349.754   349.748  3 53934.85296586 52.188
 50  22.693058   1.943624   349.897   349.902  3 53969.85293421 51.728
 51  22.701992   1.936009   350.353   350.353  2 54004.85290791 50.516
 52  22.703214   1.935385   350.843   350.843  2 54039.85293909 53.867
 53  22.700465   1.937923   352.826   352.832  3 54074.85293368 51.185
 54  22.698259   1.939729   351.860   351.820  3 54109.85287853 51.234
 55  22.698658   1.939389   351.112   351.112  2 54144.85287306 51.380
 56  22.698654   1.938918   351.037   351.037  2 54179.85286360 52.159
 57  22.697846   1.939393   350.786   350.766  3 54214.85288058 52.345
 58  22.698004   1.939356   350.734   350.679  3 54249.85290858 31.961
 59  22.700628   1.936726   350.422   350.422  2 54284.85291523 50.637
 60  22.701343   1.936071   350.501   350.501  2 54319.85291205 52.580
 61  22.700744   1.937134   350.718   350.766  3 54354.85287500  9.315
 62  22.700598   1.936981   351.609   351.609  2 54389.85285260 51.057
 63  22.699702   1.938761   351.619   351.619  2 54424.85282502 28.261
 64  22.700622   1.936756   351.965   351.965  2 54459.85282833 52.435
 65  22.700596   1.938524   351.410   351.410  2 54494.85283025 53.908
 66  22.701736   1.937068   350.541   350.541  2 54529.85284107 52.040
 67  22.699422   1.938853   350.964   350.964  2 54564.85283703 53.200
 68  22.698829   1.939256   350.459   350.459  2 54599.85283769 52.069
 69  22.697607   1.939968   350.715   350.715  2 54634.85284995 51.083
 70  22.698135   1.938972   349.861   349.866  3 54669.85285418 50.488
 71  22.701379   1.936176   350.466   350.466  2 54704.85281667 52.409
 72  22.699446   1.938827   350.619   350.619  2 54739.85281726 53.128
 73  22.701330   1.936846   351.346   351.346  2 54774.85279737 48.923
 74  22.698938   1.938872   351.222   351.225  3 54809.85281027 51.609
 75  22.699635   1.938145   350.728   350.761  3 54844.85279687 51.409
 76  22.697666   1.940269   351.090   351.097  3 54879.85281398 51.193
 77  22.697552   1.939418   350.819   350.819  2 54914.85280036 51.481
 79  22.696873   1.939538   351.100   351.078  3 54984.85283193 51.117
 80  22.700546   1.938267   350.384   350.384  2 55019.85282623 52.785
 81  22.700480   1.937819   349.871   349.871  2 55054.85282284 51.892
 82  22.698769   1.938390   350.107   350.107  2 55089.85278285 53.144
 83  22.700623   1.937057   350.671   350.671  2 55124.85276001 33.547
 84  22.698525   1.939493   351.700   351.700  2 55159.85274356 53.741
 85  22.698903   1.938806   351.711   351.711  2 55194.85275094 51.908
 86  22.698342   1.939601   351.044   351.086  3 55229.85274627 26.340
 87  22.700241   1.937914   351.610   351.610  2 55264.85274536 53.117
 88  22.700474   1.936975   351.926   351.926  2 55299.85272836 53.161
 89  22.698134   1.939564   351.702   351.702  2 55334.85272359 51.723
 90  22.700206   1.938269   350.931   350.931  2 55369.85271366 51.827
 91  22.700552   1.937207   350.443   350.443  2 55404.85273099 51.771
 92  22.700709   1.937745   349.928   349.928  2 55439.85273235 51.490
 93  22.701036   1.936573   350.529   350.529  2 55474.85267717 51.567
