#  281.003  -0.556   2.422 ;Mean Elev.(m), Avg Gradient(m/km), RMS Gradient(m/km) - SRTM1     
#  264.223  -2.155   3.365 ;Mean Elev.(m), Avg Gradient(m/km), RMS Gradient(m/km) - ASTER GDEM
#  281.000  -0.548   2.475 ;Mean Elev.(m), Avg Gradient(m/km), RMS Gradient(m/km) - GMTED2010 
  8  16.188238  -2.203809   282.615   282.698 17 52478.37085527 33.738
  9  16.205213  -2.188621   282.393   282.313  8 52513.37079526 19.531
 10  16.190917  -2.203581   283.563   283.540 18 52548.37084118 17.914
 11  16.196449  -2.205500   285.104   285.107 19 52583.37083983 49.893
 12  16.189759  -2.204854   286.417   286.417 18 52618.37081495 51.812
 13  16.205653  -2.188404   285.195   285.105  8 52653.37078724 26.744
 14  16.194363  -2.205920   283.624   283.639 18 52688.37079040 39.925
 15  16.193275  -2.204780   282.644   282.688 17 52723.37083653 16.842
 16  16.182128  -2.202156   283.146   283.142 18 52758.37085695 50.797
 17  16.196071  -2.204933   283.389   283.467 18 52793.37080995 39.592
 18  16.198231  -2.204340   283.135   283.148 18 52828.37087752 20.590
 19  16.202960  -2.191078   283.470   283.466  9 52863.37091988 17.886
 20  16.191781  -2.203877   284.112   284.109 18 52898.37095209 50.698
 21  16.190520  -2.204815   284.788   284.787 18 52933.37089767 50.475
 22  16.194002  -2.204732   285.704   285.706 18 52968.37090694 51.447
 23  16.186594  -2.204276   284.912   284.852 18 53003.37092927 20.460
 24  16.189377  -2.204956   283.929   283.933 18 53038.37087853 46.345
 25  16.191317  -2.203408   282.888   282.886 18 53073.37090601 52.203
 26  16.189982  -2.203467   282.682   282.685 18 53108.37087834 51.359
 27  16.192123  -2.204709   282.578   282.602 17 53143.37091549 22.364
 28  16.195234  -2.205590   282.052   282.077 18 53178.37093569 25.204
 29  16.191111  -2.204939   282.168   282.189 18 53213.37095661 14.679
 30  16.194112  -2.204288   282.646   282.665 18 53248.37092542 20.876
 31  16.189160  -2.204557   283.834   283.827 18 53283.37091775 50.868
 32  16.197234  -2.205100   284.995   285.005 18 53318.37091490 51.298
 33  16.198344  -2.205909   284.741   285.077 19 53353.37088136 30.879
 34  16.191960  -2.205859   284.060   284.045 18 53388.37087879 51.410
 35  16.202467  -2.192708   282.642   282.605  9 53423.37087616 18.076
 36  16.198158  -2.204318   282.559   282.539 18 53458.37088350 51.922
 37  16.186354  -2.202468   282.544   282.482 18 53493.37096844 20.880
 38  16.198424  -2.206064   282.859   282.872 18 53528.37094675 14.492
 39  16.187065  -2.204192   282.769   282.765 18 53563.37097689 14.246
 40  16.197300  -2.204247   282.368   282.356 18 53598.37091704 15.618
 41  16.189432  -2.202642   283.457   283.458 18 53633.37091275 17.355
 42  16.188865  -2.202437   283.824   283.752 18 53668.37093492 18.309
 43  16.198635  -2.204530   285.298   285.303 18 53703.37087760 48.772
 44  16.198962  -2.205632   283.941   283.953 17 53738.37078723 29.652
 45  16.199354  -2.204465   282.799   282.791 17 53773.37080138 24.440
 46  16.197073  -2.205365   282.572   282.555 18 53808.37078790 16.661
 48  16.196693  -2.204767   282.367   282.410 18 53878.37085730 22.377
 49  16.187219  -2.203138   282.594   282.645 18 53913.37091052 20.791
 51  16.192968  -2.203904   283.245   283.273 18 53983.37086502 45.165
 52  16.195026  -2.204915   283.458   283.441 18 54018.37089541 20.363
 53  16.206000  -2.188260   284.669   284.694  6 54053.37088532 17.277
 54  16.195058  -2.205152   284.539   284.904 18 54088.37088022 26.354
 55  16.193649  -2.206024   284.513   284.511 18 54123.37080261 50.631
 56  16.192721  -2.205693   283.050   283.078 18 54158.37084413 38.047
 57  16.193421  -2.206269   282.918   282.917 18 54193.37080378 51.405
 58  16.193737  -2.204030   283.054   283.055 18 54228.37085507 51.187
 59  16.194550  -2.203682   283.037   283.068 18 54263.37087392 13.241
 60  16.194343  -2.206222   282.109   282.013 18 54298.37087948 23.869
 61  16.195065  -2.205841   283.011   282.998 18 54333.37086895 14.768
 63  16.193873  -2.206549   284.691   284.729 18 54403.37081279 28.139
 65  16.195638  -2.205713   284.981   285.083 18 54473.37079841 22.428
 66  16.194023  -2.204697   283.819   283.804 18 54508.37078035 52.600
 67  16.194801  -2.205872   281.921   282.012 18 54543.37081266 30.917
 68  16.193646  -2.206371   283.046   283.069 18 54578.37078217 40.712
 69  16.195014  -2.204706   283.082   283.092 18 54613.37080302 41.740
 70  16.193200  -2.205274   282.988   282.999 18 54648.37081041 13.748
 71  16.194153  -2.204338   282.534   282.520 18 54683.37080986 17.257
 72  16.194562  -2.205351   283.425   283.427 18 54718.37075716 19.325
 73  16.193602  -2.204216   283.863   283.847 18 54753.37078347 25.236
 74  16.193552  -2.203346   284.642   284.669 18 54788.37074838 22.878
 75  16.194531  -2.204699   284.603   284.737 18 54823.37077780 41.649
 76  16.194428  -2.205187   283.726   283.709 18 54858.37074398 31.893
 77  16.192747  -2.203324   283.299   283.317 18 54893.37078035 13.418
 78  16.192241  -2.204659   282.876   282.885 18 54928.37074157 51.766
 80  16.191307  -2.204695   283.292   283.316 18 54998.37080066 14.312
 81  16.192952  -2.205927   282.855   282.860 18 55033.37078947 25.587
 82  16.194537  -2.205801   282.813   282.825 18 55068.37077767 12.632
 83  16.192166  -2.204688   283.919   283.917 18 55103.37071660 51.380
 84  16.193983  -2.204888   284.257   284.258 18 55138.37072503 21.457
 85  16.193715  -2.205764   285.896   285.899 18 55173.37068537 51.217
 86  16.193885  -2.204599   284.361   284.366 18 55208.37071954 19.856
 87  16.192564  -2.205493   283.337   283.340 18 55243.37069052 14.788
 88  16.193706  -2.203839   283.110   283.118 18 55278.37071274 14.876
 89  16.193618  -2.206194   282.850   282.772 18 55313.37067576 46.456
 90  16.194439  -2.205209   283.627   283.618 18 55348.37068386 51.057
 91  16.193095  -2.205611   283.119   283.125 18 55383.37067447 18.069
 92  16.194823  -2.203886   283.135   283.124 18 55418.37070207 12.906
 93  16.194619  -2.205572   283.125   283.140 18 55453.37068289 14.678
 94  16.195261  -2.205820   283.802   283.810 18 55488.37060418 21.656
