#  315.085  -0.631   2.007 ;Mean Elev.(m), Avg Gradient(m/km), RMS Gradient(m/km) - SRTM1     
#  303.705  -1.101   4.144 ;Mean Elev.(m), Avg Gradient(m/km), RMS Gradient(m/km) - ASTER GDEM
#  315.858  -0.475   2.521 ;Mean Elev.(m), Avg Gradient(m/km), RMS Gradient(m/km) - GMTED2010 
  7  18.558856   1.137994   311.467   311.519  9 52473.86471022 38.222
  8  18.563795   1.144856   311.836   311.817 10 52508.86467760 51.561
  9  18.566990   1.149971   312.483   312.432 10 52543.86467140 38.371
 10  18.559605   1.141655   312.922   312.914 10 52578.86471368 51.379
 11  18.559923   1.140681   313.572   313.593 10 52613.86467956 29.980
 12  18.564421   1.145993   314.178   314.173 10 52648.86466169 52.475
 13  18.567442   1.149460   312.693   312.691 10 52683.86464114 52.200
 14  18.560653   1.140951   311.819   311.817 10 52718.86469474 50.838
 16  18.561342   1.143194   312.587   312.532 11 52788.86466679 40.147
 17  18.563092   1.144094   312.099   312.096 11 52823.86473769 51.392
 18  18.564878   1.146456   312.170   312.172 10 52858.86478445 50.685
 19  18.559720   1.141505   312.896   312.918 10 52893.86481494 51.992
 20  18.560361   1.140164   312.968   312.964 10 52928.86476491 48.999
 21  18.566374   1.146669   313.749   313.740 10 52963.86474859 51.199
 22  18.558589   1.136624   313.693   313.691 10 52998.86478372 51.771
 23  18.560515   1.141895   312.650   312.650 11 53033.86473784 50.673
 24  18.563361   1.145601   311.905   311.922 11 53068.86475351 51.130
 25  18.559992   1.140880   311.464   311.472 10 53103.86473927 34.484
 26  18.564209   1.146714   312.510   312.521 10 53138.86475865 49.773
 27  18.561438   1.141453   311.453   311.421 11 53173.86479794 52.056
 28  18.560734   1.141703   310.547   310.592 10 53208.86481434 46.136
 29  18.564244   1.144905   311.795   311.806 11 53243.86478231 52.012
 30  18.561747   1.142261   311.334   311.370 10 53278.86476015 27.148
 31  18.561611   1.140879   312.615   312.609 11 53313.86478566 49.002
 32  18.564392   1.146818   313.320   313.320 10 53348.86475237 51.900
 33  18.563112   1.141873   313.109   313.110 11 53383.86472356 52.050
 34  18.569187   1.150655   312.011   311.984 10 53418.86473278 48.381
 35  18.564389   1.145682   311.469   311.463 10 53453.86473709 51.627
 36  18.556963   1.132573   311.780   311.766  9 53488.86482009 19.337
 37  18.564531   1.146944   312.130   312.117 10 53523.86481064 51.611
 38  18.557036   1.134938   311.653   311.665 10 53558.86483487 51.045
 39  18.567896   1.149888   311.447   311.469 10 53593.86477463 49.959
 40  18.557625   1.136722   311.493   311.589 10 53628.86476458 48.165
 41  18.559415   1.141903   312.059   312.061 10 53663.86478968 48.030
 42  18.563460   1.145407   313.401   313.422 11 53698.86474971 52.764
 43  18.566281   1.148260   312.425   312.426 10 53733.86467261 51.632
 44  18.567223   1.148719   311.613   311.627  9 53768.86465495 51.372
 45  18.565966   1.147252   311.493   311.477 11 53803.86465121 46.236
 46  18.561791   1.141630   312.034   312.048 11 53838.86466860 51.691
 47  18.563092   1.144973   311.837   311.838 11 53873.86471659 51.550
 48  18.558743   1.137292   311.538   311.543 10 53908.86475917 39.315
 49  18.555619   1.131562   311.130   311.113  9 53943.86478179 52.748
 50  18.561142   1.141064   311.340   311.561 11 53978.86473316 26.989
 51  18.563688   1.144953   312.121   312.102 10 54013.86474645 52.483
 52  18.568241   1.149511   312.958   312.959 10 54048.86475352 50.131
 54  18.563164   1.143192   313.591   313.592 11 54118.86467408 52.488
 55  18.562028   1.141114   312.530   312.527 11 54153.86469985 49.809
 56  18.563143   1.143719   312.453   312.450 11 54188.86466904 49.490
 57  18.561616   1.142446   312.392   312.397 11 54223.86471025 52.406
 58  18.562648   1.143572   312.484   312.482 11 54258.86473227 48.311
 59  18.563360   1.144872   312.092   312.100 10 54293.86473529 48.515
 60  18.564191   1.146489   312.364   312.348 10 54328.86472980 51.702
 61  18.563368   1.142442   312.628   312.631 12 54363.86467624 51.328
 62  18.564088   1.145894   313.462   313.468 11 54398.86467001 51.197
 63  18.564015   1.144929   313.756   313.755 10 54433.86462750 48.207
 64  18.564688   1.145524   313.938   313.930 11 54468.86465274 52.340
 65  18.563430   1.144805   312.923   312.923 10 54503.86464285 51.707
 66  18.564222   1.144812   312.135   312.108 11 54538.86466781 51.692
 67  18.563690   1.145405   312.225   312.208 10 54573.86464383 52.191
 68  18.562680   1.143801   311.873   311.888 11 54608.86466115 49.320
 69  18.562554   1.142980   312.118   312.115 12 54643.86466873 46.267
 70  18.562255   1.141760   311.584   311.581 11 54678.86467020 50.537
 71  18.564393   1.144993   312.210   312.207 10 54713.86462314 50.459
 72  18.562066   1.143538   312.294   312.296 11 54748.86464022 51.370
 73  18.563712   1.145521   313.255   313.271 10 54783.86461013 52.235
 74  18.562944   1.145307   313.667   313.661 11 54818.86463273 51.492
 75  18.563454   1.145875   312.122   312.125 11 54853.86460771 15.689
 76  18.561407   1.143578   312.389   312.418 11 54888.86463707 22.851
 77  18.562156   1.141048   312.104   312.115 11 54923.86460608 51.280
 78  18.561694   1.142114   312.620   312.614 11 54958.86463466 46.308
 79  18.560671   1.141099   312.595   312.688 10 54993.86465670 38.296
 80  18.563052   1.143149   311.999   311.987 12 55028.86464674 51.428
 81  18.563103   1.145257   311.558   311.566 11 55063.86463918 51.433
 82  18.562035   1.143199   311.860   311.884 11 55098.86458413 49.478
 83  18.562876   1.142617   312.870   312.853 12 55133.86458238 52.145
 84  18.563964   1.146288   313.549   313.559 11 55168.86454768 51.785
 85  18.562263   1.143827   313.491   313.491 11 55203.86457580 52.396
 86  18.562563   1.143435   312.870   312.871 11 55238.86455442 51.570
 87  18.563057   1.141924   313.080   313.100 11 55273.86456873 51.091
 88  18.563323   1.145651   313.807   313.809 11 55308.86453830 50.158
 89  18.563819   1.144686   313.341   313.309 11 55343.86453836 44.021
 90  18.562986   1.145445   312.753   312.788 11 55378.86453273 46.532
 91  18.562953   1.144912   312.438   312.433 11 55413.86455776 51.636
 92  18.563567   1.145531   311.917   311.895 11 55448.86454634 12.524
 93  18.564236   1.145160   311.994   311.968 11 55483.86447281 50.902
