#  266.054  -8.718  13.799 ;Mean Elev.(m), Avg Gradient(m/km), RMS Gradient(m/km) - SRTM1     
#  258.202  -9.606  14.927 ;Mean Elev.(m), Avg Gradient(m/km), RMS Gradient(m/km) - ASTER GDEM
#  266.000  -8.801  13.420 ;Mean Elev.(m), Avg Gradient(m/km), RMS Gradient(m/km) - GMTED2010 
  7  15.437894  -4.296996   247.813   247.601  4 52447.87563313 47.267
  8  15.448174  -4.313064   269.501   269.534 14 52482.87561870 40.376
  9  15.450418  -4.299530   269.440   269.111  4 52517.87557788 35.293
 10  15.444401  -4.304899   270.913   270.869  9 52552.87562653 33.350
 11  15.451624  -4.299834   272.215   272.154  3 52587.87560657 49.954
 12  15.450798  -4.307969   272.627   272.625  9 52622.87556385 23.053
 13  15.453743  -4.309776   272.048   272.042  9 52657.87557653 18.068
 15  15.454465  -4.313528   270.576   270.589 11 52727.87559868 35.040
 16  15.440040  -4.304521   270.853   270.832  9 52762.87561400 49.346
 17  15.455389  -4.300632   270.573   270.609  3 52797.87558274 50.414
 18  15.454667  -4.300130   270.276   270.327  3 52832.87565389 46.869
 19  15.458839  -4.312180   270.475   270.188 10 52867.87569406 13.535
 20  15.449362  -4.306039   270.920   270.840  7 52902.87571273 48.070
 21  15.450502  -4.313382   271.782   271.690 12 52937.87564934 42.681
 22  15.448395  -4.304501   272.350   272.327  8 52972.87568367 51.386
 23  15.444705  -4.305212   272.270   272.271  9 53007.87569296 51.726
 24  15.447191  -4.303053   271.048   271.018  7 53042.87564990 49.975
 25  15.446137  -4.309276   270.033   270.025 11 53077.87568164 42.037
 26  15.445881  -4.311348   269.690   269.736 14 53112.87565165 33.585
 27  15.445645  -4.303369   269.758   269.714  8 53147.87569796 48.521
 28  15.456600  -4.310317   269.186   269.119  3 53182.87569672 47.973
 29  15.448196  -4.301269   268.745   268.695  5 53217.87572257 43.898
 30  15.445158  -4.303162   269.866   269.844  8 53252.87570006 42.103
 31  15.443368  -4.303776   270.424   270.417  8 53287.87569995 47.092
 32  15.456998  -4.304086   272.563   272.628  5 53322.87567534 23.595
 33  15.454355  -4.301172   271.072   271.105  4 53357.87564113 21.417
 34  15.449039  -4.304409   271.339   271.294  6 53392.87565607 36.586
 35  15.452448  -4.299209   270.401   270.401  2 53427.87565163 48.712
 36  15.452195  -4.298658   270.204   269.958  3 53462.87566955 50.101
 37  15.443741  -4.310796   270.180   269.643 12 53497.87573967 23.959
 38  15.452261  -4.300757   270.029   270.070  3 53532.87572333 47.027
 39  15.444844  -4.310350   269.996   269.453 13 53567.87574097 34.773
 40  15.453193  -4.313881   269.093   269.191 11 53602.87568508 19.081
 41  15.447420  -4.307567   270.485   269.768 10 53637.87568459 16.880
 42  15.444448  -4.304117   271.054   271.062  8 53672.87570570 50.969
 43  15.454363  -4.298983   272.225   272.215  3 53707.87563786 50.707
 44  15.454866  -4.313319   270.983   270.932 11 53742.87554642 25.917
 45  15.455501  -4.305927   269.816   269.674  6 53777.87557423 33.758
 46  15.451201  -4.299715   270.131   270.131  4 53812.87555130 49.886
 47  15.448365  -4.310484   269.589   269.753 11 53847.87560449 25.117
 49  15.441690  -4.304010   269.496   269.494  9 53917.87568781 44.402
 50  15.440939  -4.305910   269.325   269.293  9 53952.87569110 48.951
 52  15.452391  -4.310665   270.130   270.079 10 54022.87566919 21.825
 53  15.458536  -4.308754   272.285   272.234  8 54057.87566132 40.576
 54  15.450268  -4.304937   273.034   273.097  7 54092.87564328 47.355
 55  15.451875  -4.304810   271.766   271.778  6 54127.87558006 50.866
 56  15.448807  -4.304795   269.674   269.722  7 54162.87561305 20.439
 57  15.451834  -4.309569   269.877   269.844 10 54197.87558116 18.527
 58  15.450665  -4.303439   270.425   270.334  5 54232.87562679 50.057
 59  15.453105  -4.314606   270.054   270.131 12 54267.87564365 22.381
 60  15.451269  -4.304179   269.641   269.605  5 54302.87564921 38.126
 61  15.450341  -4.302662   270.206   270.168  6 54337.87563523 50.139
 62  15.452894  -4.310911   269.707   269.665  9 54372.87558100 22.958
 63  15.449868  -4.305966   272.119   272.052  7 54407.87557986 50.244
 64  15.452293  -4.306469   271.917   272.031  7 54442.87554200 21.869
 65  15.451246  -4.303333   272.628   272.549  5 54477.87556946 40.937
 66  15.451288  -4.301348   271.018   270.997  4 54512.87555816 47.053
 67  15.449799  -4.302718   270.380   270.357  6 54547.87558330 48.677
 68  15.452039  -4.306741   270.720   270.685  7 54582.87555326 22.510
 69  15.453171  -4.314702   270.166   270.076 12 54617.87557242 18.792
 70  15.448734  -4.304274   269.944   269.952  8 54652.87558622 50.153
 71  15.449621  -4.303922   269.658   269.655  6 54687.87557611 47.485
 72  15.453599  -4.312710   270.116   270.010 10 54722.87553213 19.610
 73  15.450701  -4.309404   270.629   270.629 10 54757.87555045 19.627
 74  15.449509  -4.302536   272.172   272.176  5 54792.87552670 44.182
 75  15.449895  -4.301295   272.529   272.399  5 54827.87555014 50.771
 76  15.450714  -4.301280   270.829   270.771  5 54862.87552160 39.521
 77  15.449547  -4.307656   271.245   270.532  9 54897.87554857 18.840
 78  15.449692  -4.303553   270.322   270.345  6 54932.87551598 49.592
 79  15.450882  -4.307800   270.289   270.408  8 54967.87555041 39.088
 80  15.448455  -4.309568   270.107   270.047 11 55002.87556970 35.046
 81  15.450452  -4.299503   269.840   269.841  4 55037.87555795 46.447
 82  15.448909  -4.301208   269.669   269.657  5 55072.87554402 47.255
 83  15.452224  -4.313446   270.354   270.354 11 55107.87548773 16.912
 84  15.450557  -4.311362   271.330   271.409 11 55142.87549253 26.473
 85  15.451425  -4.302325   272.723   272.733  4 55177.87546149 49.979
 86  15.449356  -4.301693   271.985   271.950  5 55212.87548945 51.819
 87  15.450654  -4.301008   271.286   271.013  3 55247.87546273 47.201
 88  15.450061  -4.308721   270.829   270.588 10 55282.87548143 21.486
 89  15.448993  -4.305483   271.280   271.274  8 55317.87545231 49.433
 90  15.450464  -4.307530   270.102   270.120  8 55352.87545479 19.726
 91  15.451681  -4.315236   269.638   269.563 13 55387.87544981 21.138
 92  15.451779  -4.307562   269.724   269.760  7 55422.87547236 20.208
 93  15.452808  -4.315131   269.635   269.695 12 55457.87544367 21.808
