# NaN NaN NaN ;Mean Elev.(m), Avg Gradient(m/km), RMS Gradient(m/km) - SRTM1     
# NaN NaN NaN ;Mean Elev.(m), Avg Gradient(m/km), RMS Gradient(m/km) - ASTER GDEM
#  294.318  -0.107   2.261 ;Mean Elev.(m), Avg Gradient(m/km), RMS Gradient(m/km) - GMTED2010 
  6  17.538281  -0.783136   296.009   295.991  5 52441.86833324 51.443
  7  17.542478  -0.780427   295.632   295.643  4 52476.86832970 51.240
  8  17.552330  -0.767747   296.034   296.024  5 52511.86827912 52.272
  9  17.547741  -0.778597   296.847   296.895  3 52546.86830699 33.552
 10  17.547539  -0.775659   297.834   297.823  4 52581.86832209 40.808
 11  17.543937  -0.780397   298.419   298.418  4 52616.86829262 50.857
 12  17.552621  -0.769301   298.018   297.978  5 52651.86827025 51.851
 13  17.548914  -0.772652   296.165   296.165  4 52686.86826390 46.859
 14  17.546748  -0.778200   295.669   295.686  4 52721.86831146 50.175
 15  17.537178  -0.786713   295.471   295.497  5 52756.86833255 42.158
 17  17.549681  -0.771460   296.137   296.161  4 52826.86835468 51.679
 18  17.551050  -0.770087   296.421   296.411  4 52861.86840030 52.055
 19  17.545486  -0.779130   297.148   297.150  4 52896.86842870 51.711
 20  17.544491  -0.779677   297.649   297.652  4 52931.86837570 51.444
 21  17.548637  -0.773331   298.025   298.023  4 52966.86837752 53.308
 22  17.541566  -0.782577   297.652   297.659  4 53001.86840346 52.643
 23  17.544393  -0.780094   296.407   296.404  3 53036.86835338 52.359
 24  17.546717  -0.779440   295.497   295.520  3 53071.86837687 50.448
 25  17.544449  -0.780951   295.143   295.152  4 53106.86835382 50.287
 26  17.547313  -0.777472   295.527   295.516  3 53141.86838563 37.657
 27  17.547775  -0.775659   295.298   295.281  5 53176.86841258 49.143
 28  17.545472  -0.779122   294.972   295.007  3 53211.86843148 23.143
 29  17.547661  -0.774762   296.222   296.228  4 53246.86840053 51.517
 30  17.544906  -0.779331   296.349   296.340  4 53281.86838728 42.012
 31  17.548426  -0.773800   297.541   297.543  5 53316.86839547 52.293
 32  17.550231  -0.770353   297.763   297.762  4 53351.86836163 52.738
 33  17.546907  -0.778031   296.815   296.813  4 53386.86834919 50.766
 34  17.552464  -0.767572   295.265   295.294  4 53421.86835327 46.712
 35  17.550193  -0.771498   295.199   295.205  4 53456.86835797 51.519
 36  17.541125  -0.783507   295.356   295.348  4 53491.86844130 51.462
 37  17.550079  -0.770591   295.853   295.859  4 53526.86842504 52.452
 38  17.541685  -0.782668   295.775   295.764  4 53561.86845159 52.161
 39  17.550530  -0.770788   295.744   295.762  4 53596.86839261 51.888
 40  17.543494  -0.781071   296.512   296.513  4 53631.86838576 52.049
 41  17.543819  -0.781471   296.972   296.972  3 53666.86840816 50.579
 42  17.550026  -0.771847   297.836   297.838  5 53701.86835791 52.299
 43  17.551020  -0.770388   296.753   296.739  5 53736.86826827 53.017
 44  17.552029  -0.770840   295.552   295.552  4 53771.86827550 48.141
 45  17.550210  -0.772665   295.339   295.340  4 53806.86826498 51.844
 47  17.549039  -0.772675   295.365   295.357  5 53876.86833346 51.522
 48  17.541850  -0.780568   295.719   295.739  4 53911.86838259 49.051
 49  17.539620  -0.783009   295.444   295.461  4 53946.86839893 51.898
 50  17.546299  -0.778450   296.168   296.174  4 53981.86834310 52.120
 51  17.548754  -0.774385   296.882   296.879  5 54016.86836865 52.037
 52  17.552942  -0.764622   297.629   297.628  6 54051.86836747 52.810
 53  17.548298  -0.774963   298.282   298.282  4 54086.86835732 52.883
 54  17.547602  -0.777193   297.078   297.076  4 54121.86828189 53.304
 55  17.547128  -0.778187   295.824   295.845  4 54156.86831787 51.098
 56  17.547674  -0.776424   295.580   295.607  5 54191.86828044 52.357
 57  17.547168  -0.777952   295.007   295.051  3 54226.86832937 20.128
 58  17.547688  -0.776020   296.051   296.028  5 54261.86834965 52.040
 59  17.547867  -0.774612   295.866   295.877  4 54296.86835417 52.273
 60  17.548685  -0.774061   296.404   296.395  4 54331.86834502 52.062
 61  17.547544  -0.776124   296.825   296.815  5 54366.86828692 31.819
 62  17.548157  -0.774116   297.934   297.936  5 54401.86828749 49.513
 63  17.547673  -0.778510   298.235   298.231  4 54436.86824371 40.854
 64  17.549167  -0.772535   297.951   297.951  4 54471.86827258 51.620
 65  17.547713  -0.775167   296.657   296.603  5 54506.86825643 51.764
 66  17.548554  -0.773749   295.609   295.648  5 54541.86828685 51.063
 67  17.547561  -0.775322   295.678   295.668  5 54576.86825860 51.892
 68  17.547857  -0.774595   295.654   295.650  5 54611.86827868 51.699
 69  17.547411  -0.777529   295.970   295.964  4 54646.86828485 51.659
 70  17.547811  -0.778281   295.619   295.608  4 54681.86828565 51.763
 71  17.548184  -0.774693   296.810   296.813  4 54716.86823520 52.291
 72  17.547615  -0.777971   297.075   297.052  3 54751.86825752 52.284
 73  17.547539  -0.775105   297.714   297.715  5 54786.86822429 52.785
 74  17.548143  -0.775506   297.823   297.825  4 54821.86825174 53.334
 75  17.547990  -0.774065   295.696   295.750  4 54856.86822115 33.386
 76  17.546740  -0.778626   296.081   296.081  4 54891.86825414 53.069
 77  17.546610  -0.778529   295.461   295.471  3 54926.86821823 51.901
 78  17.546860  -0.778155   296.075   296.116  3 54961.86825382 50.083
 79  17.545892  -0.780201   296.268   296.261  4 54996.86827446 50.543
 80  17.547306  -0.778152   295.886   295.896  4 55031.86826403 51.884
 81  17.547979  -0.774603   295.786   295.800  4 55066.86825429 52.505
 82  17.546418  -0.778122   296.548   296.551  3 55101.86819403 51.313
 83  17.547880  -0.776083   297.291   297.307  5 55136.86819955 49.013
 84  17.547762  -0.775161   298.028   298.051  5 55171.86816183 52.471
 85  17.547560  -0.775991   297.152   297.152  4 55206.86819392 52.084
 86  17.547208  -0.777950   296.448   296.458  3 55241.86816647 52.326
 87  17.547526  -0.777663   296.053   296.040  4 55276.86818699 51.537
 88  17.547443  -0.775078   296.542   296.531  5 55311.86815245 52.629
 89  17.548156  -0.775355   296.548   296.552  5 55346.86815786 50.945
 90  17.547907  -0.777896   296.235   296.241  4 55381.86814862 51.405
 91  17.547860  -0.775286   296.184   296.172  4 55416.86817685 30.608
 92  17.547993  -0.774031   296.403   296.412  4 55451.86816011 52.242
 93  17.548605  -0.774922   296.915   296.918  4 55486.86808247 50.227
