#  281.166   0.109   2.451 ;Mean Elev.(m), Avg Gradient(m/km), RMS Gradient(m/km) - SRTM1     
#  264.249   0.086   3.188 ;Mean Elev.(m), Avg Gradient(m/km), RMS Gradient(m/km) - ASTER GDEM
#  280.977  -0.013   0.287 ;Mean Elev.(m), Avg Gradient(m/km), RMS Gradient(m/km) - GMTED2010 
  8  16.151525  -2.370717   281.625   281.627 14 52478.37088783 52.709
  9  16.162694  -2.381970   281.681   281.714  5 52513.37083297 34.308
 10  16.153822  -2.372138   282.736   282.822 14 52548.37087406 31.614
 11  16.159370  -2.374059   284.142   284.145  5 52583.37087270 47.215
 12  16.153058  -2.371764   285.581   285.576 15 52618.37084750 52.639
 13  16.162751  -2.383402   284.825   284.845  4 52653.37082527 27.915
 14  16.157663  -2.372826   282.536   282.541  5 52688.37082295 45.330
 15  16.156922  -2.370035   281.407   281.364  7 52723.37086876 27.772
 16  16.145062  -2.370718   281.943   281.927 10 52758.37088983 51.958
 17  16.158613  -2.375144   282.287   282.291  5 52793.37084315 51.566
 18  16.160047  -2.377857   282.037   282.022  5 52828.37091137 48.156
 19  16.161510  -2.379470   282.127   282.210  5 52863.37095663 29.053
 20  16.153982  -2.375742   282.887   282.891 12 52898.37098562 52.337
 21  16.153823  -2.371722   283.729   283.727 15 52933.37093023 52.727
 22  16.157639  -2.369983   284.758   284.762  6 52968.37093917 47.153
 23  16.149880  -2.371188   284.285   284.287 15 53003.37096182 43.597
 24  16.152679  -2.371865   282.751   282.738 15 53038.37091108 51.453
 25  16.153878  -2.373617   281.560   281.561 13 53073.37093922 52.563
 26  16.152923  -2.372031   281.315   281.338 14 53108.37091121 48.882
 27  16.153947  -2.378221   281.677   281.679 12 53143.37094934 51.293
 28  16.158521  -2.372492   281.440   281.443  5 53178.37096825 51.028
 29  16.153669  -2.375147   280.889   280.857 13 53213.37098981 23.047
 30  16.157408  -2.371198   282.021   282.039  5 53248.37095798 41.685
 31  16.152430  -2.371463   282.554   282.566 15 53283.37095031 51.694
 32  16.159786  -2.375307   283.942   283.953  5 53318.37094810 50.352
 33  16.160550  -2.377773   284.219   284.100  5 53353.37091488 28.529
 34  16.154138  -2.377720   282.966   282.966 12 53388.37091231 52.191
 35  16.161033  -2.381092   281.399   281.368  5 53423.37091291 28.956
 36  16.159973  -2.377835   281.257   281.252  5 53458.37091735 51.113
 37  16.148908  -2.372680   281.486   281.486 13 53493.37100164 51.451
 38  16.160257  -2.379580   281.723   281.706  5 53528.37098060 36.249
 39  16.150357  -2.371095   281.473   281.546 15 53563.37100945 22.121
 40  16.159505  -2.376113   281.156   281.161  4 53598.37095056 22.859
 41  16.152336  -2.371198   282.259   282.241 14 53633.37094563 29.870
 42  16.151784  -2.370994   282.872   283.047 14 53668.37096780 45.853
 43  16.160475  -2.378049   284.331   284.329  5 53703.37091144 50.899
 44  16.160821  -2.379151   282.819   282.799  4 53738.37082108 23.201
 45  16.160815  -2.379635   281.503   281.490  5 53773.37083555 25.944
 46  16.159647  -2.375580   281.155   281.239  5 53808.37082110 23.560
 48  16.159244  -2.374978   281.404   281.413  5 53878.37089050 51.086
 49  16.150137  -2.371697   281.827   281.815 14 53913.37094340 52.433
 51  16.155900  -2.372465   281.920   281.921  8 53983.37089789 50.155
 52  16.158297  -2.371815   282.227   282.214  5 54018.37092796 29.899
 53  16.163101  -2.383257   283.674   283.692  4 54053.37092335 31.342
 54  16.158349  -2.372066   285.086   285.085  5 54088.37091277 52.314
 55  16.157279  -2.371277   283.196   283.052  6 54123.37083485 31.805
 56  16.156371  -2.370945   281.741   281.650  8 54158.37087636 27.528
 57  16.157055  -2.371521   281.572   281.573  6 54193.37083601 50.406
 58  16.157382  -2.369286   281.825   281.837  6 54228.37088730 51.303
 59  16.157471  -2.372238   281.598   281.578  6 54263.37090680 20.903
 60  16.157626  -2.373127   281.752   281.761  5 54298.37091203 48.175
 61  16.158356  -2.372751   281.855   281.834  5 54333.37090151 21.837
 63  16.157525  -2.371802   284.225   284.224  6 54403.37084502 50.709
 65  16.158918  -2.372619   284.581   284.579  5 54473.37083096 51.427
 66  16.157293  -2.371601   282.713   282.705  5 54508.37081290 51.688
 67  16.158086  -2.372780   281.626   281.596  5 54543.37084522 20.689
 68  16.157287  -2.371625   281.484   281.488  6 54578.37081440 20.974
 69  16.158303  -2.371606   281.702   281.662  5 54613.37083557 26.094
 70  16.156845  -2.370526   282.081   282.087  6 54648.37084264 47.675
 71  16.157445  -2.371249   281.728   281.726  5 54683.37084242 51.675
 72  16.157831  -2.372254   282.498   282.492  5 54718.37078972 31.035
 73  16.157248  -2.369465   283.153   283.138  6 54753.37081570 38.691
 74  16.156819  -2.370255   283.890   283.788  7 54788.37078093 30.265
 75  16.157811  -2.371605   284.742   284.751  5 54823.37081035 41.165
 76  16.157698  -2.372090   282.578   282.612  5 54858.37077653 34.428
 77  16.154221  -2.378494   282.100   282.089 12 54893.37081452 26.234
 78  16.154420  -2.376526   281.518   281.518 12 54928.37077509 51.754
 80  16.153867  -2.374901   282.162   282.187 13 54998.37083386 26.484
 81  16.156596  -2.371182   281.987   281.985  6 55033.37082170 52.362
 82  16.157832  -2.372711   281.530   281.459  5 55068.37081022 21.876
 83  16.154347  -2.376545   282.597   282.599 12 55103.37075012 51.601
 84  16.157632  -2.370142   283.755   283.754  6 55138.37075727 44.994
 85  16.157345  -2.371017   285.068   285.061  6 55173.37071761 50.683
 86  16.157531  -2.369849   283.433   283.407  6 55208.37075178 29.429
 87  16.155470  -2.374048   282.338   282.371 10 55243.37072340 38.368
 88  16.156997  -2.370754   281.940   281.975  7 55278.37074529 26.814
 89  16.157263  -2.371446   282.667   282.672  6 55313.37070799 51.727
 90  16.157732  -2.372112   282.388   282.383  5 55348.37071642 52.039
 91  16.156732  -2.370864   282.291   282.292  6 55383.37070670 46.564
 92  16.157740  -2.372445   281.764   281.703  6 55418.37073495 22.197
 93  16.157917  -2.372479   282.250   282.255  5 55453.37071545 47.992
 94  16.158567  -2.372729   283.079   283.089  5 55488.37063674 46.284
