#  361.240  -1.357   3.648 ;Mean Elev.(m), Avg Gradient(m/km), RMS Gradient(m/km) - SRTM1     
#  340.096  -1.259   4.834 ;Mean Elev.(m), Avg Gradient(m/km), RMS Gradient(m/km) - ASTER GDEM
#  362.895  -1.206   3.653 ;Mean Elev.(m), Avg Gradient(m/km), RMS Gradient(m/km) - GMTED2010 
  9  23.449419   1.371704   358.976   358.981  3 52517.35214441 51.527
 10  23.443277   1.381213   359.210   359.210  2 52552.35219193 45.704
 11  23.451154   1.372081   359.876   359.762  3 52587.35217086 30.126
 12  23.447026   1.374315   360.868   360.868  2 52622.35213540 51.384
 13  23.449992   1.371077   360.132   360.138  3 52657.35214447 48.289
 15  23.449026   1.371865   359.657   359.657  2 52727.35216991 49.469
 17  23.453147   1.368942   359.178   359.218  3 52797.35214741 53.445
 18  23.452442   1.369200   359.744   359.751  3 52832.35221906 51.123
 19  23.453828   1.367296   359.269   359.248  3 52867.35226236 52.260
 20  23.446935   1.375986   360.013   360.013  2 52902.35228145 52.616
 21  23.446483   1.375759   359.715   359.715  2 52937.35222076 51.117
 23  23.443457   1.381663   359.950   359.950  2 53007.35226049 48.903
 25  23.444007   1.379508   359.296   359.296  2 53077.35224893 51.028
 26  23.443319   1.382058   359.406   359.406  2 53112.35221843 48.818
 27  23.444764   1.378561   359.118   359.118  2 53147.35226290 47.747
 28  23.451425   1.369062   358.543   358.527  3 53182.35226730 43.997
 29  23.446546   1.375494   358.263   358.263  2 53217.35228996 24.808
 30  23.444498   1.378988   358.316   358.316  2 53252.35226736 51.121
 31  23.442614   1.381289   359.161   359.161  2 53287.35226477 46.954
 32  23.453834   1.368077   360.052   360.041  3 53322.35224310 50.068
 33  23.451990   1.369157   360.587   360.582  3 53357.35220946 51.433
 35  23.451062   1.371997   358.837   358.854  3 53427.35221875 43.713
 36  23.450795   1.372691   359.847   359.866  3 53462.35223436 41.994
 37  23.441936   1.383096   359.153   359.153  2 53497.35230633 50.059
 38  23.450879   1.371748   358.755   358.834  3 53532.35228883 29.604
 39  23.442795   1.381416   358.118   358.137  3 53567.35230893 26.816
 40  23.448882   1.372940   359.037   359.016  3 53602.35225491 45.671
 42  23.443135   1.379570   359.741   359.741  2 53672.35227252 49.560
 43  23.452550   1.369117   360.115   360.124  3 53707.35220595 52.260
 44  23.450623   1.372119   359.191   359.205  3 53742.35211729 50.935
 45  23.451809   1.369799   358.953   358.959  3 53777.35214292 50.143
 46  23.449738   1.371973   359.297   359.297  2 53812.35211949 51.961
 49  23.441619   1.382616   358.100   358.100  2 53917.35225252 52.228
 52  23.448387   1.373601   358.812   358.812  2 54022.35223747 52.051
 53  23.453937   1.368419   361.072   361.069  3 54057.35223078 50.501
 54  23.448127   1.374518   361.044   361.044  2 54092.35221207 37.713
 55  23.448867   1.372864   360.050   360.018  3 54127.35214664 50.598
 56  23.446695   1.375604   359.858   359.858  2 54162.35218090 50.461
 58  23.448291   1.373114   360.007   360.007  2 54232.35219381 48.104
 59  23.448488   1.373071   359.726   359.726  2 54267.35221242 51.781
 60  23.448800   1.372994   358.823   358.823  2 54302.35221681 51.034
 61  23.448603   1.374577   359.337   359.337  2 54337.35220283 31.912
 62  23.449053   1.374152   359.381   359.381  2 54372.35214944 49.653
 63  23.447236   1.374733   360.285   360.285  2 54407.35214831 46.168
 64  23.448808   1.372721   360.717   360.727  3 54442.35210944 52.179
 65  23.448796   1.372904   359.987   359.987  2 54477.35213729 52.737
 66  23.448567   1.371758   359.837   359.837  2 54512.35212517 51.378
 67  23.448053   1.374605   359.759   359.759  2 54547.35215063 31.102
 68  23.448889   1.371618   359.526   359.526  2 54582.35212030 50.957
 69  23.448585   1.373083   359.143   359.113  3 54617.35214139 50.925
 70  23.446448   1.374523   358.469   358.469  2 54652.35215343 49.733
 72  23.448881   1.372224   358.830   358.830  2 54722.35210029 52.303
 74  23.447332   1.375561   361.164   361.164  2 54792.35209331 48.775
 75  23.448289   1.374205   359.854   359.854  2 54827.35211696 52.157
 76  23.448843   1.374347   359.886   359.886  2 54862.35208762 52.172
 78  23.447177   1.373804   359.033   359.033  2 54932.35208286 31.621
 79  23.448106   1.375097   360.139   360.139  2 54967.35211774 50.479
 80  23.445351   1.376202   358.873   358.873  2 55002.35213797 49.767
 81  23.448745   1.371832   358.520   358.520  2 55037.35212466 51.060
 82  23.447511   1.373475   358.672   358.672  2 55072.35211121 51.774
 83  23.447420   1.374115   359.349   359.349  2 55107.35205701 50.245
 84  23.447119   1.376062   359.772   359.772  2 55142.35206185 45.114
 85  23.449042   1.373020   360.560   360.560  2 55177.35202765 50.273
 86  23.447811   1.375189   360.281   360.281  2 55212.35205668 50.275
 87  23.447983   1.372478   359.845   359.845  2 55247.35203052 49.234
 89  23.446941   1.374958   360.201   360.201  2 55317.35201857 48.384
 92  23.448677   1.373050   358.904   358.876  3 55422.35204045 49.249
 93  23.448422   1.374899   359.322   359.322  2 55457.35201398 51.171
