#  175.023 -18.271  27.360 ;Mean Elev.(m), Avg Gradient(m/km), RMS Gradient(m/km) - SRTM1     
#  167.018 -17.833  27.041 ;Mean Elev.(m), Avg Gradient(m/km), RMS Gradient(m/km) - ASTER GDEM
#  175.331 -18.413  27.685 ;Mean Elev.(m), Avg Gradient(m/km), RMS Gradient(m/km) - GMTED2010 
  7   162.473 52446.37538882  5.03  14.141356  -4.947496  4.544
  7   162.687 52446.37538946  3.57  14.140616  -4.950796  4.544
  7   162.657 52446.37539011  4.29  14.139886  -4.954106  4.544
  8   190.507 52481.37537826  9.76  14.149419  -4.940356  7.793
  8   189.372 52481.37537891 12.01  14.148689  -4.943656  7.793
  8   168.784 52481.37538084 37.22  14.146509  -4.953576  7.793
  8   165.846 52481.37538149 43.17  14.145769  -4.956876  7.793
  8   168.442 52481.37538213 40.05  14.145039  -4.960186  7.793
  8   169.198 52481.37538278 34.95  14.144319  -4.963486  7.793
  8   167.768 52481.37538342 37.48  14.143589  -4.966786  7.793
  9   209.538 52516.37533085  1.54  14.157346  -4.942784  2.737
  9   169.370 52516.37533149 11.53  14.156616  -4.946094  2.737
  9   168.783 52516.37533214 14.11  14.155886  -4.949394  2.737
  9   168.569 52516.37533278 13.97  14.155156  -4.952694  2.737
  9   168.727 52516.37533343 13.46  14.154426  -4.956004  2.737
  9   169.179 52516.37533407 11.90  14.153696  -4.959304  2.737
  9   168.631 52516.37533471 11.73  14.152966  -4.962614  2.737
  9   169.098 52516.37533536 11.49  14.152236  -4.965914  2.737
  9   170.027 52516.37533600 14.77  14.151504  -4.969220  3.079
 10   225.785 52551.37537997  1.06  14.146173  -4.947226  1.824
 10   224.978 52551.37538061  1.50  14.145433  -4.950526  1.824
 10   224.269 52551.37538126  1.52  14.144713  -4.953836  1.824
 10   222.891 52551.37538190  1.72  14.143973  -4.957136  1.824
 10   223.383 52551.37538255  1.81  14.143253  -4.960446  1.824
 10   221.686 52551.37538319  1.77  14.142513  -4.963746  1.824
 10   221.515 52551.37538384  2.22  14.141783  -4.967046  1.824
 10   222.285 52551.37538448  1.85  14.141053  -4.970356  1.824
 10   215.548 52551.37538513  4.09  14.140323  -4.973656  1.824
 10   224.632 52551.37538577  1.79  14.139593  -4.976966  1.824
 10   218.347 52551.37538642  2.08  14.138863  -4.980266  1.824
 11   294.447 52586.37535020  1.35  14.162551  -4.932073  3.665
 11   284.281 52586.37535084  3.16  14.161821  -4.935373  3.665
 11   281.768 52586.37535149  3.91  14.161101  -4.938683  3.665
 11   273.245 52586.37535213  5.06  14.160371  -4.941983  3.665
 11   176.677 52586.37535342 13.12  14.158911  -4.948593  3.665
 11   178.135 52586.37535407 12.32  14.158181  -4.951893  3.665
 11   204.524 52586.37535471 11.55  14.157451  -4.955203  3.665
 11   205.876 52586.37535536 10.26  14.156721  -4.958503  3.665
 11   205.560 52586.37535600 10.02  14.155985  -4.961808  2.631
 11   205.719 52586.37535665 10.12  14.155255  -4.965108  2.631
 12   253.588 52621.37533193  0.56  14.148302  -4.959345  1.794
 12   229.005 52621.37533258  1.47  14.147572  -4.962645  1.794
 12   226.704 52621.37533322  2.72  14.146842  -4.965955  1.794
 12   226.482 52621.37533387  3.56  14.146112  -4.969255  1.794
 12   230.556 52621.37533451  3.05  14.145382  -4.972555  1.794
 15   270.622 52726.37535801  1.75  14.156047  -4.935672 14.554
 15   179.462 52726.37536188 16.57  14.151677  -4.955502 14.554
 15   188.721 52726.37536252 26.13  14.150937  -4.958802 14.554
 15   181.659 52726.37536317 33.13  14.150217  -4.962112 14.554
 15   178.207 52726.37536381 35.42  14.149477  -4.965412 14.554
 15   179.558 52726.37536446 36.18  14.148757  -4.968722 14.554
 15   179.965 52726.37536510 37.16  14.148027  -4.972022 14.554
 16   193.338 52761.37537615 15.88  14.141910  -4.947445  5.847
 16   191.504 52761.37537679 15.86  14.141170  -4.950745  5.847
 16   172.582 52761.37537808 31.42  14.139720  -4.957355  5.847
 16   172.292 52761.37537873 34.44  14.138990  -4.960665  5.847
 16   172.271 52761.37537937 32.95  14.138260  -4.963965  5.847
 16   171.824 52761.37538001 33.70  14.137530  -4.967265  5.847
 16   173.124 52761.37538066 32.59  14.136800  -4.970575  5.847
 16   172.830 52761.37538130 32.95  14.136070  -4.973875  5.847
 17   177.757 52796.37533198 35.04  14.160930  -4.933520 25.434
 17   178.425 52796.37533263 32.71  14.160210  -4.936830 25.434
 17   178.100 52796.37533327 29.56  14.159470  -4.940130 25.434
 17   177.857 52796.37533392 27.35  14.158750  -4.943440 25.434
 17   177.784 52796.37533456 26.23  14.158010  -4.946740 25.434
 17   176.656 52796.37533520 26.78  14.157280  -4.950040 25.434
 17   179.540 52796.37533585 29.02  14.156550  -4.953350 25.434
 17   178.901 52796.37533649 29.61  14.155820  -4.956650 25.434
 17   173.122 52796.37533714 37.68  14.155090  -4.959960 25.434
 17   174.736 52796.37533778 34.49  14.154360  -4.963260 25.434
 17   174.303 52796.37533843 34.79  14.153636  -4.966564 10.470
 18   173.624 52831.37539960 21.02  14.162116  -4.931628  7.813
 18   172.938 52831.37540025 19.44  14.161386  -4.934928  7.813
 18   173.069 52831.37540089 18.36  14.160656  -4.938238  7.813
 18   173.166 52831.37540154 18.21  14.159926  -4.941538  7.813
 18   173.303 52831.37540218 18.63  14.159196  -4.944838  7.813
 18   173.074 52831.37540283 20.42  14.158466  -4.948148  7.813
 18   172.491 52831.37540347 21.58  14.157736  -4.951448  7.813
 18   173.376 52831.37540412 22.73  14.157006  -4.954758  7.813
 18   172.386 52831.37540476 22.67  14.156276  -4.958058  7.813
 18   172.636 52831.37540541 20.30  14.155552  -4.961362  6.073
 18   171.479 52831.37540605 19.31  14.154822  -4.964662  6.073
 20   173.709 52901.37547166 15.83  14.152864  -4.939075  8.122
 20   173.392 52901.37547230 16.04  14.152144  -4.942385  8.122
 20   173.431 52901.37547294 16.43  14.151414  -4.945685  8.122
 20   172.951 52901.37547359 16.00  14.150684  -4.948985  8.122
 20   173.041 52901.37547423 15.31  14.149954  -4.952295  8.122
 20   172.995 52901.37547488 16.64  14.149224  -4.955595  8.122
 20   173.422 52901.37547552 15.74  14.148494  -4.958905  8.122
 20   172.865 52901.37547617 15.55  14.147764  -4.962205  8.122
 20   172.820 52901.37547681 14.35  14.147034  -4.965515  8.122
 20   173.270 52901.37547746 14.19  14.146304  -4.968815  8.122
 20   173.012 52901.37547810 14.86  14.145569  -4.972120  6.773
 20   172.653 52901.37547875 23.03  14.144839  -4.975420  6.773
 21   249.860 52936.37541754  0.95  14.147077  -4.964447  1.648
 21   229.688 52936.37541819  3.04  14.146347  -4.967757  1.648
 21   227.740 52936.37541883  4.15  14.145617  -4.971057  1.648
 21   220.324 52936.37541948  5.10  14.144886  -4.974363  3.679
 22   179.160 52971.37543893 15.27  14.151067  -4.944972  4.960
 22   179.820 52971.37543957 14.24  14.150327  -4.948272  4.960
 22   180.336 52971.37544021 14.11  14.149607  -4.951582  4.960
 22   179.909 52971.37544086 13.21  14.148867  -4.954882  4.960
 22   178.927 52971.37544150 14.33  14.148146  -4.958186  2.380
 22   183.638 52971.37544215 12.70  14.147416  -4.961496  2.380
 23   251.283 53006.37545567  0.16  14.142628  -4.963037  1.334
 23   223.138 53006.37545631  1.67  14.141891  -4.966343  2.967
 23   226.702 53006.37545696  2.01  14.141161  -4.969643  2.967
 23   224.845 53006.37545760  2.33  14.140431  -4.972953  2.967
 23   229.643 53006.37545824  1.91  14.139701  -4.976253  2.967
 23   227.893 53006.37545889  2.48  14.138971  -4.979563  2.967
 25   216.582 53076.37543917  2.71  14.146682  -4.953703  8.658
 25   206.053 53076.37543981  7.54  14.145952  -4.957003  8.658
 25   205.474 53076.37544046  9.12  14.145222  -4.960303  8.658
 25   208.709 53076.37544110  7.23  14.144492  -4.963613  8.658
 25   206.145 53076.37544174  7.92  14.143762  -4.966913  8.658
 25   202.489 53076.37544239 10.07  14.143042  -4.970223  8.658
 25   191.009 53076.37544368 20.35  14.141582  -4.976833  8.658
 26   211.373 53111.37541025  5.78  14.142673  -4.959963  8.830
 26   217.281 53111.37541090  5.81  14.141943  -4.963263  8.830
 26   187.941 53111.37541154 21.53  14.141213  -4.966573  8.830
 26   172.128 53111.37541218 30.10  14.140483  -4.969873  8.830
 26   171.344 53111.37541283 40.02  14.139753  -4.973183  8.830
 26   171.252 53111.37541347 44.74  14.139023  -4.976483  8.830
 26   170.062 53111.37541412 41.02  14.138298  -4.979787 10.540
 26   172.593 53111.37541476 33.84  14.137568  -4.983087 10.540
 27   170.411 53146.37544907 26.55  14.150481  -4.939536 10.450
 27   171.207 53146.37544972 21.44  14.149741  -4.942836 10.450
 27   171.758 53146.37545036 18.47  14.149021  -4.946146 10.450
 27   170.515 53146.37545101 20.36  14.148281  -4.949446 10.450
 27   171.163 53146.37545165 18.95  14.147561  -4.952756 10.450
 27   171.666 53146.37545230 18.26  14.146821  -4.956056 10.450
 27   171.051 53146.37545294 18.44  14.146101  -4.959356 10.450
 27   171.209 53146.37545359 18.12  14.145371  -4.962666 10.450
 27   171.276 53146.37545423 18.09  14.144641  -4.965966 10.450
 27   170.711 53146.37545488 18.23  14.143911  -4.969276 10.450
 27   170.497 53146.37545552 16.67  14.143171  -4.972576 10.450
 27   171.205 53146.37545617 15.86  14.142451  -4.975886 10.450
 29   209.854 53216.37547929  3.54  14.151878  -4.941041  2.252
 29   198.159 53216.37547994  6.28  14.151148  -4.944341  2.252
 29   172.841 53216.37548058 11.96  14.150411  -4.947646  4.649
 29   165.275 53216.37548316 15.55  14.147491  -4.960866  4.649
 29   165.727 53216.37548380 14.29  14.146761  -4.964166  4.649
 29   166.090 53216.37548445 13.96  14.146031  -4.967466  4.649
 29   166.425 53216.37548509 14.60  14.145311  -4.970776  4.649
 29   166.598 53216.37548574 18.71  14.144571  -4.974076  4.649
 30   175.801 53251.37545779  7.49  14.150258  -4.941024  3.593
 30   173.565 53251.37545908 14.07  14.148798  -4.947634  3.593
 30   169.848 53251.37545972 14.76  14.148068  -4.950934  3.593
 30   169.436 53251.37546037 12.99  14.147338  -4.954234  3.593
 30   169.332 53251.37546101 12.72  14.146608  -4.957544  3.593
 30   169.702 53251.37546166 11.55  14.145878  -4.960844  3.593
 30   169.122 53251.37546230 11.63  14.145148  -4.964154  3.593
 30   168.932 53251.37546294 11.52  14.144418  -4.967454  3.593
 31   175.161 53286.37545219 12.46  14.146341  -4.943716  2.960
 31   174.680 53286.37545284 12.60  14.145611  -4.947026  2.960
 31   173.008 53286.37545348 12.01  14.144881  -4.950326  2.960
 31   171.396 53286.37545413 10.81  14.144151  -4.953626  2.960
 31   171.579 53286.37545477 10.34  14.143421  -4.956936  2.960
 31   171.805 53286.37545542  9.61  14.142698  -4.960240  3.930
 31   171.604 53286.37545606  9.83  14.141968  -4.963540  3.930
 32   280.347 53321.37542652  2.18  14.163288  -4.935554  3.136
 32   232.129 53321.37542716  2.46  14.162558  -4.938864  3.136
 32   249.540 53321.37543167  0.15  14.157459  -4.961989  2.435
 34   223.213 53391.37541300  1.15  14.148068  -4.957930  1.457
 34   221.188 53391.37541365  1.71  14.147344  -4.961234  3.816
 34   220.436 53391.37541429  1.78  14.146614  -4.964534  3.816
 34   218.197 53391.37541494  2.23  14.145884  -4.967844  3.816
 34   213.845 53391.37541558  3.32  14.145154  -4.971144  3.816
 34   214.069 53391.37541623  3.03  14.144424  -4.974454  3.816
 37   174.395 53496.37549663 16.15  14.144884  -4.945165 17.973
 37   175.583 53496.37549728 15.53  14.144154  -4.948475 17.973
 37   173.806 53496.37549792 15.34  14.143424  -4.951775 17.973
 37   175.466 53496.37549856 14.64  14.142694  -4.955085 17.973
 37   175.666 53496.37549921 13.63  14.141964  -4.958385 17.973
 37   170.533 53496.37549985 14.56  14.141234  -4.961691  4.938
 37   170.628 53496.37550050 14.48  14.140504  -4.964991  4.938
 37   170.145 53496.37550114 14.55  14.139774  -4.968301  4.938
 37   170.398 53496.37550179 13.73  14.139034  -4.971601  4.938
 37   170.610 53496.37550243 12.84  14.138314  -4.974911  4.938
 37   170.859 53496.37550308 13.15  14.137584  -4.978211  4.938
 37   173.900 53496.37550372 12.07  14.136854  -4.981511  4.938
 37   172.918 53496.37550437 11.17  14.136124  -4.984821  4.938
 38   170.972 53531.37547203 25.74  14.160467  -4.931865 11.281
 38   172.657 53531.37547267 21.45  14.159747  -4.935165 11.281
 38   171.451 53531.37547332 21.15  14.159017  -4.938475 11.281
 38   172.055 53531.37547396 19.81  14.158287  -4.941775 11.281
 38   171.648 53531.37547461 20.03  14.157557  -4.945075 11.281
 38   170.999 53531.37547525 21.48  14.156827  -4.948385 11.281
 38   171.555 53531.37547590 23.04  14.156097  -4.951685 11.281
 38   171.552 53531.37547654 27.81  14.155367  -4.954995 11.281
 38   170.314 53531.37547719 30.48  14.154637  -4.958295 11.281
 38   174.773 53531.37547783 27.44  14.153901  -4.961599  8.289
 38   170.525 53531.37547848 26.92  14.153171  -4.964909  8.289
 38   170.339 53531.37547912 31.41  14.152441  -4.968209  8.289
 39   170.870 53566.37549973 38.40  14.147119  -4.942349 11.166
 39   170.828 53566.37550037 35.82  14.146389  -4.945649 11.166
 39   172.415 53566.37550102 33.40  14.145659  -4.948959 11.166
 39   171.002 53566.37550166 38.49  14.144929  -4.952259 11.166
 39   171.740 53566.37550230 38.97  14.144199  -4.955569 11.166
 39   172.692 53566.37550295 40.47  14.143469  -4.958869 11.166
 39   171.061 53566.37550359 37.03  14.142734  -4.962173 16.424
 39   169.890 53566.37550424 36.74  14.142004  -4.965473 16.424
 39   169.421 53566.37550488 35.91  14.141274  -4.968783 16.424
 39   169.076 53566.37550553 33.41  14.140544  -4.972083 16.424
 39   169.437 53566.37550617 31.93  14.139814  -4.975393 16.424
 39   168.550 53566.37550682 36.38  14.139084  -4.978693 16.424
 39   168.573 53566.37550746 27.29  14.138354  -4.981993 16.424
 40   168.783 53601.37544134 19.05  14.157632  -4.933698 10.207
 40   169.092 53601.37544198 17.78  14.156902  -4.936998 10.207
 40   169.067 53601.37544263 18.79  14.156172  -4.940308 10.207
 40   168.486 53601.37544327 20.28  14.155442  -4.943608 10.207
 40   169.141 53601.37544392 20.32  14.154712  -4.946908 10.207
 40   169.085 53601.37544456 20.43  14.153982  -4.950218 10.207
 40   168.067 53601.37544521 21.34  14.153252  -4.953518 10.207
 40   167.478 53601.37544585 21.91  14.152522  -4.956828 10.207
 40   167.875 53601.37544650 22.82  14.151792  -4.960128 10.207
 40   167.502 53601.37544714 23.37  14.151059  -4.963434  7.786
 40   167.802 53601.37544779 25.51  14.150329  -4.966734  7.786
 40   167.443 53601.37544843 24.83  14.149599  -4.970044  7.786
 41   176.188 53636.37544047  7.74  14.149162  -4.942103  3.426
 41   174.101 53636.37544112 11.63  14.148422  -4.945403  3.426
 41   171.657 53636.37544176 13.63  14.147692  -4.948713  3.426
 41   170.440 53636.37544241 13.60  14.146962  -4.952013  3.426
 41   170.808 53636.37544305 12.75  14.146232  -4.955323  3.426
 41   170.531 53636.37544370 11.61  14.145502  -4.958623  3.426
 41   170.733 53636.37544434 11.53  14.144779  -4.961927  2.920
 41   170.628 53636.37544499 11.10  14.144049  -4.965237  2.920
 41   171.088 53636.37544563 10.94  14.143319  -4.968537  2.920
 41   170.819 53636.37544628 10.45  14.142589  -4.971837  2.920
 43   252.396 53706.37539705  0.62  14.156490  -4.960389  2.696
 43   231.274 53706.37539769  1.51  14.155760  -4.963689  2.696
 44   251.835 53741.37531015  0.78  14.154185  -4.960878  2.079
 44   223.937 53741.37531080  3.37  14.153458  -4.964185  4.713
 44   217.322 53741.37531144  4.26  14.152728  -4.967485  4.713
 46   169.864 53811.37531041 44.15  14.155169  -4.949998  9.805
 46   171.961 53811.37531106 41.93  14.154439  -4.953298  9.805
 46   174.407 53811.37531170 38.80  14.153709  -4.956608  9.805
 46   174.835 53811.37531235 39.59  14.152979  -4.959908  9.805
 46   174.715 53811.37531299 39.19  14.152249  -4.963218  9.805
 46   174.565 53811.37531364 37.79  14.151519  -4.966518  9.805
 46   174.150 53811.37531428 39.51  14.150789  -4.969825  5.992
 47   172.597 53846.37535801 33.60  14.149976  -4.942830  8.127
 47   171.178 53846.37535866 34.98  14.149246  -4.946140  8.127
 47   172.835 53846.37535930 30.93  14.148516  -4.949440  8.127
 47   173.845 53846.37535995 29.38  14.147786  -4.952750  8.127
 47   173.637 53846.37536059 30.51  14.147056  -4.956050  8.127
 47   173.520 53846.37536124 29.68  14.146326  -4.959350  8.127
 47   173.827 53846.37536188 29.21  14.145596  -4.962660  8.127
 47   176.991 53846.37536253 29.68  14.144873  -4.965964  2.902
 48   199.515 53881.37538038  4.51  14.158719  -4.937991  4.216
 48   169.361 53881.37538102 12.98  14.157989  -4.941301  4.216
 48   168.697 53881.37538167 16.77  14.157269  -4.944601  4.216
 48   168.422 53881.37538231 17.38  14.156529  -4.947901  4.216
 48   168.150 53881.37538296 18.20  14.155809  -4.951211  4.216
 48   169.111 53881.37538360 14.36  14.155069  -4.954511  4.216
 48   169.190 53881.37538425 13.93  14.154349  -4.957821  4.216
 48   169.319 53881.37538489 13.30  14.153609  -4.961121  4.216
 48   169.739 53881.37538554 13.38  14.152889  -4.964425  4.779
 48   170.326 53881.37538618 12.94  14.152149  -4.967735  4.779
 50   173.461 53951.37544897 21.39  14.143312  -4.946661 19.297
 50   174.023 53951.37544961 19.05  14.142582  -4.949961 19.297
 50   173.939 53951.37545026 17.14  14.141852  -4.953271 19.297
 50   172.146 53951.37545090 16.51  14.141122  -4.956571 19.297
 50   173.455 53951.37545155 16.60  14.140392  -4.959881 19.297
 50   172.716 53951.37545219 16.02  14.139662  -4.963181 19.297
 50   168.492 53951.37545284 17.23  14.138925  -4.966485  9.208
 50   168.088 53951.37545348 16.40  14.138195  -4.969795  9.208
 50   168.693 53951.37545413 15.56  14.137465  -4.973095  9.208
 50   168.510 53951.37545477 16.95  14.136735  -4.976395  9.208
 50   169.429 53951.37545542 16.37  14.136005  -4.979705  9.208
 50   168.515 53951.37545606 17.05  14.135275  -4.983005  9.208
 50   167.383 53951.37545671 24.64  14.134545  -4.986315  9.208
 52   194.064 54021.37542305 11.73  14.155702  -4.934282  4.985
 52   192.357 54021.37542369 15.77  14.154972  -4.937592  4.985
 52   192.330 54021.37542434 13.69  14.154242  -4.940892  4.985
 52   172.850 54021.37542563 35.65  14.152792  -4.947502  4.985
 52   169.760 54021.37542627 38.20  14.152052  -4.950802  4.985
 52   172.505 54021.37542692 32.41  14.151332  -4.954112  4.985
 52   173.033 54021.37542756 30.18  14.150592  -4.957412  4.985
 58   237.909 54231.37538697  0.90  14.147995  -4.969384  3.531
 58   216.533 54231.37538761  3.04  14.147265  -4.972694  3.531
 60   172.020 54301.37540270 34.49  14.156988  -4.933266 14.921
 60   171.674 54301.37540334 39.15  14.156258  -4.936566 14.921
 60   171.928 54301.37540399 37.22  14.155528  -4.939876 14.921
 60   171.613 54301.37540463 38.66  14.154798  -4.943176 14.921
 60   169.968 54301.37540527 40.79  14.154068  -4.946476 14.921
 60   170.900 54301.37540592 36.45  14.153338  -4.949786 14.921
 60   171.155 54301.37540656 36.78  14.152608  -4.953086 14.921
 60   169.356 54301.37540721 37.87  14.151878  -4.956396 14.921
 60   169.445 54301.37540785 39.87  14.151148  -4.959696 14.921
 60   171.328 54301.37540850 37.64  14.150411  -4.963001 11.995
 60   169.138 54301.37540914 39.00  14.149681  -4.966301 11.995
 60   171.203 54301.37540979 39.24  14.148951  -4.969611 11.995
 62   225.290 54371.37533558  5.22  14.155913  -4.936184  2.814
 62   222.671 54371.37533622  5.95  14.155182  -4.939489  4.457
 62   173.757 54371.37533816 14.50  14.152992  -4.949399  4.457
 62   206.025 54371.37533880 13.07  14.152262  -4.952709  4.457
 62   200.905 54371.37533945 13.36  14.151532  -4.956009  4.457
 62   174.730 54371.37534009 12.96  14.150802  -4.959309  4.457
 62   207.723 54371.37534074 12.29  14.150072  -4.962619  4.457
 62   207.205 54371.37534138 12.39  14.149332  -4.965919  4.457
 63   224.856 54406.37534081  2.35  14.148954  -4.961277  2.366
 63   218.625 54406.37534145  3.69  14.148224  -4.964577  2.366
 63   220.263 54406.37534210  3.59  14.147494  -4.967887  2.366
 63   219.912 54406.37534274  3.41  14.146764  -4.971187  2.366
 64   182.361 54441.37529536 34.19  14.154174  -4.942461  7.720
 64   180.478 54441.37529601 38.36  14.153444  -4.945771  7.720
 64   180.920 54441.37529665 34.19  14.152714  -4.949071  7.720
 64   181.838 54441.37529729 33.21  14.151984  -4.952381  7.720
 64   181.648 54441.37529794 34.04  14.151254  -4.955681  7.720
 64   182.638 54441.37529858 35.93  14.150529  -4.958986 10.985
 64   182.969 54441.37529923 37.07  14.149799  -4.962286 10.985
 64   182.540 54441.37529987 37.74  14.149069  -4.965596 10.985
 64   180.881 54441.37530052 38.80  14.148339  -4.968896 10.985
 64   134.533 54441.37530116 20.19  14.147609  -4.972206 10.985
 65   199.788 54476.37532325 12.07  14.156927  -4.933590  5.585
 65   198.521 54476.37532389 15.46  14.156197  -4.936900  5.585
 65   177.784 54476.37532518 29.36  14.154737  -4.943510  5.585
 65   177.932 54476.37532583 30.45  14.154007  -4.946810  5.585
 65   177.338 54476.37532647 30.83  14.153277  -4.950110  5.585
 65   177.517 54476.37532712 27.99  14.152547  -4.953420  5.585
 65   177.207 54476.37532776 27.52  14.151817  -4.956720  5.585
 67   174.597 54546.37533758 40.92  14.155577  -4.935783 11.580
 67   173.719 54546.37533822 42.14  14.154857  -4.939083 11.580
 67   175.656 54546.37533887 38.87  14.154127  -4.942383 11.580
 67   175.041 54546.37533951 40.91  14.153397  -4.945693 11.580
 67   175.327 54546.37534016 42.00  14.152667  -4.948993 11.580
 67   175.892 54546.37534080 41.96  14.151937  -4.952303 11.580
 67   174.396 54546.37534145 40.49  14.151207  -4.955603 11.580
 67   174.682 54546.37534209 41.23  14.150477  -4.958913 11.580
 67   173.068 54546.37534273 41.40  14.149747  -4.962213 11.580
 67   174.567 54546.37534338 38.83  14.149011  -4.965519 12.380
 67   173.476 54546.37534402 39.14  14.148281  -4.968819 12.380
 67   174.493 54546.37534467 40.49  14.147551  -4.972129 12.380
 68   269.314 54581.37530770  9.34  14.153777  -4.949472  7.879
 68   262.284 54581.37530835  3.11  14.153037  -4.952772  7.879
 68   253.674 54581.37531028  0.50  14.150858  -4.962687  4.284
 68   236.023 54581.37531093  2.15  14.150118  -4.965987  4.284
 68   215.205 54581.37531157  4.39  14.149398  -4.969297  4.284
 69   206.975 54616.37532705  4.74  14.156390  -4.936166  4.314
 69   200.173 54616.37532769  8.10  14.155660  -4.939466  4.314
 69   201.596 54616.37532834  8.31  14.154930  -4.942776  4.314
 69   169.179 54616.37533027 30.66  14.152740  -4.952686  4.314
 69   169.939 54616.37533092 27.88  14.152010  -4.955986  4.314
 69   170.960 54616.37533156 26.80  14.151280  -4.959296  4.314
 69   171.462 54616.37533221 25.99  14.150550  -4.962596  4.314
 69   171.489 54616.37533285 25.39  14.149813  -4.965899  6.455
 70   173.107 54651.37533997 29.41  14.153300  -4.936535 10.353
 70   169.903 54651.37534062 28.29  14.152560  -4.939835 10.353
 70   171.171 54651.37534126 20.89  14.151840  -4.943145 10.353
 70   171.168 54651.37534191 18.56  14.151110  -4.946445 10.353
 70   171.569 54651.37534255 16.67  14.150380  -4.949745 10.353
 70   170.852 54651.37534319 17.76  14.149650  -4.953055 10.353
 70   170.311 54651.37534384 17.35  14.148920  -4.956355 10.353
 70   170.910 54651.37534448 16.24  14.148190  -4.959665 10.353
 70   170.344 54651.37534513 15.93  14.147460  -4.962965 10.353
 70   169.773 54651.37534577 14.78  14.146722  -4.966269  5.673
 70   171.203 54651.37534642 15.30  14.145992  -4.969579  5.673
 70   171.037 54651.37534706 15.02  14.145262  -4.972879  5.673
 71   169.964 54686.37533164 15.26  14.155354  -4.935391  9.054
 71   170.004 54686.37533229 15.04  14.154634  -4.938701  9.054
 71   170.077 54686.37533293 16.04  14.153894  -4.942001  9.054
 71   170.132 54686.37533357 16.33  14.153174  -4.945311  9.054
 71   170.101 54686.37533422 16.41  14.152444  -4.948611  9.054
 71   168.969 54686.37533486 17.91  14.151714  -4.951921  9.054
 71   169.779 54686.37533551 16.42  14.150984  -4.955221  9.054
 71   168.999 54686.37533615 17.08  14.150254  -4.958521  9.054
 71   168.490 54686.37533680 16.93  14.149524  -4.961831  9.054
 71   169.479 54686.37533744 16.82  14.148794  -4.965131  9.054
 71   169.157 54686.37533809 18.33  14.148064  -4.968441  9.054
 71   168.614 54686.37533873 18.22  14.147334  -4.971741  9.054
 72   173.149 54721.37528464 13.55  14.156390  -4.933580  6.256
 72   172.560 54721.37528528 13.97  14.155660  -4.936880  6.256
 72   172.609 54721.37528593 11.82  14.154930  -4.940190  6.256
 72   173.280 54721.37528657 11.76  14.154200  -4.943490  6.256
 72   173.255 54721.37528722 11.23  14.153470  -4.946800  6.256
 72   172.699 54721.37528786 12.12  14.152740  -4.950100  6.256
 72   171.775 54721.37528851 11.69  14.152010  -4.953400  6.256
 72   172.016 54721.37528915 11.64  14.151280  -4.956710  6.256
 72   171.306 54721.37528980 11.11  14.150556  -4.960013  7.822
 72   171.356 54721.37529044 11.67  14.149826  -4.963323  7.822
 72   171.496 54721.37529109 10.93  14.149096  -4.966623  7.822
 72   171.476 54721.37529173 12.15  14.148366  -4.969923  7.822
 73   281.290 54756.37530766  1.51  14.154214  -4.937636  3.233
 73   276.533 54756.37530831  1.78  14.153484  -4.940946  3.233
 73   219.822 54756.37531282  2.41  14.148367  -4.964070  4.117
 73   219.281 54756.37531346  2.65  14.147637  -4.967380  4.117
 73   220.280 54756.37531411  2.63  14.146907  -4.970680  4.117
 73   218.831 54756.37531475  2.24  14.146177  -4.973980  4.117
 74   179.036 54791.37528032 29.83  14.151838  -4.943643  7.456
 74   179.335 54791.37528097 31.95  14.151108  -4.946943  7.456
 74   179.280 54791.37528161 32.30  14.150378  -4.950253  7.456
 74   180.961 54791.37528226 33.50  14.149648  -4.953553  7.456
 74   180.485 54791.37528290 39.29  14.148923  -4.956858 15.869
 74   179.440 54791.37528354 44.25  14.148193  -4.960158 15.869
 74   180.428 54791.37528419 41.99  14.147463  -4.963468 15.869
 74   181.060 54791.37528483 41.05  14.146733  -4.966768 15.869
 74   179.409 54791.37528548 41.85  14.146003  -4.970078 15.869
 74   178.854 54791.37528612 43.66  14.145273  -4.973378 15.869
 76   217.688 54861.37527868  2.21  14.148704  -4.967046  4.169
 76   214.451 54861.37527932  3.20  14.147974  -4.970356  4.169
 78   243.154 54931.37527577  0.84  14.146054  -4.970848  3.092
 78   209.820 54931.37527641  5.07  14.145324  -4.974148  3.092
 79   175.542 54966.37530653 30.40  14.152914  -4.944880  9.763
 79   175.610 54966.37530717 37.79  14.152184  -4.948180  9.763
 79   174.449 54966.37530782 39.76  14.151454  -4.951480  9.763
 79   176.713 54966.37530846 36.53  14.150724  -4.954790  9.763
 79   175.878 54966.37530911 36.51  14.149994  -4.958090  9.763
 79   174.870 54966.37530975 36.30  14.149264  -4.961400  9.763
 79   175.431 54966.37531040 34.54  14.148534  -4.964700  9.763
 79   175.238 54966.37531104 33.34  14.147796  -4.968004  6.169
 80   186.147 55001.37532579  7.37  14.151634  -4.938113  3.022
 80   174.484 55001.37532644 11.73  14.150904  -4.941413  3.022
 80   172.902 55001.37532708 13.07  14.150174  -4.944723  3.022
 80   171.938 55001.37532773 13.63  14.149444  -4.948023  3.022
 80   171.696 55001.37532837 11.70  14.148714  -4.951333  3.022
 80   171.963 55001.37532902 11.67  14.147984  -4.954633  3.022
 80   171.489 55001.37532966 10.70  14.147254  -4.957933  3.022
 80   171.607 55001.37533031 10.82  14.146524  -4.961243  3.022
 80   171.233 55001.37533095 11.01  14.145787  -4.964546  3.906
 81   175.870 55036.37531057 16.13  14.156555  -4.935160 17.760
 81   174.740 55036.37531122 15.61  14.155835  -4.938470 17.760
 81   175.654 55036.37531186 14.38  14.155095  -4.941770 17.760
 81   175.900 55036.37531251 14.33  14.154375  -4.945080 17.760
 81   174.682 55036.37531315 15.64  14.153635  -4.948380 17.760
 81   175.781 55036.37531380 14.60  14.152905  -4.951690 17.760
 81   175.456 55036.37531444 14.46  14.152175  -4.954990 17.760
 81   171.157 55036.37531509 16.43  14.151455  -4.958300 17.760
 81   171.138 55036.37531573 15.82  14.150725  -4.961600 17.760
 81   172.822 55036.37531637 15.52  14.149995  -4.964900 17.760
 81   170.932 55036.37531702 18.24  14.149265  -4.968210 17.760
 81   171.265 55036.37531766 25.79  14.148535  -4.971510 17.760
 82   171.800 55071.37529899 10.87  14.155467  -4.935611  2.549
 82   170.036 55071.37529964 11.78  14.154727  -4.938911  2.549
 82   170.152 55071.37530028 11.03  14.154007  -4.942221  2.549
 82   170.139 55071.37530093 10.70  14.153277  -4.945521  2.549
 82   171.412 55071.37530157 10.22  14.152547  -4.948831  2.549
 82   170.931 55071.37530222  9.69  14.151817  -4.952131  2.549
 82   169.767 55071.37530286  9.72  14.151087  -4.955431  2.549
 82   168.936 55071.37530351  9.72  14.150357  -4.958741  2.549
 83   173.794 55106.37524391  8.98  14.153197  -4.938491  3.079
 83   173.688 55106.37524456 11.24  14.152477  -4.941801  3.079
 83   172.287 55106.37524520 13.07  14.151737  -4.945101  3.079
 83   171.928 55106.37524585 12.54  14.151017  -4.948411  3.079
 83   171.439 55106.37524649 12.11  14.150277  -4.951711  3.079
 83   171.751 55106.37524714 11.20  14.149547  -4.955011  3.079
 83   171.331 55106.37524778 10.61  14.148817  -4.958321  3.079
 83   171.449 55106.37524843 10.01  14.148094  -4.961623  4.709
 83   171.725 55106.37524907  9.92  14.147364  -4.964933  4.709
 84   221.215 55141.37525366  1.85  14.149521  -4.957799  5.123
 84   220.157 55141.37525430  2.38  14.148791  -4.961109  5.123
 84   218.160 55141.37525495  2.70  14.148061  -4.964409  5.123
 84   218.821 55141.37525559  2.62  14.147331  -4.967719  5.123
 84   176.581 55141.37525624 12.43  14.146611  -4.971019  5.123
 84   176.841 55141.37525688 15.08  14.145881  -4.974329  5.123
 85   179.656 55176.37521415 41.31  14.153543  -4.946656 10.208
 85   176.921 55176.37521480 41.07  14.152813  -4.949966 10.208
 85   181.187 55176.37521544 36.29  14.152083  -4.953266 10.208
 85   181.669 55176.37521609 34.78  14.151359  -4.956571  8.121
 85   182.730 55176.37521673 37.20  14.150629  -4.959871  8.121
 85   182.710 55176.37521738 37.46  14.149899  -4.963181  8.121
 85   184.148 55176.37521802 37.28  14.149169  -4.966481  8.121
 85   182.728 55176.37521867 37.35  14.148439  -4.969791  8.121
 86   220.509 55211.37524970  1.69  14.148435  -4.964823  3.832
 86   218.982 55211.37525035  2.10  14.147715  -4.968123  3.832
 86   209.705 55211.37525099  4.92  14.146985  -4.971433  3.832
 87   172.897 55246.37521832 17.21  14.152942  -4.943885  4.171
 87   172.781 55246.37521896 17.10  14.152212  -4.947195  4.171
 87   173.066 55246.37521961 14.87  14.151482  -4.950495  4.171
 87   173.311 55246.37522025 15.70  14.150752  -4.953805  4.171
 87   173.916 55246.37522090 13.63  14.150022  -4.957105  4.171
 87   173.790 55246.37522154 13.88  14.149291  -4.960409  7.246
 87   173.299 55246.37522219 12.85  14.148561  -4.963709  7.246
 87   173.810 55246.37522283 12.71  14.147831  -4.967019  7.246
 87   174.082 55246.37522348 13.18  14.147091  -4.970319  7.246
 87   174.859 55246.37522412 13.42  14.146361  -4.973629  7.246
 89   178.034 55316.37520551 25.43  14.152949  -4.941284  8.374
 89   177.514 55316.37520616 33.60  14.152219  -4.944594  8.374
 89   177.634 55316.37520680 37.43  14.151489  -4.947894  8.374
 89   177.294 55316.37520745 34.34  14.150759  -4.951204  8.374
 89   177.481 55316.37520809 32.80  14.150029  -4.954504  8.374
 89   177.915 55316.37520874 32.82  14.149299  -4.957814  8.374
 89   177.392 55316.37520938 32.89  14.148569  -4.961114  8.374
 90   170.298 55351.37520951 32.18  14.155264  -4.935676  9.556
 90   172.456 55351.37521016 21.72  14.154534  -4.938976  9.556
 90   173.087 55351.37521080 16.47  14.153804  -4.942286  9.556
 90   174.041 55351.37521145 16.46  14.153074  -4.945586  9.556
 90   173.435 55351.37521209 17.43  14.152344  -4.948886  9.556
 90   174.223 55351.37521274 16.33  14.151614  -4.952196  9.556
 90   174.322 55351.37521338 16.04  14.150884  -4.955496  9.556
 90   173.559 55351.37521403 16.69  14.150154  -4.958806  9.556
 90   172.669 55351.37521467 16.41  14.149424  -4.962106  9.556
 90   172.896 55351.37521532 15.61  14.148689  -4.965410  5.709
 90   172.512 55351.37521596 15.44  14.147959  -4.968710  5.709
 90   173.850 55351.37521661 15.07  14.147229  -4.972020  5.709
 91   175.235 55386.37520442  7.62  14.153256  -4.936521  3.555
 91   169.924 55386.37520571 18.98  14.151796  -4.943121  3.555
 91   170.042 55386.37520635 18.65  14.151066  -4.946431  3.555
 91   170.431 55386.37520700 17.38  14.150336  -4.949731  3.555
 91   170.852 55386.37520764 15.26  14.149606  -4.953041  3.555
 91   170.755 55386.37520829 14.86  14.148876  -4.956341  3.555
 91   169.368 55386.37520893 15.19  14.148153  -4.959645  3.577
 92   174.040 55421.37522719 21.63  14.156210  -4.935616 11.874
 92   171.466 55421.37522784 20.59  14.155490  -4.938926 11.874
 92   170.134 55421.37522848 21.24  14.154760  -4.942226 11.874
 92   170.428 55421.37522912 19.63  14.154030  -4.945536 11.874
 92   169.977 55421.37522977 20.89  14.153300  -4.948836 11.874
 92   169.861 55421.37523041 20.06  14.152570  -4.952136 11.874
 92   170.186 55421.37523106 19.98  14.151840  -4.955446 11.874
 92   169.688 55421.37523170 19.62  14.151110  -4.958746 11.874
 92   169.534 55421.37523235 20.40  14.150380  -4.962056 11.874
 92   169.924 55421.37523299 20.37  14.149650  -4.965356 11.874
 92   169.317 55421.37523364 19.28  14.148913  -4.968661  4.559
 92   170.611 55421.37523428 18.87  14.148183  -4.971961  4.559
 93   176.062 55456.37520230 26.55  14.156277  -4.933772 20.886
 93   175.077 55456.37520294 21.27  14.155547  -4.937082 20.886
 93   174.147 55456.37520359 20.58  14.154817  -4.940382 20.886
 93   176.564 55456.37520423 20.57  14.154087  -4.943692 20.886
 93   171.586 55456.37520488 21.37  14.153367  -4.946992 20.886
 93   172.002 55456.37520552 22.86  14.152637  -4.950302 20.886
 93   172.366 55456.37520617 22.27  14.151907  -4.953602 20.886
 93   171.061 55456.37520681 22.30  14.151177  -4.956902 20.886
 93   170.256 55456.37520746 23.87  14.150447  -4.960212 20.886
 93   170.757 55456.37520810 23.11  14.149717  -4.963512 20.886
 93   170.272 55456.37520874 23.44  14.148987  -4.966822 20.886
 93   170.122 55456.37520939 21.92  14.148257  -4.970122 20.886
