#    1.006  -2.889   3.388 ;Mean Elev.(m), Avg Gradient(m/km), RMS Gradient(m/km) - SRTM1     
#    2.302  -3.197   4.319 ;Mean Elev.(m), Avg Gradient(m/km), RMS Gradient(m/km) - ASTER GDEM
#    1.107  -3.803   4.358 ;Mean Elev.(m), Avg Gradient(m/km), RMS Gradient(m/km) - GMTED2010 
  6  12.932363  -5.937352     2.775     2.746 20 52418.88326039 18.624
  7  12.931609  -5.938134     6.745     6.671 20 52453.88328612 15.841
  8  12.936554  -5.922648     1.699     1.655 12 52488.88326702 18.057
  9  12.934703  -5.932062     2.016     2.011 18 52523.88324030 18.153
 10  12.932204  -5.931429     2.649     2.634 16 52558.88329027 16.545
 11  12.928225  -5.927176     3.309     3.264 13 52593.88329295 19.422
 12  12.939311  -5.923233     4.219     4.210 12 52628.88321960 47.714
 13  12.933823  -5.932444     3.767     3.760 18 52663.88325373 26.715
 14  12.941794  -5.935669     2.827     2.829 19 52698.88322794 48.658
 15  12.942968  -5.933387     2.794     2.799 19 52733.88325277 48.413
 16  12.932651  -5.932141     2.414     2.450 17 52768.88325328 23.263
 17  12.936145  -5.934374     2.077     2.009 18 52803.88327792 25.802
 18  12.937828  -5.933027     2.039     2.021 19 52838.88334106 25.638
 19  12.935534  -5.927349     1.963     1.907 14 52873.88338174 22.252
 20  12.940263  -5.934075     2.801     2.805 19 52908.88335974 27.493
 21  12.941459  -5.921354     2.634     2.641 12 52943.88329356 23.522
 22  12.932709  -5.913831     4.165     3.843  6 52978.88335086 43.636
 23  12.934013  -5.937489     3.478     3.374 21 53013.88334479 25.861
 24  12.936585  -5.933594     3.120     3.032 18 53048.88331704 38.007
 25  12.929052  -5.935831     1.796     1.812 17 53083.88335201 21.395
 26  12.934009  -5.938660     2.191     2.127 20 53118.88332168 22.207
 27  12.930569  -5.935217     1.634     1.563 18 53153.88337399 19.856
 28  12.941843  -5.930912     1.676     1.617 16 53188.88336341 31.960
 29  12.938596  -5.936468     1.754     1.679 20 53223.88337747 28.243
 30  12.929742  -5.926957     1.866     1.843 14 53258.88335471 16.767
 31  12.930079  -5.941346     2.600     2.536 18 53293.88337574 16.470
 32  12.933637  -5.916087     3.511     3.622  8 53328.88335379 50.601
 33  12.935952  -5.918155     3.422     3.396 10 53363.88330543 32.717
 34  12.936030  -5.937093     3.033     2.969 21 53398.88332524 31.823
 35  12.938595  -5.935860     2.022     2.086 19 53433.88331588 25.490
 36  12.934480  -5.931843     2.156     2.124 18 53468.88335773 24.172
 38  12.934728  -5.934428     1.662     1.695 18 53538.88340030 23.889
 39  12.932578  -5.937045     1.985     1.953 20 53573.88339824 16.827
 40  12.933477  -5.930731     1.597     1.619 17 53608.88334912 19.277
 41  12.936380  -5.936987     2.444     2.444 21 53643.88335010 20.947
 42  12.930096  -5.931289     2.901     2.816 16 53678.88336916 23.723
 43  12.937362  -5.926175     3.085     3.092 14 53713.88329830 22.509
 44  12.941991  -5.935497     2.718     2.623 19 53748.88321095 33.230
 45  12.938446  -5.927058     2.380     2.455 15 53783.88324330 25.358
 46  12.938685  -5.934308     2.241     2.239 18 53818.88320377 50.848
 47  12.932762  -5.936897     2.318     2.322 20 53853.88328260 17.366
 48  12.942747  -5.929822     2.230     2.107 16 53888.88329172 23.944
 49  12.924656  -5.927611     1.364     1.397 14 53923.88336073 16.584
 50  12.927193  -5.928543     1.834     1.849 14 53958.88335184 13.980
 51  12.937973  -5.924794     2.129     2.145 13 53993.88328216 15.022
 52  12.936853  -5.927069     2.680     2.719 15 54028.88334156 24.700
 53  12.935910  -5.915345     3.927     3.798  7 54063.88333705 48.022
 54  12.936098  -5.936721     4.104     3.855 21 54098.88330004 32.284
 55  12.936868  -5.933507     3.280     3.266 18 54133.88325797 42.268
 57  12.935952  -5.933136     2.475     2.418 19 54203.88326163 45.466
 58  12.936857  -5.933502     2.555     2.521 19 54238.88329679 38.017
 59  12.936567  -5.933458     2.059     2.079 19 54273.88331463 26.897
 60  12.936771  -5.933346     2.015     1.974 19 54308.88331600 44.072
 61  12.937598  -5.936361     2.385     2.403 21 54343.88329295 23.639
 62  12.937151  -5.936116     2.601     2.562 21 54378.88325115 28.631
 63  12.934436  -5.926622     3.386     3.419 15 54413.88324262 22.358
 64  12.937432  -5.937366     3.751     3.730 20 54448.88321743 35.599
 65  12.938358  -5.935139     3.388     3.404 19 54483.88323493 28.469
 66  12.937934  -5.934311     2.672     2.597 19 54518.88323157 37.634
 67  12.935993  -5.935135     2.250     2.272 19 54553.88324678 22.359
 68  12.936237  -5.933685     2.620     2.615 18 54588.88322811 33.434
 69  12.936189  -5.935209     2.187     2.147 19 54623.88324524 23.244
 70  12.934211  -5.933082     1.706     1.751 18 54658.88325421 21.383
 71  12.936175  -5.933024     1.741     1.746 19 54693.88323502 25.276
 72  12.937388  -5.935278     2.566     2.511 19 54728.88320819 31.451
 73  12.934514  -5.927719     2.807     2.816 14 54763.88321358 16.816
 74  12.933556  -5.922353     3.550     3.567 12 54798.88320332 26.032
 75  12.935915  -5.934617     3.509     3.509 20 54833.88320305 33.043
 76  12.938092  -5.937069     2.594     2.562 20 54868.88319753 27.273
 77  12.934263  -5.935578     3.038     2.931 19 54903.88321182 50.937
 78  12.936528  -5.933305     2.704     2.676 19 54938.88318907 51.166
 79  12.935956  -5.934793     2.643     2.612 20 54973.88322043 24.680
 80  12.935556  -5.937000     2.463     2.469 21 55008.88323390 17.649
 81  12.936928  -5.934769     1.816     1.768 20 55043.88322401 24.219
 82  12.936421  -5.936030     1.988     1.988 19 55078.88320124 19.210
 83  12.936148  -5.930463     1.984     2.176 17 55113.88315723 24.929
 84  12.935055  -5.933886     3.183     3.176 18 55148.88315655 31.871
 85  12.932321  -5.915452     3.906     3.901  7 55183.88314258 38.773
 86  12.933750  -5.928504     3.396     3.404 16 55218.88315583 50.277
 87  12.938621  -5.935912     2.684     2.640 20 55253.88313415 27.857
 88  12.934148  -5.930946     2.215     2.837 17 55288.88314492 31.257
 89  12.934515  -5.935333     2.752     2.789 19 55323.88312259 22.031
 90  12.935662  -5.936041     2.403     2.339 20 55358.88312048 23.565
 91  12.936231  -5.934188     2.228     2.221 19 55393.88312429 18.929
 92  12.935511  -5.926377     1.949     1.971 15 55428.88313817 17.743
 93  12.937510  -5.933541     2.445     2.420 18 55463.88309988 20.324
