#  321.922  -0.909   2.120 ;Mean Elev.(m), Avg Gradient(m/km), RMS Gradient(m/km) - SRTM1     
#  326.141  -0.621   2.886 ;Mean Elev.(m), Avg Gradient(m/km), RMS Gradient(m/km) - ASTER GDEM
#  323.818  -0.799   2.038 ;Mean Elev.(m), Avg Gradient(m/km), RMS Gradient(m/km) - GMTED2010 
 10  19.196455   1.648217   319.577   319.577  2 52561.36410500 51.697
 15  19.199554   1.648936   319.336   319.336  2 52736.36408829 51.527
 18  19.197103   1.648569   319.289   319.289  2 52841.36417159 51.377
 20  19.203081   1.646431   320.038   320.025  6 52911.36417378 53.784
 28  19.200598   1.644020   318.222   318.269  6 53191.36419368 40.473
 29  19.199634   1.648659   317.151   317.151  2 53226.36419731 19.777
 32  19.197049   1.648918   320.143   320.143  2 53331.36417670 53.700
 35  19.198094   1.648198   318.148   318.148  2 53436.36414011 39.409
 41  19.197346   1.648400   318.884   318.884  2 53646.36417400 45.690
 43  19.199981   1.649861   319.961   319.961  2 53716.36411770 28.978
 44  19.201563   1.644064   318.800   318.801  6 53751.36403691 51.726
 45  19.201068   1.651380   318.295   318.295  2 53786.36406577 40.638
 48  19.201138   1.644529   319.606   319.626  5 53891.36412321 49.018
 51  19.199765   1.649658   318.270   318.270  2 53996.36411115 40.557
 53  19.199138   1.649614   320.737   320.737  2 54066.36415914 52.438
 55  19.196436   1.648183   319.776   319.776  2 54136.36408609 30.846
 59  19.196960   1.648592   319.446   319.446  2 54276.36413910 23.062
 63  19.196284   1.648123   320.480   320.480  2 54416.36406312 49.318
 66  19.198136   1.649472   319.238   319.238  2 54521.36405877 17.239
 75  19.196568   1.648417   319.475   319.475  2 54836.36402647 50.746
 81  19.197130   1.648356   318.653   318.653  2 55046.36404841 17.298
 83  19.197375   1.649144   319.281   319.281  2 55116.36398093 50.175
 85  19.195886   1.647929   320.498   320.498  2 55186.36396661 47.171
 92  19.198501   1.649309   319.039   319.039  2 55431.36395894 18.070
 93  19.198290   1.649765   319.353   319.353  2 55466.36391974 50.504
