#  431.108  -1.182   7.144 ;Mean Elev.(m), Avg Gradient(m/km), RMS Gradient(m/km) - SRTM1     
#  421.865  -1.148   7.596 ;Mean Elev.(m), Avg Gradient(m/km), RMS Gradient(m/km) - ASTER GDEM
#  438.368  -0.911   6.629 ;Mean Elev.(m), Avg Gradient(m/km), RMS Gradient(m/km) - GMTED2010 
  7  25.739890  -1.248037   425.955   425.935  4 52476.34472071 51.354
  9  25.744626  -1.254933   425.615   425.527  4 52546.34469639 32.897
 10  25.743610  -1.253717   426.425   426.413  3 52581.34471621 50.056
 11  25.741037  -1.248912   427.037   427.084  4 52616.34468575 48.932
 12  25.748393  -1.261031   427.911   427.888  4 52651.34466430 51.335
 13  25.746550  -1.257218   426.989   426.871  3 52686.34465493 51.695
 14  25.742799  -1.253858   549.987   549.987  2 52721.34470406 34.750
 16  25.744722  -1.254529   426.104   426.098  4 52791.34467671 52.063
 17  25.746232  -1.257752   426.464   426.427  4 52826.34474636 49.958
 18  25.747697  -1.258886   425.533   425.481  4 52861.34479212 50.165
 19  25.742335  -1.251179   425.600   425.688  3 52896.34482103 20.679
 20  25.741628  -1.250305   425.171   425.156  3 52931.34476876 52.548
 21  25.745903  -1.255674   425.681   425.676  3 52966.34476769 51.828
 22  25.738471  -1.246846   427.342   427.414  4 53001.34479585 48.357
 23  25.741766  -1.249486   427.587   427.520  4 53036.34474542 49.913
 24  25.743354  -1.253121   426.895   426.891  3 53071.34476834 48.850
 25  25.741321  -1.250395   426.864   426.731  4 53106.34474652 51.631
 26  25.744515  -1.253363   426.251   426.167  3 53141.34477538 45.376
 27  25.744337  -1.254296   425.616   425.190  3 53176.34480473 50.204
 29  25.744922  -1.254936   424.837   424.804  4 53246.34479212 44.417
 30  25.742308  -1.249453   425.048   425.049  4 53281.34477707 50.716
 31  25.744869  -1.254891   426.553   426.595  3 53316.34478879 46.341
 32  25.746932  -1.259423   427.753   427.526  3 53351.34475526 51.381
 33  25.743747  -1.251950   427.116   426.805  3 53386.34473965 49.997
 34  25.749580  -1.262359   426.577   426.601  4 53421.34474471 51.656
 35  25.746207  -1.260019   427.511   427.339  3 53456.34474971 50.220
 36  25.738056  -1.246528   426.184   426.180  4 53491.34483230 36.331
 37  25.746947  -1.259369   426.370   426.377  4 53526.34481682 49.770
 38  25.738788  -1.246491   425.357   425.357  4 53561.34484337 44.512
 39  25.747715  -1.260289   424.801   424.792  3 53596.34478447 50.438
 40  25.739400  -1.251524   424.772   424.811  3 53631.34477740 50.403
 41  25.740513  -1.249882   425.692   425.624  4 53666.34480015 35.259
 42  25.746544  -1.257522   426.921   426.956  4 53701.34475169 49.682
 43  25.747718  -1.261048   426.665   426.612  4 53736.34466251 51.217
 44  25.748515  -1.260300   426.389   426.295  4 53771.34466718 51.554
 47  25.745748  -1.257002   426.862   426.840  3 53876.34472520 22.912
 48  25.739486  -1.247535   425.397   425.381  4 53911.34477252 51.794
 49  25.737157  -1.244771   424.771   424.728  4 53946.34479015 51.697
 50  25.743207  -1.251283   425.023   424.989  3 53981.34473632 50.093
 51  25.745579  -1.255616   425.016   425.034  4 54016.34475937 50.518
 52  25.750098  -1.262031   427.597   427.621  4 54051.34475997 43.093
 53  25.744832  -1.255418   429.388   429.387  3 54086.34475068 49.236
 54  25.744525  -1.254240   428.825   428.509  3 54121.34467564 50.524
 55  25.743734  -1.252633   427.943   427.951  4 54156.34470988 51.649
 56  25.744691  -1.253454   428.142   427.812  3 54191.34467369 47.009
 57  25.744099  -1.251881   427.784   427.787  3 54226.34472037 50.590
 58  25.744611  -1.254757   427.569   427.594  4 54261.34474093 51.021
 59  25.744953  -1.254523   426.425   426.534  3 54296.34474567 51.972
 60  25.745817  -1.255922   425.637   425.621  4 54331.34473710 50.116
 61  25.744659  -1.254206   426.285   426.277  4 54366.34467975 51.363
 62  25.745468  -1.254513   426.597   426.509  3 54401.34467932 51.416
 63  25.744266  -1.254150   427.507   427.493  3 54436.34463649 50.020
 64  25.746059  -1.256763   427.984   427.795  3 54471.34466412 51.551
 65  25.744896  -1.253742   427.941   427.795  3 54506.34464912 51.674
 66  25.745420  -1.256428   427.470   427.402  4 54541.34467861 51.281
 67  25.744832  -1.255215   427.450   427.171  3 54576.34465053 36.834
 68  25.745021  -1.254361   426.898   427.094  3 54611.34466989 46.898
 69  25.744130  -1.253116   425.444   425.483  3 54646.34467711 51.267
 70  25.744416  -1.253339   425.886   426.091  3 54681.34467783 50.936
 71  25.745507  -1.255628   425.300   425.170  4 54716.34462764 51.407
 72  25.744013  -1.253066   426.251   426.222  3 54751.34464986 48.738
 73  25.744741  -1.253960   428.090   427.951  3 54786.34461715 49.544
 74  25.744913  -1.254668   427.504   427.445  3 54821.34464317 49.913
 75  25.744947  -1.256220   427.934   427.915  3 54856.34461386 49.734
 76  25.743208  -1.252106   427.476   427.263  3 54891.34464679 51.450
 77  25.743521  -1.252673   427.341   427.183  3 54926.34461114 28.011
 78  25.744004  -1.251431   427.620   427.425  3 54961.34464444 25.017
 79  25.742794  -1.250053   426.440   426.253  4 54996.34466607 51.074
 80  25.744192  -1.252459   425.806   425.450  3 55031.34465593 52.666
 81  25.745413  -1.254486   425.380   425.420  3 55066.34464578 50.563
 82  25.743377  -1.252977   426.264   426.305  3 55101.34458735 53.125
 83  25.744400  -1.254204   426.411   426.275  3 55136.34459211 50.949
 84  25.745002  -1.254720   428.151   428.120  4 55171.34455426 50.641
 85  25.744311  -1.254012   428.008   427.992  3 55206.34458566 48.636
 86  25.743703  -1.253860   428.295   428.295  2 55241.34456023 46.775
 87  25.744161  -1.253567   428.543   428.542  4 55276.34457911 50.324
 88  25.744836  -1.255211   428.434   428.404  4 55311.34454415 51.110
 89  25.745325  -1.254365   427.213   427.078  3 55346.34454893 51.001
 90  25.744692  -1.253257   426.087   426.002  3 55381.34454097 21.155
 91  25.744775  -1.254755   425.769   425.658  4 55416.34456793 47.992
 92  25.745166  -1.256185   426.029   425.999  4 55451.34455233 48.905
 93  25.745279  -1.256697   426.064   425.722  3 55486.34447631 51.564
