# NaN NaN NaN ;Mean Elev.(m), Avg Gradient(m/km), RMS Gradient(m/km) - SRTM1     
# NaN NaN NaN ;Mean Elev.(m), Avg Gradient(m/km), RMS Gradient(m/km) - ASTER GDEM
#  304.468  -0.435   2.563 ;Mean Elev.(m), Avg Gradient(m/km), RMS Gradient(m/km) - GMTED2010 
  7   302.485 52475.36644856 10.77  18.092578  -0.079111  4.582
  7   302.409 52475.36644920 10.76  18.091848  -0.082411  4.582
  7   301.994 52475.36644985 11.02  18.091118  -0.085721  4.582
  7   301.552 52475.36645049 12.05  18.090398  -0.089021  4.582
  7   301.325 52475.36645114 12.24  18.089668  -0.092331  4.582
  7   301.125 52475.36645178 12.07  18.088938  -0.095631  4.582
  7   301.184 52475.36645243 12.76  18.088218  -0.098941  4.582
  7   301.286 52475.36645307 13.10  18.087488  -0.102251  4.582
  7   301.604 52475.36645372 14.00  18.086768  -0.105551  4.582
  7   301.529 52475.36645436 22.77  18.086038  -0.108861  4.582
  7   301.540 52475.36645501 23.81  18.085308  -0.112161  4.582
  8   301.833 52510.36640282 11.40  18.105175  -0.064728  3.548
  8   301.637 52510.36640346 11.41  18.104445  -0.068038  3.548
  8   301.687 52510.36640411 11.33  18.103725  -0.071338  3.548
  8   301.670 52510.36640475 11.44  18.102995  -0.074648  3.548
  8   301.557 52510.36640540 11.59  18.102275  -0.077958  3.548
  8   301.471 52510.36640604 11.69  18.101545  -0.081258  3.548
  8   301.565 52510.36640668 12.40  18.100815  -0.084568  3.548
  8   301.656 52510.36640733 12.72  18.100095  -0.087868  3.548
  8   301.612 52510.36640797 13.15  18.099365  -0.091178  3.548
  8   301.487 52510.36640862 13.36  18.098635  -0.094478  3.548
  8   301.409 52510.36640926 12.96  18.097915  -0.097788  3.548
  9   302.768 52545.36641522 52.48  18.102755  -0.069500 10.678
  9   302.711 52545.36641586 54.19  18.102023  -0.072809 45.898
  9   302.666 52545.36641651 51.67  18.101303  -0.076109 45.898
  9   302.622 52545.36641715 50.47  18.100573  -0.079419 45.898
  9   302.579 52545.36641780 50.20  18.099843  -0.082719 45.898
  9   302.567 52545.36641844 45.50  18.099123  -0.086029 45.898
  9   302.648 52545.36641909 47.51  18.098393  -0.089339 45.898
  9   302.637 52545.36641973 43.72  18.097663  -0.092639 45.898
  9   302.543 52545.36642038 40.39  18.096943  -0.095949 45.898
  9   302.678 52545.36642102 46.19  18.096213  -0.099249 45.898
 10   303.382 52580.36644647 46.59  18.096460  -0.077074 23.115
 10   303.364 52580.36644712 46.58  18.095730  -0.080384 23.115
 10   303.257 52580.36644776 39.54  18.095000  -0.083684 23.115
 10   303.250 52580.36644841 36.75  18.094280  -0.086994 23.115
 10   303.329 52580.36644905 33.78  18.093550  -0.090304 23.115
 10   303.235 52580.36644970 28.09  18.092830  -0.093604 23.115
 10   302.935 52580.36645034 25.57  18.092100  -0.096914 23.115
 10   303.054 52580.36645098 27.42  18.091370  -0.100214 23.115
 10   303.235 52580.36645163 33.27  18.090650  -0.103524 23.115
 10   303.282 52580.36645227 41.54  18.089920  -0.106824 23.115
 11   304.116 52615.36641579 51.15  18.093525  -0.080278 26.102
 11   304.028 52615.36641643 53.07  18.092795  -0.083578 26.102
 11   303.956 52615.36641708 51.02  18.092075  -0.086888 26.102
 11   303.948 52615.36641772 50.12  18.091345  -0.090198 26.102
 11   303.879 52615.36641837 43.86  18.090615  -0.093498 26.102
 11   303.916 52615.36641901 49.42  18.089895  -0.096808 26.102
 11   303.893 52615.36641965 52.75  18.089165  -0.100108 26.102
 11   303.896 52615.36642030 52.64  18.088444  -0.103418 36.466
 11   303.889 52615.36642094 51.94  18.087714  -0.106718 36.466
 11   303.911 52615.36642159 53.10  18.086984  -0.110028 36.466
 12   304.376 52650.36639083 44.78  18.105258  -0.065331 22.176
 12   304.329 52650.36639148 29.72  18.104538  -0.068641 22.176
 12   304.049 52650.36639212 25.65  18.103808  -0.071941 22.176
 12   303.863 52650.36639277 22.49  18.103078  -0.075251 22.176
 12   303.888 52650.36639341 19.90  18.102358  -0.078551 22.176
 12   304.187 52650.36639406 19.93  18.101628  -0.081861 22.176
 12   304.349 52650.36639470 22.46  18.100898  -0.085161 22.176
 12   304.205 52650.36639535 30.22  18.100178  -0.088471 22.176
 12   304.111 52650.36639599 23.18  18.099448  -0.091771 22.176
 12   304.050 52650.36639664 23.31  18.098728  -0.095081 22.176
 12   303.974 52650.36639728 25.87  18.097998  -0.098391 22.176
 13   302.655 52685.36637695 44.30  18.105307  -0.064574 31.146
 13   302.611 52685.36637760 48.72  18.104577  -0.067884 31.146
 13   302.563 52685.36637824 49.75  18.103847  -0.071184 31.146
 13   302.511 52685.36637889 51.25  18.103127  -0.074494 31.146
 13   302.463 52685.36637953 49.54  18.102397  -0.077804 31.146
 13   302.419 52685.36638018 49.70  18.101677  -0.081104 31.146
 13   302.406 52685.36638082 48.52  18.100947  -0.084414 31.146
 13   302.369 52685.36638146 44.96  18.100217  -0.087714 31.146
 13   302.508 52685.36638211 49.16  18.099497  -0.091024 31.146
 13   302.473 52685.36638275 47.42  18.098767  -0.094324 31.146
 13   302.499 52685.36638340 47.62  18.098045  -0.097634 37.258
 14   301.917 52720.36643100 50.05  18.096692  -0.076194 14.486
 14   301.681 52720.36643165 53.59  18.095962  -0.079494 14.486
 14   301.726 52720.36643229 52.23  18.095242  -0.082804 14.486
 14   301.896 52720.36643294 50.66  18.094512  -0.086104 14.486
 14   301.852 52720.36643358 51.01  18.093782  -0.089414 14.486
 14   301.866 52720.36643423 48.41  18.093062  -0.092714 14.486
 14   301.755 52720.36643487 52.75  18.092332  -0.096024 14.486
 14   301.864 52720.36643552 50.19  18.091606  -0.099331 16.647
 14   301.680 52720.36643616 49.97  18.090876  -0.102641 16.647
 14   301.675 52720.36643680 51.55  18.090156  -0.105941 16.647
 15   301.923 52755.36645772 51.97  18.082952  -0.090604 13.366
 15   302.047 52755.36645836 49.65  18.082222  -0.093914 13.366
 15   301.993 52755.36645901 47.28  18.081492  -0.097214 13.366
 15   301.970 52755.36645965 48.67  18.080771  -0.100525 21.334
 15   301.947 52755.36646030 49.79  18.080041  -0.103825 21.334
 15   301.907 52755.36646094 43.71  18.079311  -0.107135 21.334
 15   301.876 52755.36646159 39.39  18.078591  -0.110435 21.334
 15   301.818 52755.36646223 41.35  18.077861  -0.113745 21.334
 15   301.813 52755.36646288 44.71  18.077141  -0.117055 21.334
 15   301.802 52755.36646352 38.26  18.076411  -0.120355 21.334
 16   302.672 52790.36640200 36.31  18.099697  -0.071149 15.604
 16   302.573 52790.36640264 35.02  18.098967  -0.074449 15.604
 16   302.398 52790.36640329 31.24  18.098247  -0.077759 15.604
 16   302.317 52790.36640393 30.11  18.097517  -0.081069 15.604
 16   302.320 52790.36640458 29.99  18.096787  -0.084369 15.604
 16   302.408 52790.36640522 35.57  18.096067  -0.087679 15.604
 16   302.466 52790.36640587 48.40  18.095337  -0.090979 15.604
 16   302.553 52790.36640651 53.57  18.094607  -0.094289 15.604
 16   302.529 52790.36640716 37.32  18.093887  -0.097589 15.604
 16   302.361 52790.36640780 34.01  18.093154  -0.100898 24.019
 16   302.491 52790.36640845 39.14  18.092434  -0.104198 24.019
 17   302.158 52825.36647150 51.94  18.102089  -0.069935 30.221
 17   302.010 52825.36647215 54.69  18.101359  -0.073245 30.221
 17   302.077 52825.36647279 53.87  18.100629  -0.076545 30.221
 17   302.087 52825.36647344 51.93  18.099909  -0.079855 30.221
 17   302.018 52825.36647408 50.70  18.099179  -0.083165 30.221
 17   301.939 52825.36647472 53.78  18.098449  -0.086465 30.221
 17   301.910 52825.36647537 49.16  18.097729  -0.089775 30.221
 17   302.019 52825.36647601 48.82  18.096999  -0.093075 30.221
 17   302.048 52825.36647666 50.36  18.096269  -0.096385 30.221
 17   302.045 52825.36647730 50.34  18.095549  -0.099685 30.221
 18   302.364 52860.36651623 26.42  18.105163  -0.064351  6.841
 18   302.613 52860.36651688 18.59  18.104433  -0.067661  6.841
 18   302.434 52860.36651752 14.64  18.103713  -0.070961  6.841
 18   302.231 52860.36651816 14.21  18.102983  -0.074271  6.841
 18   302.139 52860.36651881 13.54  18.102253  -0.077571  6.841
 18   302.070 52860.36651945 12.99  18.101533  -0.080881  6.841
 18   302.077 52860.36652010 12.81  18.100803  -0.084191  6.841
 18   302.104 52860.36652074 12.79  18.100073  -0.087491  6.841
 18   301.972 52860.36652139 13.24  18.099353  -0.090801  6.841
 18   301.813 52860.36652203 13.43  18.098623  -0.094101  6.841
 18   301.805 52860.36652268 13.60  18.097893  -0.097411  6.841
 19   302.730 52895.36654949 21.13  18.095706  -0.076792  6.952
 19   302.708 52895.36655014 16.65  18.094976  -0.080092  6.952
 19   302.447 52895.36655078 16.50  18.094256  -0.083402  6.952
 19   302.727 52895.36655143 16.75  18.093526  -0.086702  6.952
 19   302.742 52895.36655207 14.79  18.092796  -0.090012  6.952
 19   302.644 52895.36655272 15.05  18.092076  -0.093322  6.952
 19   302.566 52895.36655336 16.14  18.091346  -0.096622  6.952
 19   302.505 52895.36655401 16.39  18.090626  -0.099932  6.952
 19   302.330 52895.36655465 16.32  18.089896  -0.103232  6.952
 19   302.420 52895.36655529 17.66  18.089166  -0.106542  6.952
 20   302.921 52930.36649878 52.24  18.094676  -0.078579 30.477
 20   302.969 52930.36649943 54.25  18.093946  -0.081889 30.477
 20   303.022 52930.36650007 52.60  18.093226  -0.085189 30.477
 20   303.020 52930.36650072 52.99  18.092496  -0.088499 30.477
 20   302.977 52930.36650136 47.68  18.091766  -0.091809 30.477
 20   303.012 52930.36650201 47.44  18.091046  -0.095109 30.477
 20   302.996 52930.36650265 51.76  18.090316  -0.098419 30.477
 20   303.004 52930.36650329 51.52  18.089596  -0.101719 30.477
 20   302.951 52930.36650394 51.27  18.088866  -0.105029 30.477
 20   302.971 52930.36650458 52.31  18.088136  -0.108329 30.477
 21   303.408 52965.36648867 40.09  18.103553  -0.067478 10.774
 21   303.369 52965.36648932 30.26  18.102823  -0.070778 10.774
 21   303.403 52965.36648996 30.05  18.102093  -0.074088 10.774
 21   303.476 52965.36649061 30.58  18.101373  -0.077388 10.774
 21   303.432 52965.36649125 31.85  18.100643  -0.080698 10.774
 21   303.365 52965.36649190 33.62  18.099913  -0.084008 10.774
 21   303.389 52965.36649254 42.30  18.099193  -0.087308 10.774
 21   303.395 52965.36649319 44.51  18.098461  -0.090616 38.508
 21   303.229 52965.36649383 31.75  18.097741  -0.093916 38.508
 21   303.198 52965.36649448 26.63  18.097011  -0.097226 38.508
 21   303.409 52965.36649512 36.50  18.096281  -0.100526 38.508
 22   303.690 53000.36652576 54.39  18.089639  -0.084323 16.957
 22   303.506 53000.36652640 54.25  18.088919  -0.087633 16.957
 22   303.486 53000.36652704 50.67  18.088189  -0.090933 16.957
 22   303.468 53000.36652769 51.45  18.087464  -0.094244 43.285
 22   303.432 53000.36652833 44.75  18.086734  -0.097544 43.285
 22   303.458 53000.36652898 51.67  18.086014  -0.100854 43.285
 22   303.455 53000.36652962 52.23  18.085284  -0.104154 43.285
 22   303.423 53000.36653027 51.90  18.084554  -0.107464 43.285
 22   303.424 53000.36653091 49.53  18.083834  -0.110764 43.285
 22   303.388 53000.36653156 49.37  18.083104  -0.114074 43.285
 23   302.661 53035.36647387 51.78  18.094933  -0.078582 23.554
 23   302.604 53035.36647451 55.05  18.094203  -0.081892 23.554
 23   302.582 53035.36647516 52.83  18.093483  -0.085192 23.554
 23   302.718 53035.36647580 50.03  18.092753  -0.088502 23.554
 23   302.692 53035.36647645 47.45  18.092023  -0.091802 23.554
 23   302.643 53035.36647709 39.52  18.091303  -0.095112 23.554
 23   302.630 53035.36647773 43.47  18.090573  -0.098412 23.554
 23   302.637 53035.36647838 47.71  18.089853  -0.101723 23.177
 23   302.657 53035.36647902 47.81  18.089123  -0.105023 23.177
 23   302.660 53035.36647967 47.58  18.088393  -0.108333 23.177
 24   301.730 53070.36649243 51.59  18.098921  -0.073934 17.820
 24   301.691 53070.36649308 54.72  18.098191  -0.077244 17.820
 24   301.810 53070.36649372 51.46  18.097461  -0.080544 17.820
 24   301.721 53070.36649436 51.38  18.096741  -0.083854 17.820
 24   301.621 53070.36649501 49.63  18.096011  -0.087154 17.820
 24   301.774 53070.36649565 44.48  18.095285  -0.090463 33.969
 24   301.723 53070.36649630 49.08  18.094555  -0.093763 33.969
 24   301.667 53070.36649694 46.79  18.093835  -0.097073 33.969
 24   301.615 53070.36649759 49.53  18.093105  -0.100373 33.969
 24   301.575 53070.36649823 52.42  18.092375  -0.103683 33.969
 25   301.408 53105.36647486 45.82  18.094758  -0.077023 22.972
 25   301.420 53105.36647550 51.11  18.094028  -0.080333 22.972
 25   301.436 53105.36647615 52.10  18.093298  -0.083643 22.972
 25   301.468 53105.36647679 50.75  18.092578  -0.086943 22.972
 25   301.411 53105.36647744 51.58  18.091848  -0.090253 22.972
 25   301.290 53105.36647808 44.29  18.091128  -0.093553 22.972
 25   301.491 53105.36647873 48.90  18.090398  -0.096863 22.972
 25   301.420 53105.36647937 42.53  18.089668  -0.100163 22.972
 25   301.356 53105.36648002 45.71  18.088950  -0.103475 22.427
 25   301.320 53105.36648066 49.91  18.088220  -0.106775 22.427
 26   302.129 53140.36649748 45.52  18.101168  -0.069618 20.558
 26   302.191 53140.36649813 53.35  18.100438  -0.072928 20.558
 26   302.194 53140.36649877 51.84  18.099718  -0.076238 20.558
 26   302.113 53140.36649942 53.56  18.098988  -0.079538 20.558
 26   302.040 53140.36650006 51.30  18.098268  -0.082848 20.558
 26   302.003 53140.36650071 51.89  18.097538  -0.086148 20.558
 26   302.092 53140.36650135 49.11  18.096809  -0.089457 41.407
 26   302.143 53140.36650200 49.64  18.096079  -0.092757 41.407
 26   302.141 53140.36650264 51.80  18.095359  -0.096067 41.407
 26   302.109 53140.36650329 50.75  18.094629  -0.099377 41.407
 26   302.059 53140.36650393 51.60  18.093899  -0.102677 41.407
 27   301.409 53175.36653158 36.89  18.099015  -0.072101 17.879
 27   301.299 53175.36653222 41.54  18.098285  -0.075411 17.879
 27   301.236 53175.36653287 41.03  18.097555  -0.078711 17.879
 27   301.225 53175.36653351 31.60  18.096835  -0.082021 17.879
 27   301.045 53175.36653416 23.91  18.096105  -0.085331 17.879
 27   301.321 53175.36653480 27.75  18.095385  -0.088631 17.879
 27   301.157 53175.36653545 36.01  18.094655  -0.091941 17.879
 27   301.290 53175.36653609 36.03  18.093925  -0.095241 17.879
 27   301.172 53175.36653674 21.89  18.093205  -0.098551 17.879
 27   300.535 53175.36653738 19.54  18.092475  -0.101851 17.879
 27   300.517 53175.36653803 19.51  18.091749  -0.105160 18.750
 28   300.802 53210.36655086 46.38  18.095983  -0.077330 18.722
 28   300.609 53210.36655151 49.84  18.095253  -0.080640 18.722
 28   300.516 53210.36655215 37.86  18.094533  -0.083940 18.722
 28   300.651 53210.36655280 31.56  18.093803  -0.087250 18.722
 28   300.686 53210.36655344 35.82  18.093073  -0.090550 18.722
 28   300.716 53210.36655408 42.02  18.092353  -0.093860 18.722
 28   300.638 53210.36655473 38.74  18.091623  -0.097160 18.722
 28   300.422 53210.36655537 24.34  18.090899  -0.100470 15.329
 28   299.845 53210.36655602 21.68  18.090169  -0.103770 15.329
 28   300.674 53210.36655666 23.15  18.089449  -0.107080 15.329
 29   301.806 53245.36651744 50.50  18.100818  -0.071674 26.848
 29   301.695 53245.36651808 54.85  18.100088  -0.074974 26.848
 29   301.866 53245.36651873 51.36  18.099368  -0.078284 26.848
 29   301.801 53245.36651937 51.11  18.098638  -0.081594 26.848
 29   301.728 53245.36652002 50.74  18.097918  -0.084894 26.848
 29   301.665 53245.36652066 47.22  18.097188  -0.088204 26.848
 29   301.664 53245.36652131 49.37  18.096458  -0.091504 26.848
 29   301.753 53245.36652195 50.41  18.095738  -0.094814 26.848
 29   301.739 53245.36652259 44.56  18.095008  -0.098114 26.848
 29   301.740 53245.36652324 45.23  18.094285  -0.101425 33.671
 30   301.675 53280.36650160 51.62  18.096248  -0.077674 15.313
 30   301.774 53280.36650225 53.46  18.095518  -0.080984 15.313
 30   301.719 53280.36650289 51.01  18.094798  -0.084284 15.313
 30   301.604 53280.36650354 51.60  18.094066  -0.087593 29.388
 30   301.705 53280.36650418 42.19  18.093346  -0.090893 29.388
 30   301.595 53280.36650482 48.75  18.092616  -0.094203 29.388
 30   301.631 53280.36650547 47.86  18.091886  -0.097503 29.388
 30   301.714 53280.36650611 48.59  18.091166  -0.100813 29.388
 30   301.672 53280.36650676 51.05  18.090436  -0.104113 29.388
 30   301.649 53280.36650740 50.23  18.089706  -0.107423 29.388
 31   303.031 53315.36651749 50.30  18.099077  -0.073339 29.502
 31   303.006 53315.36651814 53.54  18.098347  -0.076639 29.502
 31   302.883 53315.36651878 52.82  18.097627  -0.079949 29.502
 31   302.856 53315.36651943 52.00  18.096897  -0.083259 29.502
 31   302.909 53315.36652007 49.71  18.096177  -0.086559 29.502
 31   302.924 53315.36652071 49.12  18.095447  -0.089869 29.502
 31   302.926 53315.36652136 53.85  18.094717  -0.093169 29.502
 31   302.879 53315.36652200 53.79  18.093997  -0.096479 29.502
 31   302.769 53315.36652265 52.03  18.093267  -0.099779 29.502
 31   302.751 53315.36652329 51.97  18.092540  -0.103088 36.239
 32   303.468 53350.36648192 26.35  18.103931  -0.067150  7.535
 32   303.421 53350.36648256 22.26  18.103211  -0.070450  7.535
 32   303.342 53350.36648321 21.33  18.102481  -0.073760  7.535
 32   303.247 53350.36648385 21.91  18.101751  -0.077060  7.535
 32   303.190 53350.36648449 22.47  18.101031  -0.080370  7.535
 32   303.437 53350.36648514 23.26  18.100301  -0.083680  7.535
 32   303.455 53350.36648578 32.18  18.099581  -0.086980  7.535
 32   303.481 53350.36648643 26.82  18.098851  -0.090290  7.535
 32   303.216 53350.36648707 25.45  18.098121  -0.093590  7.535
 32   303.193 53350.36648772 26.43  18.097401  -0.096900  7.535
 32   303.252 53350.36648836 27.04  18.096671  -0.100200  7.535
 33   303.050 53385.36646328 47.91  18.098969  -0.072452 25.299
 33   303.056 53385.36646393 54.01  18.098249  -0.075762 25.299
 33   303.090 53385.36646457 53.98  18.097519  -0.079072 25.299
 33   303.116 53385.36646521 51.01  18.096789  -0.082372 25.299
 33   303.090 53385.36646586 51.30  18.096069  -0.085682 25.299
 33   303.036 53385.36646650 50.16  18.095339  -0.088982 25.299
 33   303.057 53385.36646715 51.67  18.094609  -0.092292 25.299
 33   303.015 53385.36646779 53.20  18.093889  -0.095592 25.299
 33   302.900 53385.36646844 53.36  18.093157  -0.098901 39.208
 33   302.856 53385.36646908 53.45  18.092437  -0.102201 39.208
 33   302.843 53385.36646973 50.20  18.091707  -0.105511 39.208
 34   301.061 53420.36646601 19.61  18.109169  -0.063053 12.252
 34   301.208 53420.36646666 21.61  18.108439  -0.066363 12.252
 34   301.518 53420.36646730 24.63  18.107719  -0.069663 12.252
 34   301.494 53420.36646795 33.64  18.106989  -0.072973 12.252
 34   301.450 53420.36646859 40.34  18.106259  -0.076273 12.252
 34   301.390 53420.36646924 39.60  18.105539  -0.079583 12.252
 34   301.336 53420.36646988 35.91  18.104809  -0.082883 12.252
 34   301.406 53420.36647053 32.82  18.104089  -0.086193 12.252
 34   301.158 53420.36647117 25.02  18.103359  -0.089503 12.252
 34   301.322 53420.36647181 23.22  18.102629  -0.092803 12.252
 35   301.506 53455.36647265 24.22  18.103382  -0.068092  8.071
 35   301.409 53455.36647330 20.03  18.102652  -0.071402  8.071
 35   301.430 53455.36647394 18.84  18.101922  -0.074702  8.071
 35   301.455 53455.36647458 18.21  18.101202  -0.078012  8.071
 35   301.343 53455.36647523 22.83  18.100472  -0.081312  8.071
 35   301.414 53455.36647587 25.52  18.099742  -0.084622  8.071
 35   301.312 53455.36647652 24.54  18.099022  -0.087922  8.071
 35   301.330 53455.36647716 31.75  18.098292  -0.091232  8.071
 35   301.222 53455.36647781 29.50  18.097562  -0.094542  8.071
 35   301.243 53455.36647845 22.07  18.096842  -0.097842  8.071
 35   300.882 53455.36647910 17.93  18.096109  -0.101150  8.273
 36   302.366 53490.36656068 19.38  18.089350  -0.082725  4.090
 36   301.959 53490.36656133 19.68  18.088630  -0.086035  4.090
 36   301.451 53490.36656197 20.59  18.087900  -0.089335  4.090
 36   301.479 53490.36656262 20.71  18.087180  -0.092645  4.090
 36   301.279 53490.36656326 21.10  18.086450  -0.095945  4.090
 36   301.156 53490.36656391 20.78  18.085723  -0.099256  5.063
 36   301.124 53490.36656455 21.31  18.084993  -0.102556  5.063
 36   301.248 53490.36656520 22.20  18.084273  -0.105866  5.063
 36   301.642 53490.36656584 22.81  18.083543  -0.109166  5.063
 36   301.698 53490.36656649 28.34  18.082813  -0.112476  5.063
 37   302.114 53525.36654160 48.60  18.104262  -0.066355 32.638
 37   301.990 53525.36654224 54.08  18.103542  -0.069655 32.638
 37   302.138 53525.36654289 52.50  18.102812  -0.072965 32.638
 37   302.104 53525.36654353 51.49  18.102082  -0.076265 32.638
 37   302.030 53525.36654418 52.45  18.101362  -0.079575 32.638
 37   301.960 53525.36654482 53.14  18.100632  -0.082885 32.638
 37   301.921 53525.36654547 51.36  18.099912  -0.086185 32.638
 37   302.016 53525.36654611 50.65  18.099182  -0.089495 32.638
 37   302.031 53525.36654676 51.64  18.098452  -0.092795 32.638
 37   302.024 53525.36654740 53.75  18.097732  -0.096105 32.638
 37   301.982 53525.36654805 51.52  18.097002  -0.099405 32.638
 38   301.613 53560.36657318 50.80  18.089849  -0.083119 18.389
 38   301.722 53560.36657382 53.56  18.089119  -0.086429 18.389
 38   301.615 53560.36657447 53.12  18.088389  -0.089729 18.389
 38   301.735 53560.36657511 52.49  18.087669  -0.093039 18.389
 38   301.674 53560.36657576 42.03  18.086939  -0.096339 18.389
 38   301.579 53560.36657640 45.50  18.086215  -0.099648 19.794
 38   301.667 53560.36657704 47.86  18.085485  -0.102948 19.794
 38   301.652 53560.36657769 44.71  18.084765  -0.106258 19.794
 38   301.621 53560.36657833 47.62  18.084035  -0.109558 19.794
 38   301.587 53560.36657898 41.59  18.083305  -0.112868 19.794
 39   302.388 53595.36650687 22.38  18.107247  -0.062051 10.156
 39   302.339 53595.36650751 11.36  18.106517  -0.065361 10.156
 39   301.688 53595.36650816 11.01  18.105797  -0.068661 10.156
 39   301.168 53595.36650880 12.06  18.105067  -0.071971 10.156
 39   301.170 53595.36650944 11.74  18.104337  -0.075271 10.156
 39   301.062 53595.36651009 12.31  18.103617  -0.078581 10.156
 39   300.942 53595.36651073 14.73  18.102887  -0.081891 10.156
 39   301.111 53595.36651138 18.15  18.102167  -0.085191 10.156
 39   301.110 53595.36651202 24.32  18.101437  -0.088501 10.156
 39   301.088 53595.36651267 28.83  18.100707  -0.091801 10.156
 39   301.009 53595.36651331 20.46  18.099987  -0.095111 10.156
 40   301.669 53630.36650411 45.73  18.092178  -0.079817 18.724
 40   301.755 53630.36650476 52.53  18.091448  -0.083117 18.724
 40   301.792 53630.36650540 52.40  18.090728  -0.086427 18.724
 40   301.700 53630.36650605 52.81  18.089998  -0.089727 18.724
 40   301.612 53630.36650669 50.63  18.089268  -0.093037 18.724
 40   301.504 53630.36650734 38.85  18.088548  -0.096337 18.724
 40   301.715 53630.36650798 49.28  18.087815  -0.099646 21.167
 40   301.655 53630.36650863 53.65  18.087095  -0.102946 21.167
 40   301.614 53630.36650927 50.24  18.086365  -0.106256 21.167
 40   301.573 53630.36650992 50.35  18.085635  -0.109556 21.167
 41   302.228 53665.36652772 52.08  18.093603  -0.079908 21.931
 41   302.391 53665.36652836 53.87  18.092883  -0.083208 21.931
 41   302.348 53665.36652901 51.23  18.092153  -0.086518 21.931
 41   302.273 53665.36652965 51.85  18.091423  -0.089818 21.931
 41   302.194 53665.36653030 47.14  18.090703  -0.093128 21.931
 41   302.170 53665.36653094 46.00  18.089973  -0.096428 21.931
 41   302.234 53665.36653159 52.57  18.089247  -0.099737 20.992
 41   302.308 53665.36653223 51.77  18.088517  -0.103037 20.992
 41   302.308 53665.36653288 52.01  18.087797  -0.106347 20.992
 41   302.279 53665.36653352 52.19  18.087067  -0.109647 20.992
 42   303.487 53700.36647912 46.82  18.102728  -0.067634 37.875
 42   303.626 53700.36647976 54.46  18.101998  -0.070944 37.875
 42   303.571 53700.36648041 52.93  18.101278  -0.074244 37.875
 42   303.464 53700.36648105 50.65  18.100548  -0.077554 37.875
 42   303.420 53700.36648170 51.72  18.099828  -0.080854 37.875
 42   303.480 53700.36648234 50.06  18.099098  -0.084164 37.875
 42   303.450 53700.36648299 48.02  18.098368  -0.087474 37.875
 42   303.455 53700.36648363 49.82  18.097648  -0.090774 37.875
 42   303.459 53700.36648428 50.78  18.096918  -0.094084 37.875
 42   303.456 53700.36648492 52.85  18.096188  -0.097384 37.875
 42   303.415 53700.36648557 52.59  18.095468  -0.100694 37.875
 43   302.705 53735.36640048 32.45  18.105953  -0.064548  8.702
 43   302.664 53735.36640112 18.10  18.105223  -0.067858  8.702
 43   302.508 53735.36640177 17.06  18.104503  -0.071158  8.702
 43   302.373 53735.36640241 17.34  18.103773  -0.074468  8.702
 43   302.371 53735.36640306 17.99  18.103043  -0.077768  8.702
 43   302.692 53735.36640370 18.42  18.102323  -0.081078  8.702
 43   302.733 53735.36640435 20.66  18.101593  -0.084388  8.702
 43   302.837 53735.36640499 21.12  18.100873  -0.087688  8.702
 43   302.548 53735.36640563 20.02  18.100143  -0.090998  8.702
 43   302.344 53735.36640628 22.04  18.099423  -0.094298  8.702
 43   302.428 53735.36640692 21.89  18.098693  -0.097608  8.702
 44   301.828 53770.36638912 35.89  18.107066  -0.063747 10.191
 44   301.746 53770.36638976 33.00  18.106336  -0.067047 10.191
 44   301.539 53770.36639041 25.41  18.105606  -0.070357 10.191
 44   301.542 53770.36639105 18.29  18.104886  -0.073657 10.191
 44   301.483 53770.36639170 18.01  18.104156  -0.076967 10.191
 44   301.479 53770.36639234 18.40  18.103426  -0.080267 10.191
 44   301.636 53770.36639299 19.31  18.102706  -0.083577 10.191
 44   301.655 53770.36639363 24.52  18.101976  -0.086877 10.191
 44   301.527 53770.36639428 24.69  18.101256  -0.090187 10.191
 44   301.614 53770.36639492 23.22  18.100526  -0.093487 10.191
 44   301.346 53770.36639557 21.13  18.099796  -0.096797 10.191
 45   301.727 53805.36638280 49.83  18.104675  -0.066258 31.340
 45   301.717 53805.36638345 51.60  18.103955  -0.069558 31.340
 45   301.699 53805.36638409 52.72  18.103225  -0.072868 31.340
 45   301.546 53805.36638474 52.98  18.102495  -0.076168 31.340
 45   301.473 53805.36638538 53.00  18.101775  -0.079478 31.340
 45   301.542 53805.36638602 50.48  18.101045  -0.082788 31.340
 45   301.547 53805.36638667 48.70  18.100325  -0.086088 31.340
 45   301.577 53805.36638731 49.53  18.099595  -0.089398 31.340
 45   301.576 53805.36638796 51.62  18.098865  -0.092698 31.340
 45   301.563 53805.36638860 52.36  18.098145  -0.096008 31.340
 45   301.503 53805.36638925 52.04  18.097415  -0.099308 31.340
 47   301.651 53875.36645001 47.72  18.102090  -0.068342 29.131
 47   301.804 53875.36645065 52.79  18.101360  -0.071652 29.131
 47   301.795 53875.36645130 54.32  18.100630  -0.074952 29.131
 47   301.595 53875.36645194 52.31  18.099910  -0.078262 29.131
 47   301.653 53875.36645259 50.54  18.099180  -0.081572 29.131
 47   301.496 53875.36645323 52.86  18.098450  -0.084872 29.131
 47   301.500 53875.36645388 48.39  18.097730  -0.088182 29.131
 47   301.545 53875.36645452 48.01  18.097000  -0.091482 29.131
 47   301.568 53875.36645516 50.42  18.096280  -0.094792 29.131
 47   301.560 53875.36645581 51.90  18.095550  -0.098092 29.131
 47   301.541 53875.36645645 51.70  18.094822  -0.101402 45.995
 48   301.662 53910.36649977 42.57  18.091542  -0.082347  8.882
 48   301.613 53910.36650041 31.97  18.090812  -0.085657  8.882
 48   301.525 53910.36650105 26.56  18.090092  -0.088957  8.882
 48   301.543 53910.36650170 22.91  18.089362  -0.092267  8.882
 48   301.566 53910.36650234 17.36  18.088632  -0.095567  8.882
 48   301.280 53910.36650299 18.10  18.087912  -0.098877  8.882
 48   301.079 53910.36650363 17.76  18.087182  -0.102177  8.882
 48   301.394 53910.36650428 17.93  18.086455  -0.105487  3.744
 48   301.502 53910.36650492 18.69  18.085725  -0.108787  3.744
 48   301.662 53910.36650557 19.84  18.085005  -0.112097  3.744
 49   301.077 53945.36652064 47.97  18.087524  -0.084747 17.005
 49   301.172 53945.36652129 52.50  18.086804  -0.088047 17.005
 49   301.208 53945.36652193 46.84  18.086074  -0.091357 17.005
 49   300.995 53945.36652258 45.14  18.085344  -0.094657 17.005
 49   301.056 53945.36652322 39.96  18.084624  -0.097967 17.005
 49   301.011 53945.36652387 36.56  18.083894  -0.101267 17.005
 49   300.977 53945.36652451 37.21  18.083169  -0.104577 14.797
 49   300.899 53945.36652516 35.85  18.082439  -0.107877 14.797
 49   300.821 53945.36652580 41.30  18.081719  -0.111187 14.797
 49   301.040 53945.36652645 45.60  18.080989  -0.114487 14.797
 50   301.475 53980.36646553 14.36  18.097131  -0.074328  4.370
 50   301.438 53980.36646618 14.71  18.096401  -0.077638  4.370
 50   301.272 53980.36646682 14.45  18.095671  -0.080938  4.370
 50   301.310 53980.36646747 15.12  18.094951  -0.084248  4.370
 50   301.371 53980.36646811 17.72  18.094221  -0.087548  4.370
 50   301.303 53980.36646876 24.18  18.093501  -0.090858  4.370
 50   301.452 53980.36646940 27.35  18.092771  -0.094168  4.370
 50   301.386 53980.36647005 22.66  18.092051  -0.097468  4.370
 50   301.128 53980.36647069 16.70  18.091321  -0.100778  4.370
 50   300.701 53980.36647134 16.80  18.090591  -0.104078  4.370
 50   300.903 53980.36647198 16.93  18.089871  -0.107388  8.431
 51   302.155 54015.36648294 51.51  18.101792  -0.070035 33.472
 51   302.280 54015.36648358 49.58  18.101072  -0.073335 33.472
 51   302.229 54015.36648423 51.26  18.100342  -0.076645 33.472
 51   302.151 54015.36648487 51.60  18.099612  -0.079945 33.472
 51   302.078 54015.36648552 52.15  18.098892  -0.083255 33.472
 51   302.027 54015.36648616 49.34  18.098162  -0.086565 33.472
 51   302.123 54015.36648681 48.70  18.097432  -0.089865 33.472
 51   302.190 54015.36648745 50.18  18.096712  -0.093175 33.472
 51   302.171 54015.36648810 52.08  18.095982  -0.096475 33.472
 51   302.105 54015.36648874 52.24  18.095252  -0.099785 33.472
 52   303.011 54050.36648380 30.26  18.108936  -0.062288 19.326
 52   302.792 54050.36648444 23.00  18.108216  -0.065598 19.326
 52   302.752 54050.36648509 19.18  18.107486  -0.068898 19.326
 52   302.851 54050.36648573 17.98  18.106756  -0.072208 19.326
 52   302.554 54050.36648638 17.44  18.106036  -0.075508 19.326
 52   302.608 54050.36648702 18.58  18.105306  -0.078818 19.326
 52   303.011 54050.36648766 22.73  18.104576  -0.082118 19.326
 52   302.898 54050.36648831 27.62  18.103856  -0.085428 19.326
 52   302.771 54050.36648895 24.15  18.103126  -0.088738 19.326
 52   302.737 54050.36648960 26.41  18.102406  -0.092038 19.326
 52   302.804 54050.36649024 27.41  18.101676  -0.095348 19.326
 53   304.251 54085.36647781 43.01  18.100219  -0.071504 22.996
 53   304.291 54085.36647846 40.11  18.099499  -0.074804 22.996
 53   304.190 54085.36647910 35.73  18.098769  -0.078114 22.996
 53   304.158 54085.36647975 36.34  18.098039  -0.081414 22.996
 53   304.134 54085.36648039 41.45  18.097319  -0.084724 22.996
 53   304.167 54085.36648104 46.22  18.096589  -0.088034 22.996
 53   304.205 54085.36648168 46.24  18.095869  -0.091334 22.996
 53   304.211 54085.36648233 48.45  18.095139  -0.094644 22.996
 53   304.178 54085.36648297 49.88  18.094409  -0.097944 22.996
 53   304.170 54085.36648361 50.84  18.093689  -0.101254 22.996
 54   303.496 54120.36640452 52.11  18.099752  -0.072073 35.161
 54   303.358 54120.36640517 54.44  18.099032  -0.075373 35.161
 54   303.338 54120.36640581 54.39  18.098302  -0.078683 35.161
 54   303.285 54120.36640646 50.16  18.097582  -0.081983 35.161
 54   303.331 54120.36640710 53.24  18.096852  -0.085293 35.161
 54   303.315 54120.36640774 51.11  18.096122  -0.088603 35.161
 54   303.336 54120.36640839 48.64  18.095402  -0.091903 35.161
 54   303.323 54120.36640903 49.16  18.094672  -0.095213 35.161
 54   303.345 54120.36640968 53.20  18.093952  -0.098513 35.161
 54   303.326 54120.36641032 52.48  18.093222  -0.101823 35.161
 55   302.150 54155.36643628 51.58  18.098024  -0.074814 28.106
 55   302.062 54155.36643693 53.89  18.097294  -0.078114 28.106
 55   302.011 54155.36643757 49.50  18.096574  -0.081424 28.106
 55   302.151 54155.36643822 49.59  18.095844  -0.084734 28.106
 55   302.115 54155.36643886 48.68  18.095124  -0.088034 28.106
 55   302.117 54155.36643951 45.50  18.094394  -0.091334 28.106
 55   302.048 54155.36644015 49.84  18.093664  -0.094644 28.106
 55   302.044 54155.36644080 51.22  18.092944  -0.097954 28.106
 55   302.044 54155.36644144 49.05  18.092214  -0.101254 28.106
 55   302.047 54155.36644209 49.28  18.091489  -0.104563 32.865
 56   302.031 54190.36640132 44.89  18.100059  -0.070823 42.090
 56   301.988 54190.36640196 53.89  18.099329  -0.074123 42.090
 56   301.968 54190.36640261 51.16  18.098599  -0.077433 42.090
 56   301.881 54190.36640325 52.01  18.097879  -0.080733 42.090
 56   301.810 54190.36640389 53.24  18.097149  -0.084043 42.090
 56   301.750 54190.36640454 51.50  18.096429  -0.087343 42.090
 56   301.890 54190.36640518 50.17  18.095699  -0.090653 42.090
 56   301.858 54190.36640583 45.33  18.094979  -0.093963 42.090
 56   301.846 54190.36640647 52.66  18.094249  -0.097263 42.090
 56   301.831 54190.36640712 51.61  18.093519  -0.100573 42.090
 56   301.821 54190.36640776 50.54  18.092799  -0.103873 42.090
 57   302.268 54225.36644668 49.86  18.098031  -0.075360 30.411
 57   302.280 54225.36644732 51.27  18.097301  -0.078670 30.411
 57   302.112 54225.36644796 48.14  18.096571  -0.081970 30.411
 57   302.101 54225.36644861 47.82  18.095841  -0.085280 30.411
 57   302.148 54225.36644925 46.06  18.095121  -0.088580 30.411
 57   302.206 54225.36644990 51.28  18.094391  -0.091890 30.411
 57   302.171 54225.36645054 50.93  18.093671  -0.095200 30.411
 57   302.140 54225.36645119 52.78  18.092941  -0.098500 30.411
 57   302.107 54225.36645183 52.13  18.092211  -0.101810 30.411
 57   302.106 54225.36645248 52.10  18.091491  -0.105110 30.411
 58   302.506 54260.36646632 15.70  18.100334  -0.070694  5.300
 58   302.242 54260.36646696 15.50  18.099609  -0.074003  9.227
 58   302.038 54260.36646761 17.82  18.098879  -0.077303  9.227
 58   302.085 54260.36646825 16.99  18.098159  -0.080613  9.227
 58   302.032 54260.36646890 15.60  18.097429  -0.083913  9.227
 58   302.259 54260.36646954 14.15  18.096699  -0.087223  9.227
 58   302.304 54260.36647019 15.17  18.095979  -0.090523  9.227
 58   302.117 54260.36647083 14.87  18.095249  -0.093833  9.227
 58   301.884 54260.36647148 15.77  18.094529  -0.097143  9.227
 58   301.891 54260.36647212 16.14  18.093799  -0.100443  9.227
 58   301.897 54260.36647277 18.02  18.093069  -0.103753  9.227
 59   302.037 54295.36647092 52.36  18.100381  -0.072181 33.454
 59   302.038 54295.36647157 48.56  18.099661  -0.075491 33.454
 59   301.841 54295.36647221 43.96  18.098931  -0.078791 33.454
 59   301.935 54295.36647286 40.64  18.098201  -0.082101 33.454
 59   301.942 54295.36647350 37.63  18.097481  -0.085411 33.454
 59   301.919 54295.36647415 39.38  18.096751  -0.088711 33.454
 59   301.882 54295.36647479 39.70  18.096031  -0.092021 33.454
 59   301.910 54295.36647544 47.47  18.095301  -0.095321 33.454
 59   301.910 54295.36647608 41.77  18.094571  -0.098631 33.454
 59   301.450 54295.36647673 23.70  18.093851  -0.101931 33.454
 60   302.377 54330.36646249 45.75  18.102446  -0.068391  8.236
 60   302.333 54330.36646313 49.16  18.101723  -0.071702 44.856
 60   302.271 54330.36646378 48.89  18.100993  -0.075002 44.856
 60   302.210 54330.36646442 40.27  18.100273  -0.078312 44.856
 60   302.130 54330.36646506 35.39  18.099543  -0.081612 44.856
 60   302.176 54330.36646571 32.70  18.098813  -0.084922 44.856
 60   302.163 54330.36646635 38.64  18.098093  -0.088222 44.856
 60   302.173 54330.36646700 44.99  18.097363  -0.091532 44.856
 60   302.143 54330.36646764 42.48  18.096643  -0.094842 44.856
 60   302.110 54330.36646829 41.33  18.095913  -0.098142 44.856
 60   302.154 54330.36646893 44.97  18.095183  -0.101452 44.856
 61   302.686 54365.36640750 44.95  18.100202  -0.070631  5.722
 61   302.601 54365.36640814 51.57  18.099483  -0.073942 38.216
 61   302.479 54365.36640878 51.59  18.098753  -0.077242 38.216
 61   302.546 54365.36640943 47.77  18.098033  -0.080552 38.216
 61   302.603 54365.36641007 46.06  18.097303  -0.083852 38.216
 61   302.565 54365.36641072 46.97  18.096573  -0.087162 38.216
 61   302.564 54365.36641136 48.18  18.095853  -0.090462 38.216
 61   302.562 54365.36641201 47.76  18.095123  -0.093772 38.216
 61   302.551 54365.36641265 51.05  18.094403  -0.097082 38.216
 61   302.467 54365.36641330 50.70  18.093673  -0.100382 38.216
 61   302.485 54365.36641394 48.60  18.092943  -0.103692 38.216
 62   303.397 54400.36640443 35.78  18.101840  -0.069044 19.245
 62   303.389 54400.36640508 24.36  18.101110  -0.072344 19.245
 62   303.262 54400.36640572 22.90  18.100390  -0.075654 19.245
 62   303.137 54400.36640637 21.89  18.099660  -0.078964 19.245
 62   303.070 54400.36640701 22.33  18.098930  -0.082264 19.245
 62   303.386 54400.36640766 25.73  18.098210  -0.085574 19.245
 62   303.344 54400.36640830 36.77  18.097480  -0.088874 19.245
 62   303.330 54400.36640894 24.13  18.096760  -0.092184 19.245
 62   303.199 54400.36640959 23.19  18.096030  -0.095484 19.245
 62   302.970 54400.36641023 22.64  18.095300  -0.098794 19.245
 62   303.114 54400.36641088 25.78  18.094580  -0.102094 19.245
 63   304.143 54435.36636249 51.81  18.099980  -0.072371 50.794
 63   304.001 54435.36636314 50.75  18.099260  -0.075681 50.794
 63   303.939 54435.36636378 51.48  18.098530  -0.078981 50.794
 63   303.921 54435.36636443 51.23  18.097800  -0.082291 50.794
 63   303.901 54435.36636507 51.96  18.097080  -0.085591 50.794
 63   303.889 54435.36636572 48.37  18.096350  -0.088901 50.794
 63   303.864 54435.36636636 45.78  18.095630  -0.092211 50.794
 63   303.834 54435.36636700 41.88  18.094900  -0.095511 50.794
 63   303.818 54435.36636765 44.94  18.094170  -0.098821 50.794
 63   303.824 54435.36636829 50.68  18.093450  -0.102121 50.794
 64   304.182 54470.36638780 47.85  18.103102  -0.067382 14.666
 64   304.178 54470.36638844 50.12  18.102372  -0.070691 53.127
 64   304.175 54470.36638909 52.02  18.101642  -0.073991 53.127
 64   304.139 54470.36638973 52.80  18.100922  -0.077301 53.127
 64   304.048 54470.36639038 52.23  18.100192  -0.080601 53.127
 64   304.080 54470.36639102 51.83  18.099472  -0.083911 53.127
 64   304.084 54470.36639166 49.94  18.098742  -0.087221 53.127
 64   304.061 54470.36639231 54.17  18.098012  -0.090521 53.127
 64   304.028 54470.36639295 51.93  18.097292  -0.093831 53.127
 64   303.972 54470.36639360 51.30  18.096562  -0.097131 53.127
 64   303.937 54470.36639424 51.51  18.095832  -0.100441 53.127
 65   302.930 54505.36637611 50.03  18.100263  -0.071535 23.653
 65   302.956 54505.36637675 52.68  18.099533  -0.074835 23.653
 65   302.961 54505.36637740 51.09  18.098813  -0.078145 23.653
 65   302.963 54505.36637804 50.55  18.098083  -0.081455 23.653
 65   302.949 54505.36637869 52.13  18.097363  -0.084755 23.653
 65   302.924 54505.36637933 51.46  18.096633  -0.088065 23.653
 65   302.893 54505.36637998 47.55  18.095903  -0.091365 23.653
 65   302.910 54505.36638062 48.48  18.095183  -0.094675 39.388
 65   302.887 54505.36638127 50.85  18.094453  -0.097975 39.388
 65   302.853 54505.36638191 52.67  18.093723  -0.101285 39.388
 66   301.975 54540.36640288 31.08  18.102023  -0.068924  5.307
 66   301.877 54540.36640352 23.06  18.101293  -0.072234  5.307
 66   301.742 54540.36640417 15.42  18.100573  -0.075534  5.307
 66   301.801 54540.36640481 15.14  18.099843  -0.078844  5.307
 66   301.705 54540.36640546 15.11  18.099113  -0.082144  5.307
 66   301.777 54540.36640610 15.76  18.098393  -0.085454  5.307
 66   301.839 54540.36640675 20.31  18.097663  -0.088754  5.307
 66   301.862 54540.36640739 27.80  18.096938  -0.092065 18.766
 66   301.897 54540.36640804 27.07  18.096208  -0.095365 18.766
 66   301.872 54540.36640868 19.69  18.095488  -0.098675 18.766
 66   301.604 54540.36640933 19.19  18.094758  -0.101975 18.766
 67   302.177 54575.36637630 46.80  18.101188  -0.069435 26.528
 67   302.062 54575.36637695 52.83  18.100458  -0.072735 26.528
 67   301.983 54575.36637759 46.96  18.099738  -0.076045 26.528
 67   302.120 54575.36637824 46.38  18.099008  -0.079355 26.528
 67   301.996 54575.36637888 50.57  18.098288  -0.082655 26.528
 67   301.940 54575.36637953 48.95  18.097558  -0.085965 26.528
 67   302.086 54575.36638017 49.23  18.096838  -0.089265 26.528
 67   302.041 54575.36638082 48.79  18.096108  -0.092575 26.528
 67   301.994 54575.36638146 44.83  18.095378  -0.095875 26.528
 67   301.960 54575.36638211 51.71  18.094659  -0.099187 36.463
 67   301.916 54575.36638275 49.02  18.093929  -0.102487 36.463
 68   301.774 54610.36639571 51.59  18.100132  -0.072245 24.036
 68   301.831 54610.36639635 50.16  18.099402  -0.075545 24.036
 68   301.705 54610.36639700 48.20  18.098682  -0.078855 24.036
 68   301.688 54610.36639764 48.31  18.097952  -0.082155 24.036
 68   301.770 54610.36639828 48.14  18.097222  -0.085465 24.036
 68   301.686 54610.36639893 47.50  18.096502  -0.088775 24.036
 68   301.624 54610.36639957 49.66  18.095772  -0.092075 24.036
 68   301.633 54610.36640022 50.43  18.095047  -0.095383 32.188
 68   301.679 54610.36640086 47.69  18.094317  -0.098683 32.188
 68   301.710 54610.36640151 44.34  18.093597  -0.101993 32.188
 69   302.123 54645.36640389 50.38  18.098760  -0.074377 18.491
 69   301.995 54645.36640453 46.25  18.098040  -0.077687 18.491
 69   301.929 54645.36640518 32.66  18.097310  -0.080987 18.491
 69   301.808 54645.36640582 26.91  18.096580  -0.084297 18.491
 69   301.872 54645.36640646 28.17  18.095860  -0.087607 18.491
 69   301.902 54645.36640711 38.75  18.095130  -0.090907 18.491
 69   301.900 54645.36640775 37.52  18.094405  -0.094216 24.003
 69   301.898 54645.36640840 39.89  18.093675  -0.097516 24.003
 69   301.900 54645.36640904 35.86  18.092955  -0.100826 24.003
 69   301.818 54645.36640969 28.34  18.092225  -0.104126 24.003
 70   301.318 54680.36640489 45.59  18.098752  -0.074597 16.274
 70   301.155 54680.36640553 38.07  18.098022  -0.077907 16.274
 70   301.165 54680.36640618 27.62  18.097302  -0.081207 16.274
 70   301.127 54680.36640682 25.17  18.096572  -0.084517 16.274
 70   301.280 54680.36640747 30.89  18.095842  -0.087817 16.274
 70   301.160 54680.36640811 45.26  18.095122  -0.091127 16.274
 70   301.091 54680.36640876 47.23  18.094392  -0.094427 16.274
 70   301.169 54680.36640940 42.99  18.093668  -0.097738 19.700
 70   301.133 54680.36641005 44.20  18.092938  -0.101038 19.700
 70   300.854 54680.36641069 29.31  18.092218  -0.104348 19.700
 71   302.541 54715.36635429 19.95  18.101966  -0.069069  7.070
 71   302.624 54715.36635493 16.91  18.101236  -0.072379  7.070
 71   302.213 54715.36635558 19.55  18.100516  -0.075679  7.070
 71   302.113 54715.36635622 18.13  18.099786  -0.078989  7.070
 71   301.991 54715.36635686 17.18  18.099056  -0.082299  7.070
 71   301.960 54715.36635751 14.79  18.098336  -0.085599  7.070
 71   302.058 54715.36635815 14.76  18.097606  -0.088909  7.070
 71   302.133 54715.36635880 14.70  18.096886  -0.092209  7.070
 71   302.125 54715.36635944 15.70  18.096156  -0.095519  7.070
 71   302.029 54715.36636009 15.44  18.095426  -0.098819  7.070
 71   301.856 54715.36636073 15.91  18.094708  -0.102129 14.063
 72   302.445 54750.36637617 51.36  18.098548  -0.074338 18.604
 72   302.405 54750.36637682 50.70  18.097818  -0.077638 18.604
 72   302.342 54750.36637746 50.19  18.097088  -0.080948 18.604
 72   302.272 54750.36637811 53.62  18.096368  -0.084258 18.604
 72   302.206 54750.36637875 52.20  18.095638  -0.087558 18.604
 72   302.289 54750.36637939 50.24  18.094911  -0.090866 27.550
 72   302.336 54750.36638004 51.49  18.094181  -0.094166 27.550
 72   302.339 54750.36638068 50.45  18.093461  -0.097476 27.550
 72   302.326 54750.36638133 51.17  18.092731  -0.100776 27.550
 72   302.253 54750.36638197 49.30  18.092001  -0.104086 27.550
 73   303.396 54785.36634405 52.12  18.100288  -0.072199 22.898
 73   303.392 54785.36634470 51.87  18.099558  -0.075509 22.898
 73   303.330 54785.36634534 53.63  18.098838  -0.078809 22.898
 73   303.267 54785.36634599 52.95  18.098108  -0.082119 22.898
 73   303.279 54785.36634663 50.70  18.097378  -0.085419 22.898
 73   303.283 54785.36634728 50.16  18.096658  -0.088729 22.898
 73   303.266 54785.36634792 48.53  18.095928  -0.092029 22.898
 73   303.274 54785.36634856 51.02  18.095206  -0.095341 39.898
 73   303.238 54785.36634921 53.61  18.094476  -0.098641 39.898
 73   303.070 54785.36634985 51.79  18.093746  -0.101951 39.898
 74   303.896 54820.36636820 31.12  18.100360  -0.072175 19.665
 74   303.722 54820.36636884 27.41  18.099640  -0.075475 19.665
 74   303.578 54820.36636949 25.21  18.098910  -0.078785 19.665
 74   303.684 54820.36637013 24.59  18.098180  -0.082085 19.665
 74   303.880 54820.36637077 30.67  18.097460  -0.085395 19.665
 74   303.849 54820.36637142 33.20  18.096730  -0.088695 19.665
 74   303.863 54820.36637206 26.56  18.096002  -0.092005 34.828
 74   303.831 54820.36637271 28.00  18.095272  -0.095305 34.828
 74   303.513 54820.36637335 26.68  18.094552  -0.098615 34.828
 74   303.752 54820.36637400 28.55  18.093822  -0.101915 34.828
 75   302.320 54855.36634036 52.82  18.100909  -0.071357 26.026
 75   302.418 54855.36634101 50.09  18.100189  -0.074667 26.026
 75   302.378 54855.36634165 51.47  18.099459  -0.077967 26.026
 75   302.302 54855.36634230 49.53  18.098739  -0.081277 26.026
 75   302.244 54855.36634294 49.42  18.098009  -0.084577 26.026
 75   302.196 54855.36634359 47.23  18.097279  -0.087887 26.026
 75   302.306 54855.36634423 43.40  18.096559  -0.091197 26.026
 75   302.357 54855.36634488 47.29  18.095829  -0.094497 26.026
 75   302.304 54855.36634552 44.36  18.095107  -0.097806 40.574
 75   302.230 54855.36634617 46.93  18.094377  -0.101106 40.574
 76   302.612 54890.36637334 22.52  18.097563  -0.074260  7.829
 76   302.445 54890.36637398 26.93  18.096833  -0.077560  7.829
 76   302.351 54890.36637463 22.31  18.096103  -0.080870  7.829
 76   302.257 54890.36637527 19.39  18.095383  -0.084180  7.829
 76   302.438 54890.36637592 17.38  18.094653  -0.087480  7.829
 76   302.344 54890.36637656 17.95  18.093929  -0.090789 19.426
 76   302.147 54890.36637720 18.57  18.093199  -0.094089 19.426
 76   302.163 54890.36637785 18.99  18.092479  -0.097399 19.426
 76   302.047 54890.36637849 19.48  18.091749  -0.100709 19.426
 76   302.056 54890.36637914 21.31  18.091019  -0.104009 19.426
 77   301.694 54925.36633952 20.75  18.097805  -0.074895 10.129
 77   301.542 54925.36634017 22.57  18.097085  -0.078205 10.129
 77   301.541 54925.36634081 26.40  18.096355  -0.081515 10.129
 77   301.720 54925.36634145 37.19  18.095635  -0.084815 10.129
 77   301.600 54925.36634210 41.55  18.094905  -0.088125 10.129
 77   301.512 54925.36634274 29.77  18.094185  -0.091425 10.129
 77   301.666 54925.36634339 26.52  18.093455  -0.094735 10.129
 77   301.599 54925.36634403 26.84  18.092725  -0.098035 10.129
 77   301.643 54925.36634468 23.47  18.092007  -0.101348 11.684
 77   301.710 54925.36634532 26.77  18.091277  -0.104648 11.684
 78   302.455 54960.36637079 52.43  18.097967  -0.075340 21.156
 78   302.350 54960.36637144 53.50  18.097247  -0.078650 21.156
 78   302.476 54960.36637208 51.27  18.096517  -0.081960 21.156
 78   302.475 54960.36637273 50.85  18.095787  -0.085260 21.156
 78   302.403 54960.36637337 48.56  18.095067  -0.088570 21.156
 78   302.351 54960.36637402 51.30  18.094337  -0.091870 21.156
 78   302.307 54960.36637466 52.61  18.093609  -0.095179 28.558
 78   302.327 54960.36637531 53.51  18.092879  -0.098479 28.558
 78   302.357 54960.36637595 53.48  18.092159  -0.101789 28.558
 78   302.407 54960.36637660 47.96  18.091429  -0.105089 28.558
 79   302.678 54995.36639310 32.97  18.096423  -0.075654 10.959
 79   302.727 54995.36639375 33.07  18.095693  -0.078964 10.959
 79   302.607 54995.36639439 25.13  18.094963  -0.082264 10.959
 79   302.501 54995.36639504 19.92  18.094243  -0.085574 10.959
 79   302.706 54995.36639568 21.20  18.093513  -0.088874 10.959
 79   302.737 54995.36639633 26.44  18.092788  -0.092182 15.598
 79   302.699 54995.36639697 28.69  18.092058  -0.095482 15.598
 79   302.654 54995.36639762 26.81  18.091338  -0.098792 15.598
 79   302.420 54995.36639826 20.11  18.090608  -0.102092 15.598
 79   302.160 54995.36639891 20.49  18.089878  -0.105402 15.598
 80   301.969 55030.36638229 50.88  18.099026  -0.073718 21.464
 80   301.928 55030.36638293 51.36  18.098306  -0.077018 21.464
 80   301.790 55030.36638358 52.39  18.097576  -0.080328 21.464
 80   301.877 55030.36638422 49.18  18.096846  -0.083628 21.464
 80   301.820 55030.36638487 50.16  18.096126  -0.086938 21.464
 80   301.769 55030.36638551 46.53  18.095396  -0.090238 21.464
 80   301.838 55030.36638616 47.66  18.094671  -0.093548 26.755
 80   301.898 55030.36638680 49.31  18.093941  -0.096848 26.755
 80   301.875 55030.36638745 53.23  18.093221  -0.100158 26.755
 80   301.868 55030.36638809 48.39  18.092491  -0.103468 26.755
 81   301.535 55065.36637182 42.10  18.101234  -0.069943 16.264
 81   301.425 55065.36637247 41.39  18.100504  -0.073243 16.264
 81   302.012 55065.36637311 20.70  18.099784  -0.076553 16.264
 81   302.073 55065.36637376 21.19  18.099054  -0.079863 16.264
 81   301.933 55065.36637440 18.94  18.098334  -0.083163 16.264
 81   301.582 55065.36637505 19.33  18.097604  -0.086473 16.264
 81   301.516 55065.36637569 19.17  18.096874  -0.089773 16.264
 81   301.498 55065.36637634 29.73  18.096154  -0.093083 16.264
 81   301.427 55065.36637698 28.75  18.095424  -0.096383 16.264
 81   301.332 55065.36637763 30.25  18.094701  -0.099694 24.839
 81   301.254 55065.36637827 29.37  18.093971  -0.102994 24.839
 82   302.118 55100.36631639 50.62  18.097657  -0.075747 25.715
 82   301.956 55100.36631704 53.32  18.096927  -0.079057 25.715
 82   302.066 55100.36631768 51.43  18.096197  -0.082367 25.715
 82   301.999 55100.36631833 51.24  18.095477  -0.085667 25.715
 82   301.908 55100.36631897 50.76  18.094747  -0.088977 25.715
 82   302.053 55100.36631962 49.15  18.094027  -0.092277 25.715
 82   302.051 55100.36632026 50.56  18.093297  -0.095587 25.715
 82   302.042 55100.36632090 50.29  18.092567  -0.098887 25.715
 82   302.009 55100.36632155 49.73  18.091850  -0.102197 26.483
 82   301.995 55100.36632219 50.91  18.091120  -0.105497 26.483
 83   302.916 55135.36631793 49.36  18.099760  -0.071548 21.184
 83   302.855 55135.36631857 54.95  18.099040  -0.074858 21.184
 83   302.794 55135.36631922 50.54  18.098310  -0.078168 21.184
 83   302.741 55135.36631986 52.05  18.097580  -0.081468 21.184
 83   302.703 55135.36632051 54.90  18.096860  -0.084778 21.184
 83   302.655 55135.36632115 49.57  18.096130  -0.088078 21.184
 83   302.694 55135.36632179 49.52  18.095403  -0.091387 24.778
 83   302.730 55135.36632244 47.56  18.094673  -0.094687 24.778
 83   302.712 55135.36632308 43.80  18.093953  -0.097997 24.778
 83   302.757 55135.36632373 48.72  18.093223  -0.101297 24.778
 83   302.716 55135.36632437 47.93  18.092493  -0.104607 24.778
 84   303.584 55170.36628067 51.85  18.101025  -0.070790 28.799
 84   303.680 55170.36628132 54.81  18.100305  -0.074100 28.799
 84   303.594 55170.36628196 52.09  18.099575  -0.077410 28.799
 84   303.586 55170.36628261 52.39  18.098855  -0.080710 28.799
 84   303.620 55170.36628325 52.66  18.098125  -0.084020 28.799
 84   303.647 55170.36628390 50.36  18.097405  -0.087320 28.799
 84   303.617 55170.36628454 49.02  18.096675  -0.090630 28.799
 84   303.632 55170.36628519 51.36  18.095945  -0.093930 28.799
 84   303.626 55170.36628583 52.45  18.095224  -0.097241 49.115
 84   303.537 55170.36628648 53.17  18.094494  -0.100541 49.115
 85   303.553 55205.36631130 51.52  18.099404  -0.072650 22.522
 85   303.505 55205.36631195 50.61  18.098684  -0.075950 22.522
 85   303.480 55205.36631259 51.32  18.097954  -0.079260 22.522
 85   303.469 55205.36631324 51.74  18.097224  -0.082560 22.522
 85   303.500 55205.36631388 52.10  18.096494  -0.085870 22.522
 85   303.406 55205.36631453 50.32  18.095774  -0.089170 22.522
 85   303.388 55205.36631517 50.34  18.095046  -0.092479 37.598
 85   303.377 55205.36631581 50.16  18.094316  -0.095779 37.598
 85   303.379 55205.36631646 52.95  18.093596  -0.099089 37.598
 85   303.338 55205.36631710 52.36  18.092866  -0.102399 37.598
 86   302.732 55240.36628808 51.05  18.098578  -0.073896 24.007
 86   302.775 55240.36628872 54.74  18.097848  -0.077196 24.007
 86   302.835 55240.36628937 51.71  18.097128  -0.080506 24.007
 86   302.658 55240.36629001 52.07  18.096398  -0.083816 24.007
 86   302.675 55240.36629066 53.65  18.095668  -0.087116 24.007
 86   302.724 55240.36629130 49.54  18.094948  -0.090426 24.007
 86   302.765 55240.36629195 49.54  18.094218  -0.093726 24.007
 86   302.684 55240.36629259 49.13  18.093498  -0.097036 30.543
 86   302.673 55240.36629324 52.94  18.092768  -0.100336 30.543
 86   302.672 55240.36629388 51.79  18.092048  -0.103646 30.543
 87   302.626 55275.36630497 39.75  18.099149  -0.073048 14.423
 87   302.548 55275.36630562 35.48  18.098429  -0.076358 14.423
 87   302.471 55275.36630626 41.64  18.097699  -0.079668 14.423
 87   302.492 55275.36630691 45.87  18.096969  -0.082968 14.423
 87   302.550 55275.36630755 48.86  18.096249  -0.086278 14.423
 87   302.583 55275.36630820 42.58  18.095519  -0.089578 14.423
 87   302.573 55275.36630884 43.00  18.094795  -0.092890 24.016
 87   302.532 55275.36630949 41.58  18.094065  -0.096190 24.016
 87   302.468 55275.36631013 41.30  18.093345  -0.099500 24.016
 87   302.455 55275.36631078 33.76  18.092615  -0.102800 24.016
 88   303.356 55310.36627067 50.46  18.100610  -0.071704 20.788
 88   303.410 55310.36627132 46.49  18.099890  -0.075004 20.788
 88   303.042 55310.36627196 38.66  18.099160  -0.078314 20.788
 88   302.918 55310.36627261 36.87  18.098430  -0.081624 20.788
 88   302.676 55310.36627325 36.54  18.097710  -0.084924 20.788
 88   303.223 55310.36627390 39.23  18.096980  -0.088234 20.788
 88   303.202 55310.36627454 47.37  18.096260  -0.091534 20.788
 88   303.174 55310.36627518 51.00  18.095530  -0.094844 20.788
 88   303.236 55310.36627583 51.20  18.094800  -0.098144 20.788
 88   303.250 55310.36627647 49.40  18.094081  -0.101456 36.233
 89   303.096 55345.36627361 48.32  18.101109  -0.071108 44.173
 89   303.129 55345.36627426 50.56  18.100379  -0.074408 44.173
 89   303.114 55345.36627490 51.27  18.099649  -0.077718 44.173
 89   303.054 55345.36627555 52.44  18.098929  -0.081018 44.173
 89   303.048 55345.36627619 53.20  18.098199  -0.084328 44.173
 89   303.042 55345.36627684 51.70  18.097479  -0.087638 44.173
 89   303.049 55345.36627748 51.94  18.096749  -0.090938 44.173
 89   302.982 55345.36627813 54.06  18.096019  -0.094248 44.173
 89   302.914 55345.36627877 52.58  18.095299  -0.097548 44.173
 89   302.880 55345.36627942 52.49  18.094569  -0.100858 44.173
 90   302.513 55380.36626701 49.55  18.100198  -0.071063 23.915
 90   302.465 55380.36626765 52.53  18.099468  -0.074373 23.915
 90   302.414 55380.36626830 52.49  18.098748  -0.077673 23.915
 90   302.374 55380.36626894 51.27  18.098018  -0.080983 23.915
 90   302.370 55380.36626959 51.78  18.097288  -0.084283 23.915
 90   302.483 55380.36627023 50.47  18.096568  -0.087593 23.915
 90   302.500 55380.36627088 47.52  18.095838  -0.090893 23.915
 90   302.491 55380.36627152 46.66  18.095116  -0.094203 32.129
 90   302.453 55380.36627216 50.86  18.094386  -0.097503 32.129
 90   302.456 55380.36627281 50.83  18.093666  -0.100813 32.129
 90   302.395 55380.36627345 47.76  18.092936  -0.104123 32.129
 91   302.393 55415.36629279 18.53  18.100529  -0.070898  6.892
 91   302.121 55415.36629344 17.81  18.099799  -0.074198  6.892
 91   302.014 55415.36629408 18.99  18.099079  -0.077508  6.892
 91   302.076 55415.36629473 17.44  18.098349  -0.080818  6.892
 91   301.989 55415.36629537 16.19  18.097619  -0.084118  6.892
 91   302.154 55415.36629602 13.82  18.096899  -0.087428  6.892
 91   302.167 55415.36629666 15.91  18.096169  -0.090728  6.892
 91   302.061 55415.36629731 14.21  18.095441  -0.094038 10.943
 91   302.172 55415.36629795 13.80  18.094711  -0.097338 10.943
 91   301.888 55415.36629860 15.79  18.093991  -0.100648 10.943
 91   301.863 55415.36629924 15.87  18.093261  -0.103948 10.943
 92   301.729 55450.36627851 44.24  18.101441  -0.070039 16.658
 92   301.566 55450.36627915 51.21  18.100711  -0.073339 16.658
 92   301.699 55450.36627980 42.50  18.099991  -0.076649 16.658
 92   301.518 55450.36628044 29.05  18.099261  -0.079959 16.658
 92   301.213 55450.36628109 23.24  18.098541  -0.083259 16.658
 92   301.147 55450.36628173 20.40  18.097811  -0.086569 16.658
 92   301.542 55450.36628238 16.16  18.097081  -0.089869 16.658
 92   301.460 55450.36628302 15.53  18.096361  -0.093179 16.658
 92   301.637 55450.36628367 18.15  18.095631  -0.096479 16.658
 92   301.568 55450.36628431 23.25  18.094909  -0.099788 25.925
 92   301.499 55450.36628496 23.46  18.094179  -0.103088 25.925
 93   301.849 55485.36620393 52.10  18.101200  -0.071581 28.988
 93   301.963 55485.36620457 51.72  18.100470  -0.074881 28.988
 93   301.880 55485.36620522 49.27  18.099750  -0.078191 28.988
 93   301.796 55485.36620586 52.83  18.099020  -0.081501 28.988
 93   301.863 55485.36620651 52.02  18.098300  -0.084801 28.988
 93   301.937 55485.36620715 47.95  18.097570  -0.088111 28.988
 93   301.868 55485.36620780 51.35  18.096850  -0.091411 28.988
 93   301.851 55485.36620844 49.76  18.096120  -0.094721 28.988
 93   301.842 55485.36620908 54.19  18.095390  -0.098021 28.988
 93   301.836 55485.36620973 52.92  18.094673  -0.101332 40.133
