# NaN NaN NaN ;Mean Elev.(m), Avg Gradient(m/km), RMS Gradient(m/km) - SRTM1     
# NaN NaN NaN ;Mean Elev.(m), Avg Gradient(m/km), RMS Gradient(m/km) - ASTER GDEM
#  304.296  -0.782   3.739 ;Mean Elev.(m), Avg Gradient(m/km), RMS Gradient(m/km) - GMTED2010 
  7  18.114389  -0.086249   301.798   301.765  5 52457.86645088 52.596
  8  18.120464  -0.077357   301.874   301.886  5 52492.86642807 48.971
 10  18.116477  -0.080031   302.668   302.748  5 52562.86645030 46.592
 14  18.118982  -0.077529   301.796   301.805  5 52702.86640832 51.789
 16  18.116556  -0.080625   302.799   302.864  5 52772.86640913 29.899
 18  18.113343  -0.081787   302.487   302.492  4 52842.86652887 51.617
 19  18.110721  -0.076631   302.034   302.034  2 52877.86656817 51.889
 20  18.119438  -0.077838   302.671   302.616  5 52912.86652590 14.501
 21  18.117836  -0.078343   302.984   303.005  5 52947.86648335 29.121
 23  18.113925  -0.083675   303.702   303.751  5 53017.86651061 51.862
 24  18.117048  -0.082274   302.592   302.585  5 53052.86649217 51.238
 26  18.114093  -0.086232   301.847   301.902  5 53122.86649835 18.632
 28  18.117348  -0.080041   301.560   301.561  5 53192.86655029 51.606
 33  18.116280  -0.081865   303.468   303.488  4 53367.86647462 51.541
 34  18.114090  -0.083589   301.622   301.618  5 53402.86650364 37.753
 35  18.114961  -0.082090   300.966   300.955  5 53437.86649253 49.518
 41  18.115679  -0.083872   302.415   302.420  5 53647.86652632 52.373
 43  18.116615  -0.080359   303.571   303.571  5 53717.86646917 51.590
 44  18.119672  -0.079246   302.134   302.137  5 53752.86638977 52.394
 45  18.117211  -0.079344   301.523   301.536  5 53787.86641990 46.956
 46  18.116772  -0.079945   301.705   301.669  5 53822.86637458 32.012
 48  18.117045  -0.079146   302.554   302.557  5 53892.86648114 52.363
 51  18.116161  -0.081727   301.489   301.489  6 53997.86646940 50.435
 52  18.116463  -0.083186   302.359   302.365  5 54032.86651885 49.309
 54  18.113371  -0.081902   304.238   304.219  4 54102.86647174 50.449
 55  18.113883  -0.084852   302.422   302.406  4 54137.86644143 52.093
 56  18.113075  -0.082481   302.001   301.975  4 54172.86644947 41.393
 58  18.114051  -0.082808   302.588   302.619  5 54242.86647964 49.673
 59  18.114388  -0.085144   302.628   302.650  4 54277.86649281 50.509
 60  18.115006  -0.081831   301.990   301.979  5 54312.86649345 51.493
 61  18.114639  -0.083536   302.466   302.456  6 54347.86646478 49.819
 62  18.115050  -0.084694   303.047   303.045  4 54382.86643031 52.158
 63  18.114323  -0.085701   303.770   303.781  5 54417.86641352 48.140
 64  18.114496  -0.084592   304.245   304.248  4 54452.86640013 41.378
 65  18.115287  -0.082158   303.490   303.508  5 54487.86641211 52.154
 66  18.115712  -0.084114   302.374   302.376  5 54522.86641322 52.310
 67  18.114440  -0.085727   302.029   301.919  5 54557.86642139 43.069
 68  18.113852  -0.085769   302.355   302.352  5 54592.86640962 51.514
 69  18.113957  -0.085238   302.119   302.104  4 54627.86642468 52.420
 71  18.115056  -0.081757   302.020   302.019  5 54697.86640703 50.986
 72  18.114332  -0.085958   302.116   302.105  5 54732.86638911 47.913
 73  18.114611  -0.082431   302.653   302.736  5 54767.86638589 28.706
 74  18.111324  -0.076317   303.866   303.866  2 54802.86638424 50.261
 75  18.114328  -0.083600   303.269   303.277  5 54837.86637910 48.003
 76  18.114156  -0.085889   302.495   302.506  5 54872.86638183 51.525
 77  18.111046  -0.077089   302.204   302.204  2 54907.86638708 52.380
 80  18.113161  -0.081964   301.973   301.978  4 55012.86640975 50.648
 81  18.114564  -0.083602   301.522   301.516  5 55047.86640203 51.162
 82  18.114059  -0.082861   302.128   302.112  5 55082.86637310 52.321
 83  18.115198  -0.083992   302.310   302.314  4 55117.86633361 52.870
 84  18.113621  -0.085265   303.387   303.388  4 55152.86633034 47.661
 85  18.113567  -0.085467   303.767   303.762  3 55187.86632126 50.336
 86  18.113250  -0.082232   303.055   303.061  4 55222.86633017 48.312
 87  18.115043  -0.083997   302.568   302.560  4 55257.86631698 51.950
 88  18.113912  -0.084634   302.981   302.980  4 55292.86631726 50.033
 90  18.113965  -0.083696   302.665   302.670  5 55362.86629674 48.761
 91  18.113830  -0.084571   301.686   301.812  5 55397.86630482 17.237
 92  18.115668  -0.083081   302.106   302.128  5 55432.86631254 51.902
 93  18.114919  -0.081763   302.439   302.482  5 55467.86627068 52.140
