#  369.020  -0.078  12.244 ;Mean Elev.(m), Avg Gradient(m/km), RMS Gradient(m/km) - SRTM1     
#  358.951  -0.320  13.032 ;Mean Elev.(m), Avg Gradient(m/km), RMS Gradient(m/km) - ASTER GDEM
#  369.358  -0.019  12.348 ;Mean Elev.(m), Avg Gradient(m/km), RMS Gradient(m/km) - GMTED2010 
  8  24.082250   0.985397   365.223   365.217  5 52498.35024737 50.779
 10  24.082842   0.985442   366.107   366.046  5 52568.35026142 47.733
 11  24.078090   0.989137   368.124   368.134  4 52603.35025429 52.108
 12  24.078945   0.988857   367.679   367.673  4 52638.35022915 51.843
 13  24.080231   0.988011   367.040   367.058  4 52673.35022863 52.823
 14  24.080370   0.984839   365.971   365.962  4 52708.35023823 49.030
 15  24.075628   0.988605   366.349   366.205  3 52743.35026778 51.844
 18  24.080357   0.987117   365.895   365.900  5 52848.35034141 51.265
 19  24.077662   0.986670   366.172   366.099  5 52883.35037759 49.060
 20  24.081679   0.985195   366.457   366.465  5 52918.35033449 50.705
 21  24.085751   0.985452   366.777   366.812  5 52953.35029686 51.246
 22  24.088860   0.982147   367.860   367.863  4 52988.35030720 51.164
 23  24.086081   0.983429   367.005   366.963  4 53023.35029428 51.970
 24  24.087892   0.983646   366.405   366.407  4 53058.35028917 51.092
 25  24.073860   0.989125   366.025   365.977  3 53093.35032617 50.681
 26  24.084998   0.984759   366.565   366.583  5 53128.35029761 52.608
 28  24.081388   0.986040   364.605   364.589  4 53198.35036424 50.194
 29  24.087659   0.981294   365.226   365.032  3 53233.35033853 51.799
 30  24.080306   0.988246   364.985   364.955  4 53268.35030521 51.499
 31  24.073666   0.991270   365.357   365.272  4 53303.35036290 17.936
 32  24.079848   0.985403   366.882   366.891  5 53338.35033330 51.733
 33  24.083217   0.987086   367.198   367.222  5 53373.35026633 52.564
 34  24.083173   0.985528   366.427   366.420  5 53408.35030650 50.002
 35  24.081274   0.988013   365.698   365.699  4 53443.35029042 51.239
 37  24.080816   0.987770   366.304   366.312  4 53513.35037447 52.264
 38  24.076018   0.988013   365.351   365.312  5 53548.35039315 51.929
 39  24.081693   0.987428   364.618   364.676  5 53583.35035957 52.615
 40  24.078223   0.988477   364.972   364.966  4 53618.35031538 34.264
 41  24.080295   0.985366   365.257   365.255  4 53653.35033791 18.968
 42  24.077717   0.988281   367.239   367.149  4 53688.35033686 52.064
 43  24.083203   0.985926   366.577   366.593  4 53723.35026204 51.445
 44  24.087902   0.984317   367.198   367.297  4 53758.35019970 35.340
 45  24.084400   0.984813   365.219   365.138  5 53793.35022161 24.480
 46  24.084781   0.984496   366.437   366.353  5 53828.35019187 31.854
 47  24.077967   0.986919   365.540   365.453  5 53863.35027505 38.357
 48  24.081342   0.987240   365.578   365.592  5 53898.35029820 51.344
 49  24.071659   0.989636   364.868   364.862  3 53933.35034430 52.247
 50  24.075270   0.987335   364.928   364.912  4 53968.35031732 51.303
 51  24.083811   0.986342   365.445   365.447  5 54003.35028621 51.679
 52  24.083877   0.986676   365.546   365.339  5 54038.35032198 41.900
 53  24.082167   0.987016   368.687   368.661  5 54073.35031646 51.477
 54  24.079567   0.985870   367.768   367.787  5 54108.35026381 52.244
 55  24.080491   0.985422   367.159   367.158  5 54143.35025277 50.400
 56  24.079780   0.985859   367.056   367.049  5 54178.35024767 47.425
 58  24.080174   0.985375   366.770   366.838  5 54248.35028823 49.096
 60  24.082623   0.986640   365.647   365.624  5 54318.35029477 51.259
 61  24.081249   0.984349   365.709   365.669  4 54353.35025975 20.952
 62  24.081935   0.986000   367.128   367.030  5 54388.35023500 50.173
 63  24.081101   0.988262   367.351   367.315  4 54423.35020917 52.048
 64  24.082138   0.986580   367.701   367.722  5 54458.35020939 51.846
 65  24.081700   0.985693   367.664   367.677  5 54493.35021334 50.313
 66  24.082991   0.986062   366.661   366.607  5 54528.35022221 50.576
 67  24.080346   0.984807   366.667   366.650  4 54563.35022054 50.737
 68  24.080595   0.984816   365.885   365.898  4 54598.35021785 48.060
 69  24.080032   0.988336   366.302   366.296  4 54633.35023057 50.855
 70  24.079523   0.985591   365.104   365.136  5 54668.35023602 51.343
 71  24.082405   0.986214   365.461   365.449  5 54703.35020093 50.964
 72  24.080983   0.985041   365.506   365.496  4 54738.35019803 21.696
 73  24.081959   0.985867   366.599   366.618  5 54773.35018265 51.028
 74  24.080898   0.988579   366.809   366.823  4 54808.35019057 49.327
 75  24.081609   0.988085   366.575   366.559  4 54843.35017943 52.798
 76  24.079534   0.986297   366.740   366.636  4 54878.35019434 23.559
 77  24.079572   0.988403   366.621   366.600  4 54913.35018366 51.709
 78  24.079961   0.988680   366.877   366.919  4 54948.35018535 41.924
 79  24.079613   0.987935   366.661   366.718  4 54983.35021134 27.096
 80  24.081013   0.984275   365.971   365.974  4 55018.35020976 51.593
 81  24.082060   0.985854   364.902   364.948  5 55053.35020469 37.361
 82  24.080606   0.988130   365.669   365.480  4 55088.35016660 19.045
 83  24.082504   0.987934   366.323   366.340  4 55123.35014115 48.146
 84  24.079855   0.986199   367.819   367.810  3 55158.35012777 50.055
 85  24.080422   0.984897   367.534   367.529  4 55193.35013128 51.548
 86  24.079766   0.986159   367.240   367.260  3 55228.35012985 50.581
 87  24.081887   0.987300   367.809   367.683  5 55263.35012625 28.100
 88  24.081310   0.985788   368.083   368.082  5 55298.35011259 50.630
 89  24.079960   0.987753   367.456   367.468  4 55333.35010458 51.841
 90  24.081744   0.987331   366.659   366.621  5 55368.35009653 52.403
 91  24.081629   0.986242   365.875   365.871  5 55403.35011203 51.606
 92  24.082485   0.986039   365.403   365.292  5 55438.35011442 42.301
 93  24.081318   0.984931   365.504   365.442  5 55473.35006309 52.565
