#  383.124  -2.214   5.382 ;Mean Elev.(m), Avg Gradient(m/km), RMS Gradient(m/km) - SRTM1     
#  428.052  -2.214   7.374 ;Mean Elev.(m), Avg Gradient(m/km), RMS Gradient(m/km) - ASTER GDEM
#  385.198  -2.261   5.679 ;Mean Elev.(m), Avg Gradient(m/km), RMS Gradient(m/km) - GMTED2010 
  7  25.164218   0.504391   376.357   376.131  3 52477.84662417 44.684
  9  25.167938   0.504932   376.760   376.760  2 52547.84660686 29.421
 10  25.171765   0.505740   377.142   377.142  2 52582.84661098 41.269
 11  25.165941   0.504496   378.369   378.369  2 52617.84658449 32.567
 12  25.178124   0.506244   380.317   380.317  2 52652.84655871 20.107
 13  25.170989   0.506276   377.287   377.360  3 52687.84655833 31.226
 14  25.169282   0.505424   377.494   377.494  2 52722.84660511 29.964
 15  25.157916   0.503647   377.952   377.952  2 52757.84662649 33.716
 16  25.171184   0.508025   376.777   376.777  2 52792.84657950 39.449
 17  25.173640   0.506554   377.275   377.275  2 52827.84664706 36.072
 18  25.175134   0.507621   375.902   375.902  2 52862.84669232 43.830
 19  25.167614   0.504947   376.687   376.687  2 52897.84672163 47.741
 20  25.166481   0.505065   376.468   376.283  3 52932.84666753 45.940
 21  25.170584   0.506416   376.933   376.933  2 52967.84667390 44.598
 22  25.163075   0.503662   378.025   378.025  2 53002.84669752 33.946
 23  25.165904   0.504410   377.692   377.760  3 53037.84664710 27.076
 24  25.167759   0.505045   377.129   377.132  3 53072.84667330 38.589
 25  25.165810   0.505456   377.429   377.504  3 53107.84664755 36.474
 26  25.168662   0.505169   376.604   376.604  2 53142.84668278 42.793
 27  25.170823   0.506632   375.632   375.632  2 53177.84670523 47.480
 28  25.167165   0.505919   375.045   375.045  2 53212.84672550 36.560
 29  25.169965   0.506398   375.350   375.350  2 53247.84669432 47.556
 30  25.165837   0.505214   376.016   376.016  2 53282.84668472 41.721
 31  25.172642   0.505917   377.260   377.260  2 53317.84668534 41.864
 32  25.174045   0.507447   383.224   383.224  2 53352.84665151 21.272
 33  25.168516   0.505837   377.137   377.185  3 53387.84664590 33.921
 34  25.175929   0.507148   376.630   376.630  2 53422.84664666 31.887
 35  25.173898   0.506322   380.463   380.463  2 53457.84665180 21.835
 36  25.162385   0.503396   377.233   377.244  3 53492.84673695 43.238
 37  25.173794   0.507764   376.403   376.403  2 53527.84671686 31.573
 38  25.163075   0.504736   375.285   375.289  3 53562.84674585 50.588
 39  25.173235   0.506933   375.264   375.264  2 53597.84668585 46.514
 40  25.165216   0.504827   394.751   394.751  2 53632.84668127 23.514
 41  25.164971   0.504489   376.953   376.953  2 53667.84670325 48.265
 42  25.173886   0.507493   377.921   377.921  2 53702.84664797 25.765
 43  25.174541   0.507799   376.543   376.543  2 53737.84655773 29.210
 44  25.175328   0.506675   376.551   376.551  2 53772.84656947 28.894
 47  25.172262   0.507127   377.019   377.019  2 53877.84662653 19.375
 48  25.163131   0.504813   375.698   375.467  3 53912.84667886 45.821
 49  25.161054   0.503490   375.200   375.217  3 53947.84669317 48.912
 50  25.168559   0.505935   375.860   375.860  2 53982.84663494 40.992
 51  25.171103   0.506586   375.310   375.678  3 54017.84666368 43.209
 52  25.178197   0.506584   380.317   380.317  2 54052.84665758 22.190
 53  25.171131   0.506254   379.871   379.871  2 54087.84664926 26.516
 54  25.169898   0.506230   379.068   379.068  2 54122.84657280 23.057
 55  25.169081   0.505847   379.275   379.275  2 54157.84661227 20.831
 56  25.170117   0.505858   378.506   377.901  3 54192.84657231 24.285
 57  25.169492   0.505170   377.997   377.997  2 54227.84662396 25.447
 58  25.169889   0.506910   377.569   377.569  2 54262.84664363 26.564
 59  25.170267   0.507248   376.300   376.300  2 54297.84664833 42.682
 60  25.171001   0.507473   375.989   375.989  2 54332.84663810 46.345
 62  25.170492   0.506344   377.544   377.544  2 54402.84658093 24.347
 63  25.169167   0.505835   378.323   378.323  2 54437.84653784 22.495
 64  25.172158   0.505822   378.893   378.893  2 54472.84656629 19.538
 65  25.170259   0.506534   378.811   378.289  3 54507.84654891 21.941
 66  25.171020   0.506992   378.470   378.470  2 54542.84658090 22.440
 67  25.169745   0.506859   377.459   377.459  2 54577.84655170 29.150
 68  25.170641   0.506577   377.049   377.193  3 54612.84657222 37.027
 69  25.169471   0.506016   376.004   376.004  2 54647.84657865 44.071
 70  25.169702   0.506674   375.961   375.961  2 54682.84657939 41.914
 71  25.170401   0.507524   380.516   380.516  2 54717.84652734 20.293
 72  25.169706   0.505703   376.663   376.663  2 54752.84655171 41.754
 73  25.169726   0.506588   379.021   379.202  3 54787.84651694 26.738
 74  25.170728   0.505354   377.366   377.366  2 54822.84654604 26.439
 75  25.170462   0.507236   382.052   382.052  2 54857.84651351 20.165
 76  25.168558   0.506375   377.587   377.587  2 54892.84654859 26.513
 77  25.168531   0.505618   378.374   378.364  3 54927.84651078 27.563
 79  25.167388   0.505671   376.689   376.699  3 54997.84656923 41.248
 80  25.169127   0.505809   376.093   376.093  2 55032.84655835 43.568
 81  25.170436   0.506704   376.147   376.147  2 55067.84654719 43.370
 82  25.168548   0.505400   377.336   377.328  3 55102.84648581 42.591
 83  25.170150   0.506499   377.295   377.295  2 55137.84649327 37.545
 84  25.170019   0.506538   378.709   378.677  3 55172.84645458 23.415
 85  25.169822   0.506585   378.738   378.638  3 55207.84648810 26.083
 86  25.169363   0.505236   378.078   378.078  2 55242.84645876 23.742
 87  25.169597   0.505729   379.159   379.130  3 55277.84648130 27.508
 88  25.169636   0.507236   379.482   379.482  2 55312.84644528 23.662
 89  25.170364   0.506775   378.131   377.525  3 55347.84645242 25.621
 90  25.169487   0.506857   376.897   376.897  2 55382.84644270 41.127
 91  25.170601   0.505336   376.284   376.284  2 55417.84647095 44.334
 92  25.170561   0.506643   377.046   377.046  2 55452.84645241 44.284
 93  25.171244   0.506739   376.750   376.750  2 55487.84637371 39.451
