#  280.996  -0.151   2.492 ;Mean Elev.(m), Avg Gradient(m/km), RMS Gradient(m/km) - SRTM1     
#  264.032  -0.178   3.854 ;Mean Elev.(m), Avg Gradient(m/km), RMS Gradient(m/km) - ASTER GDEM
#  281.085   0.011   0.391 ;Mean Elev.(m), Avg Gradient(m/km), RMS Gradient(m/km) - GMTED2010 
  8   281.543 52478.37089267 52.40  16.146071  -2.395503 43.597
  8   281.493 52478.37089331 54.32  16.145341  -2.398813 43.597
  8   281.470 52478.37089396 51.54  16.144621  -2.402113 43.597
  8   281.484 52478.37089460 50.77  16.143891  -2.405423 43.597
  8   281.509 52478.37089524 47.92  16.143161  -2.408723 43.597
  9   281.404 52513.37083684 28.99  16.158334  -2.401799 17.409
  9   281.496 52513.37083749 24.92  16.157604  -2.405109 17.409
  9   281.577 52513.37083813 29.45  16.156884  -2.408409 17.409
  9   281.524 52513.37083878 29.25  16.156154  -2.411719 17.409
  9   281.562 52513.37083942 33.25  16.155424  -2.415019 17.409
  9   281.521 52513.37084006 34.50  16.154704  -2.418329 17.409
  9   281.343 52513.37084071 32.91  16.153974  -2.421629 17.409
  9   281.377 52513.37084135 38.73  16.153244  -2.424939 17.409
  9   281.261 52513.37084200 36.96  16.152524  -2.428239 17.409
  9   281.377 52513.37084264 41.64  16.151794  -2.431549 17.409
  9   281.393 52513.37084329 44.47  16.151064  -2.434849 17.409
  9   281.161 52513.37084393 39.59  16.150344  -2.438159 17.409
  9   281.337 52513.37084458 42.42  16.149614  -2.441459 17.409
 10   282.661 52548.37087890 30.70  16.148365  -2.396923 26.041
 10   282.515 52548.37087954 26.26  16.147635  -2.400233 26.041
 10   282.467 52548.37088019 24.60  16.146915  -2.403533 26.041
 10   282.598 52548.37088083 26.62  16.146185  -2.406843 26.041
 10   282.762 52548.37088148 33.62  16.145455  -2.410143 26.041
 10   282.771 52548.37088212 38.00  16.144725  -2.413453 26.041
 11   283.824 52583.37087786 34.55  16.153550  -2.400499 40.517
 11   283.559 52583.37087851 24.15  16.152830  -2.403809 40.517
 11   283.194 52583.37087915 23.63  16.152100  -2.407109 40.517
 11   283.569 52583.37087980 22.98  16.151370  -2.410419 40.517
 11   283.991 52583.37088044 26.92  16.150640  -2.413719 40.517
 11   283.980 52583.37088108 35.89  16.149920  -2.417029 40.517
 11   284.011 52583.37088173 36.60  16.149190  -2.420329 40.517
 11   284.035 52583.37088237 36.02  16.148460  -2.423639 40.517
 11   284.036 52583.37088302 38.12  16.147737  -2.426941 13.757
 11   284.067 52583.37088366 38.83  16.147007  -2.430251 13.757
 11   284.050 52583.37088431 44.65  16.146277  -2.433551 13.757
 12   285.514 52618.37085266 49.04  16.147245  -2.398200 44.551
 12   285.562 52618.37085330 46.73  16.146515  -2.401510 44.551
 12   285.616 52618.37085395 45.19  16.145785  -2.404810 44.551
 12   285.612 52618.37085459 43.39  16.145065  -2.408120 44.551
 12   285.645 52618.37085524 45.99  16.144335  -2.411420 44.551
 13   284.527 52653.37082882 18.29  16.158754  -2.401582 21.806
 13   284.516 52653.37082946 17.49  16.158024  -2.404882 21.806
 13   284.695 52653.37083011 18.03  16.157294  -2.408192 21.806
 13   284.958 52653.37083075 18.09  16.156569  -2.411492 19.150
 13   284.980 52653.37083140 19.07  16.155839  -2.414802 19.150
 13   284.738 52653.37083204 20.32  16.155109  -2.418102 19.150
 13   284.384 52653.37083269 22.96  16.154389  -2.421412 19.150
 13   284.528 52653.37083333 26.35  16.153659  -2.424712 19.150
 13   284.896 52653.37083397 30.43  16.152929  -2.428022 19.150
 13   285.066 52653.37083462 40.14  16.152209  -2.431322 19.150
 13   285.067 52653.37083526 43.98  16.151479  -2.434632 19.150
 13   285.072 52653.37083591 42.03  16.150749  -2.437932 19.150
 13   285.032 52653.37083655 41.67  16.150019  -2.441242 19.150
 14   282.423 52688.37082940 40.60  16.150393  -2.405876 47.791
 14   282.452 52688.37083004 38.83  16.149673  -2.409186 47.791
 14   282.444 52688.37083069 39.74  16.148936  -2.412488 13.186
 14   282.230 52688.37083133 32.23  16.148216  -2.415798 13.186
 14   282.185 52688.37083198 25.55  16.147486  -2.419098 13.186
 14   282.268 52688.37083262 24.87  16.146756  -2.422408 13.186
 14   282.159 52688.37083327 23.40  16.146036  -2.425708 13.186
 14   282.205 52688.37083391 31.22  16.145306  -2.429018 13.186
 15   281.427 52723.37087457 23.50  16.150376  -2.399780 12.673
 15   281.387 52723.37087521 22.03  16.149653  -2.403079 13.363
 15   281.421 52723.37087586 24.28  16.148923  -2.406389 13.363
 15   281.509 52723.37087650 27.25  16.148193  -2.409689 13.363
 15   281.191 52723.37087715 29.24  16.147473  -2.412999 13.363
 15   281.307 52723.37087779 32.57  16.146743  -2.416299 13.363
 15   281.339 52723.37087843 34.59  16.146013  -2.419609 13.363
 15   281.397 52723.37087908 36.74  16.145293  -2.422909 13.363
 15   281.228 52723.37087972 38.50  16.144563  -2.426219 13.363
 17   282.146 52793.37084767 52.86  16.153523  -2.398274 43.954
 17   282.185 52793.37084831 50.96  16.152793  -2.401584 43.954
 17   282.096 52793.37084896 54.70  16.152065  -2.404884 28.232
 17   282.068 52793.37084960 49.52  16.151335  -2.408194 28.232
 17   282.107 52793.37085025 51.53  16.150615  -2.411494 28.232
 17   282.134 52793.37085089 51.84  16.149885  -2.414804 28.232
 17   282.115 52793.37085153 51.57  16.149155  -2.418104 28.232
 17   281.931 52793.37085218 51.10  16.148425  -2.421414 28.232
 17   281.888 52793.37085282 50.37  16.147705  -2.424714 28.232
 17   281.854 52793.37085347 51.43  16.146975  -2.428024 28.232
 17   281.856 52793.37085411 51.48  16.146245  -2.431324 28.232
 18   281.830 52828.37091588 34.37  16.154957  -2.400987 28.218
 18   281.799 52828.37091652 44.89  16.154227  -2.404297 28.218
 18   281.767 52828.37091717 47.46  16.153499  -2.407597 28.575
 18   281.762 52828.37091781 49.69  16.152769  -2.410907 28.575
 18   281.815 52828.37091846 53.29  16.152049  -2.414207 28.575
 18   281.801 52828.37091910 49.60  16.151319  -2.417517 28.575
 18   281.681 52828.37091975 41.75  16.150589  -2.420817 28.575
 18   281.645 52828.37092039 49.72  16.149859  -2.424127 28.575
 18   281.635 52828.37092104 50.00  16.149139  -2.427427 28.575
 18   281.626 52828.37092168 50.30  16.148409  -2.430737 28.575
 18   281.611 52828.37092233 48.45  16.147679  -2.434037 28.575
 18   281.603 52828.37092297 49.24  16.146949  -2.437347 28.575
 19   282.094 52863.37096049 35.26  16.157150  -2.399300 24.030
 19   281.913 52863.37096114 21.74  16.156420  -2.402600 24.030
 19   281.786 52863.37096178 20.04  16.155690  -2.405910 24.030
 19   281.737 52863.37096243 19.33  16.154964  -2.409210 22.320
 19   281.515 52863.37096307 21.13  16.154234  -2.412520 22.320
 19   281.531 52863.37096372 23.55  16.153514  -2.415820 22.320
 19   281.831 52863.37096436 25.36  16.152784  -2.419130 22.320
 19   281.864 52863.37096501 35.18  16.152054  -2.422430 22.320
 19   281.860 52863.37096565 37.45  16.151324  -2.425740 22.320
 19   282.031 52863.37096630 36.41  16.150604  -2.429040 22.320
 19   281.921 52863.37096694 34.60  16.149874  -2.432350 22.320
 19   281.921 52863.37096759 36.31  16.149144  -2.435650 22.320
 19   281.953 52863.37096823 41.27  16.148414  -2.438960 22.320
 20   282.745 52898.37098981 50.88  16.149259  -2.397227 54.336
 20   282.730 52898.37099045 53.03  16.148529  -2.400527 54.336
 20   282.709 52898.37099109 52.33  16.147799  -2.403837 54.336
 20   282.707 52898.37099174 47.27  16.147079  -2.407138 21.559
 20   282.704 52898.37099238 48.95  16.146349  -2.410448 21.559
 20   282.687 52898.37099303 48.27  16.145619  -2.413748 21.559
 20   282.650 52898.37099367 50.90  16.144899  -2.417058 21.559
 21   283.643 52933.37093538 53.62  16.148006  -2.398167 52.988
 21   283.637 52933.37093603 53.17  16.147286  -2.401467 52.988
 21   283.626 52933.37093667 53.24  16.146556  -2.404777 52.988
 21   283.620 52933.37093732 51.58  16.145826  -2.408077 52.988
 21   283.614 52933.37093796 51.81  16.145106  -2.411387 52.988
 22   284.456 52968.37094594 37.16  16.150003  -2.404683 14.066
 22   284.310 52968.37094659 35.46  16.149273  -2.407993 14.066
 22   284.498 52968.37094723 33.84  16.148543  -2.411293 14.066
 22   284.531 52968.37094788 32.60  16.147823  -2.414603 14.066
 22   284.494 52968.37094852 30.56  16.147093  -2.417903 14.066
 22   284.448 52968.37094917 32.00  16.146363  -2.421213 14.066
 22   284.363 52968.37094981 32.68  16.145643  -2.424513 14.066
 22   284.330 52968.37095046 32.89  16.144913  -2.427823 14.066
 23   284.149 53003.37096698 35.99  16.144063  -2.397623 31.278
 23   284.070 53003.37096762 34.12  16.143333  -2.400933 31.278
 23   284.279 53003.37096827 34.22  16.142612  -2.404235 17.408
 23   284.295 53003.37096891 40.77  16.141882  -2.407545 17.408
 24   282.550 53038.37091624 52.35  16.146862  -2.398300 52.929
 24   282.543 53038.37091689 53.53  16.146142  -2.401610 52.929
 24   282.535 53038.37091753 51.39  16.145407  -2.404911 18.479
 24   282.534 53038.37091817 50.62  16.144687  -2.408221 18.479
 24   282.523 53038.37091882 49.28  16.143957  -2.411521 18.479
 25   281.454 53073.37094373 49.60  16.148789  -2.396757 31.253
 25   281.431 53073.37094437 51.02  16.148059  -2.400057 31.253
 25   281.419 53073.37094502 51.76  16.147339  -2.403367 31.253
 25   281.408 53073.37094566 50.54  16.146609  -2.406667 31.253
 25   281.402 53073.37094631 49.89  16.145879  -2.409977 31.253
 25   281.388 53073.37094695 50.04  16.145149  -2.413277 31.253
 26   281.164 53108.37091605 44.11  16.147473  -2.396821 50.283
 26   281.124 53108.37091669 51.43  16.146743  -2.400121 50.283
 26   281.062 53108.37091734 48.75  16.146023  -2.403431 50.283
 26   281.154 53108.37091798 51.12  16.145289  -2.406734 19.863
 26   281.191 53108.37091863 51.03  16.144569  -2.410044 19.863
 27   281.541 53143.37095353 48.80  16.149216  -2.399701 29.350
 27   281.515 53143.37095417 46.95  16.148496  -2.403011 29.350
 27   281.498 53143.37095482 40.85  16.147766  -2.406311 29.350
 27   281.499 53143.37095546 47.74  16.147036  -2.409621 29.350
 27   281.471 53143.37095611 45.37  16.146316  -2.412921 29.350
 27   281.382 53143.37095675 39.63  16.145586  -2.416231 29.350
 27   281.361 53143.37095740 41.18  16.144856  -2.419531 29.350
 28   280.959 53178.37097340 38.96  16.152706  -2.398932 41.392
 28   281.056 53178.37097405 41.87  16.151976  -2.402242 41.392
 28   281.117 53178.37097469 46.68  16.151246  -2.405542 41.392
 28   281.145 53178.37097534 47.20  16.150516  -2.408852 41.392
 28   281.155 53178.37097598 47.32  16.149796  -2.412152 41.392
 28   281.169 53178.37097663 46.93  16.149066  -2.415462 41.392
 28   281.135 53178.37097727 36.43  16.148336  -2.418762 41.392
 28   280.825 53178.37097792 38.88  16.147616  -2.422072 41.392
 28   280.790 53178.37097856 42.37  16.146886  -2.425372 41.392
 28   280.773 53178.37097921 46.29  16.146156  -2.428682 41.392
 28   280.731 53178.37097985 36.92  16.145433  -2.431982  6.609
 29   280.876 53213.37099432 28.22  16.148583  -2.398287 10.277
 29   280.860 53213.37099497 26.11  16.147853  -2.401587 10.277
 29   280.751 53213.37099561 25.54  16.147123  -2.404897 10.277
 29   280.696 53213.37099625 25.26  16.146402  -2.408197 18.316
 29   280.862 53213.37099690 27.44  16.145672  -2.411507 18.316
 29   280.800 53213.37099754 31.52  16.144942  -2.414807 18.316
 30   281.623 53248.37096443 44.07  16.150134  -2.404247 18.194
 30   281.438 53248.37096507 26.79  16.149414  -2.407557 18.194
 30   281.410 53248.37096572 26.82  16.148684  -2.410857 18.194
 30   281.439 53248.37096636 27.73  16.147964  -2.414167 18.194
 30   281.495 53248.37096701 30.78  16.147234  -2.417467 18.194
 30   281.659 53248.37096765 36.45  16.146504  -2.420777 18.194
 30   281.587 53248.37096829 39.60  16.145774  -2.424077 18.194
 30   281.501 53248.37096894 39.55  16.145054  -2.427387 18.194
 31   282.365 53283.37095546 50.08  16.146614  -2.397898 51.604
 31   282.308 53283.37095611 48.99  16.145884  -2.401208 51.604
 31   282.337 53283.37095675 48.86  16.145156  -2.404508 20.892
 31   282.387 53283.37095740 51.88  16.144426  -2.407818 20.892
 31   282.401 53283.37095804 49.73  16.143706  -2.411118 20.892
 32   283.672 53318.37095261 45.38  16.154696  -2.398447 51.493
 32   283.667 53318.37095325 42.41  16.153966  -2.401747 51.493
 32   283.758 53318.37095390 46.07  16.153246  -2.405057 51.493
 32   283.726 53318.37095454 49.67  16.152516  -2.408357 51.493
 32   283.720 53318.37095519 51.46  16.151786  -2.411667 51.493
 32   283.744 53318.37095583 52.17  16.151062  -2.414968 27.544
 32   283.758 53318.37095648 52.18  16.150332  -2.418278 27.544
 32   283.706 53318.37095712 51.82  16.149602  -2.421578 27.544
 32   283.662 53318.37095777 51.59  16.148882  -2.424888 27.544
 32   283.676 53318.37095841 54.46  16.148152  -2.428188 27.544
 32   283.670 53318.37095906 53.31  16.147422  -2.431498 27.544
 32   283.692 53318.37095970 52.64  16.146702  -2.434798 27.544
 33   284.234 53353.37091939 25.61  16.155463  -2.400910 25.066
 33   283.799 53353.37092004 23.26  16.154733  -2.404210 25.066
 33   283.120 53353.37092068 23.43  16.154013  -2.407520 25.066
 33   283.206 53353.37092133 21.18  16.153285  -2.410821  3.971
 33   283.547 53353.37092197 20.25  16.152555  -2.414131  3.971
 33   283.761 53353.37092262 18.06  16.151825  -2.417431  3.971
 33   283.977 53353.37092326 16.83  16.151105  -2.420741  3.971
 33   283.774 53353.37092391 15.97  16.150375  -2.424041  3.971
 33   283.758 53353.37092455 15.22  16.149645  -2.427351  3.971
 33   283.735 53353.37092520 13.67  16.148925  -2.430651  3.971
 33   283.972 53353.37092584 12.52  16.148195  -2.433961  3.971
 33   284.066 53353.37092649 11.00  16.147465  -2.437261  3.971
 34   282.860 53388.37091650 51.15  16.149413  -2.399200 50.411
 34   282.841 53388.37091715 53.20  16.148683  -2.402510 50.411
 34   282.821 53388.37091779 52.15  16.147954  -2.405809 25.959
 34   282.808 53388.37091844 51.40  16.147224  -2.409119 25.959
 34   282.798 53388.37091908 52.83  16.146504  -2.412419 25.959
 34   282.784 53388.37091973 52.85  16.145774  -2.415729 25.959
 34   282.762 53388.37092037 50.20  16.145044  -2.419029 25.959
 35   281.066 53423.37091677 21.63  16.156668  -2.400922 23.282
 35   280.789 53423.37091742 18.59  16.155938  -2.404232 23.282
 35   280.420 53423.37091806 19.00  16.155217  -2.407532 14.172
 35   280.467 53423.37091871 19.52  16.154487  -2.410842 14.172
 35   280.827 53423.37091935 20.21  16.153757  -2.414142 14.172
 35   281.030 53423.37092000 22.15  16.153037  -2.417452 14.172
 35   281.158 53423.37092064 26.70  16.152307  -2.420752 14.172
 35   281.035 53423.37092129 30.79  16.151577  -2.424062 14.172
 35   280.923 53423.37092193 29.17  16.150857  -2.427362 14.172
 35   281.085 53423.37092258 25.87  16.150127  -2.430672 14.172
 35   280.661 53423.37092322 22.21  16.149397  -2.433972 14.172
 35   281.286 53423.37092386 23.00  16.148667  -2.437282 14.172
 35   281.029 53423.37092451 36.74  16.147947  -2.440582 14.172
 36   280.969 53458.37092186 41.58  16.154883  -2.400965 45.188
 36   280.966 53458.37092250 46.20  16.154153  -2.404275 45.188
 36   281.016 53458.37092315 51.13  16.153424  -2.407575 28.086
 36   281.042 53458.37092379 49.79  16.152694  -2.410885 28.086
 36   281.040 53458.37092444 49.03  16.151974  -2.414185 28.086
 36   280.870 53458.37092508 42.66  16.151244  -2.417495 28.086
 36   280.907 53458.37092573 39.51  16.150514  -2.420795 28.086
 36   280.711 53458.37092637 36.92  16.149784  -2.424105 28.086
 36   280.728 53458.37092702 41.84  16.149064  -2.427405 28.086
 36   280.794 53458.37092766 46.42  16.148334  -2.430715 28.086
 36   280.741 53458.37092831 48.80  16.147604  -2.434015 28.086
 36   280.784 53458.37092895 49.13  16.146874  -2.437325 28.086
 37   281.259 53493.37100615 54.17  16.143821  -2.395818 54.841
 37   281.225 53493.37100679 52.97  16.143091  -2.399118 54.841
 37   281.261 53493.37100744 50.98  16.142361  -2.402428 54.841
 37   281.293 53493.37100808 46.50  16.141637  -2.405730 19.212
 38   281.524 53528.37098447 29.55  16.155897  -2.399410 22.102
 38   281.440 53528.37098511 19.63  16.155167  -2.402710 22.102
 38   281.440 53528.37098576 25.53  16.154437  -2.406020 22.102
 38   281.411 53528.37098640 30.46  16.153716  -2.409320 25.293
 38   281.368 53528.37098704 31.26  16.152986  -2.412630 25.293
 38   281.368 53528.37098769 28.22  16.152256  -2.415930 25.293
 38   281.592 53528.37098833 32.35  16.151536  -2.419240 25.293
 38   281.644 53528.37098898 44.89  16.150806  -2.422540 25.293
 38   281.455 53528.37098962 45.08  16.150076  -2.425850 25.293
 38   281.398 53528.37099027 43.06  16.149356  -2.429150 25.293
 38   281.444 53528.37099091 47.26  16.148626  -2.432460 25.293
 38   281.446 53528.37099156 48.01  16.147896  -2.435760 25.293
 38   281.455 53528.37099220 49.13  16.147166  -2.439070 25.293
 39   281.382 53563.37101460 18.78  16.144544  -2.397540  9.888
 39   281.460 53563.37101525 23.30  16.143814  -2.400840  9.888
 39   281.512 53563.37101589 25.61  16.143084  -2.404150  9.888
 39   281.593 53563.37101654 31.24  16.142365  -2.407450 19.620
 40   280.910 53598.37095540 30.23  16.154053  -2.400898 22.813
 40   281.082 53598.37095604 23.57  16.153333  -2.404208 22.813
 40   280.983 53598.37095669 21.69  16.152605  -2.407509 13.930
 40   281.004 53598.37095733 21.32  16.151875  -2.410819 13.930
 40   281.031 53598.37095798 22.68  16.151145  -2.414119 13.930
 40   281.079 53598.37095862 30.40  16.150425  -2.417429 13.930
 40   281.034 53598.37095927 33.73  16.149695  -2.420729 13.930
 40   281.035 53598.37095991 32.71  16.148965  -2.424039 13.930
 40   280.860 53598.37096055 34.21  16.148235  -2.427339 13.930
 40   280.736 53598.37096120 30.50  16.147515  -2.430649 13.930
 40   280.792 53598.37096184 26.00  16.146785  -2.433949 13.930
 40   280.986 53598.37096249 19.02  16.146055  -2.437259 13.930
 41   282.033 53633.37095046 24.44  16.146876  -2.395988 13.509
 41   282.148 53633.37095111 24.39  16.146156  -2.399288 13.509
 41   282.160 53633.37095175 24.72  16.145426  -2.402598 13.509
 41   282.239 53633.37095240 25.00  16.144697  -2.405897 23.392
 41   282.253 53633.37095304 30.19  16.143967  -2.409207 23.392
 42   282.515 53668.37097264 27.78  16.146335  -2.395784 28.844
 42   282.691 53668.37097328 27.78  16.145605  -2.399084 28.844
 42   282.691 53668.37097393 27.67  16.144875  -2.402394 28.844
 42   282.920 53668.37097457 28.85  16.144152  -2.405694 17.713
 42   282.992 53668.37097522 38.57  16.143422  -2.409004 17.713
 43   284.149 53703.37091596 41.27  16.155388  -2.401186 45.616
 43   284.163 53703.37091660 50.58  16.154658  -2.404486 45.616
 43   284.145 53703.37091725 48.34  16.153928  -2.407796 45.616
 43   284.129 53703.37091789 52.15  16.153208  -2.411097 28.035
 43   284.117 53703.37091853 52.16  16.152478  -2.414407 28.035
 43   284.158 53703.37091918 53.08  16.151748  -2.417707 28.035
 43   284.165 53703.37091982 52.21  16.151028  -2.421017 28.035
 43   284.163 53703.37092047 53.26  16.150298  -2.424317 28.035
 43   284.172 53703.37092111 52.36  16.149568  -2.427627 28.035
 43   284.182 53703.37092176 51.28  16.148848  -2.430927 28.035
 43   284.199 53703.37092240 53.10  16.148118  -2.434237 28.035
 43   284.241 53703.37092305 50.52  16.147388  -2.437537 28.035
 44   282.832 53738.37082527 20.93  16.156101  -2.400631 16.720
 44   282.691 53738.37082591 19.25  16.155371  -2.403941 16.720
 44   282.192 53738.37082656 18.47  16.154641  -2.407241 16.720
 44   282.035 53738.37082720 19.53  16.153921  -2.410551 16.720
 44   282.134 53738.37082785 20.13  16.153191  -2.413851 16.720
 44   282.341 53738.37082849 19.78  16.152461  -2.417161 16.720
 44   282.372 53738.37082914 20.30  16.151741  -2.420461 16.720
 44   282.365 53738.37082978 19.54  16.151011  -2.423771 16.720
 44   282.488 53738.37083043 19.21  16.150281  -2.427071 16.720
 44   282.537 53738.37083107 17.23  16.149561  -2.430381 16.720
 44   282.527 53738.37083171 15.66  16.148828  -2.433684  6.578
 44   282.585 53738.37083236 15.31  16.148108  -2.436994  6.578
 44   282.945 53738.37083300 13.62  16.147378  -2.440294  6.578
 45   281.466 53773.37083942 35.39  16.156448  -2.399462 19.351
 45   281.100 53773.37084006 20.13  16.155728  -2.402772 19.351
 45   281.092 53773.37084071 14.67  16.154998  -2.406072 19.351
 45   280.854 53773.37084135 16.31  16.154268  -2.409382 19.351
 45   281.080 53773.37084200 16.28  16.153544  -2.412682 14.191
 45   281.148 53773.37084264 19.86  16.152814  -2.415992 14.191
 45   281.296 53773.37084329 25.81  16.152084  -2.419292 14.191
 45   281.294 53773.37084393 35.78  16.151364  -2.422602 14.191
 45   281.322 53773.37084457 36.32  16.150634  -2.425902 14.191
 45   281.150 53773.37084522 26.80  16.149904  -2.429212 14.191
 45   281.033 53773.37084586 20.55  16.149184  -2.432512 14.191
 45   281.172 53773.37084651 20.03  16.148454  -2.435822 14.191
 45   281.189 53773.37084715 28.73  16.147724  -2.439122 14.191
 46   281.104 53808.37082561 32.17  16.154557  -2.398720 23.739
 46   280.840 53808.37082626 21.96  16.153837  -2.402020 23.739
 46   281.046 53808.37082690 17.38  16.153107  -2.405330 23.739
 46   280.597 53808.37082755 19.25  16.152377  -2.408630 23.739
 46   280.770 53808.37082819 18.73  16.151657  -2.411940 23.739
 46   281.099 53808.37082884 20.76  16.150921  -2.415242 16.127
 46   281.075 53808.37082948 26.26  16.150201  -2.418552 16.127
 46   280.990 53808.37083013 29.48  16.149471  -2.421852 16.127
 46   280.923 53808.37083077 28.67  16.148741  -2.425162 16.127
 46   280.871 53808.37083142 26.40  16.148021  -2.428462 16.127
 46   281.003 53808.37083206 34.08  16.147291  -2.431772 16.127
 46   280.925 53808.37083270 35.42  16.146561  -2.435072 16.127
 48   280.861 53878.37089566 31.46  16.153427  -2.401415 38.396
 48   281.154 53878.37089631 42.62  16.152697  -2.404725 38.396
 48   281.106 53878.37089695 42.97  16.151972  -2.408026 19.905
 48   281.080 53878.37089759 49.11  16.151242  -2.411336 19.905
 48   281.121 53878.37089824 50.08  16.150522  -2.414636 19.905
 48   281.131 53878.37089888 35.02  16.149792  -2.417946 19.905
 48   281.005 53878.37089953 33.42  16.149062  -2.421246 19.905
 48   280.997 53878.37090017 41.24  16.148332  -2.424556 19.905
 48   280.976 53878.37090082 46.02  16.147612  -2.427856 19.905
 48   281.016 53878.37090146 47.01  16.146882  -2.431166 19.905
 48   280.895 53878.37090211 44.76  16.146152  -2.434466 19.905
 49   281.607 53913.37094823 52.47  16.144681  -2.396482 54.208
 49   281.579 53913.37094888 54.04  16.143961  -2.399792 54.208
 49   281.558 53913.37094952 49.02  16.143231  -2.403092 54.208
 49   281.571 53913.37095017 49.56  16.142501  -2.406402 54.208
 51   281.693 53983.37090337 48.53  16.149727  -2.400555 48.462
 51   281.657 53983.37090402 49.27  16.148997  -2.403865 48.462
 51   281.635 53983.37090466 52.08  16.148267  -2.407165 48.462
 51   281.637 53983.37090531 50.06  16.147547  -2.410475 48.462
 51   281.650 53983.37090595 51.74  16.146810  -2.413777 20.532
 51   281.632 53983.37090660 49.82  16.146090  -2.417087 20.532
 51   281.574 53983.37090724 50.35  16.145360  -2.420387 20.532
 51   281.534 53983.37090789 52.81  16.144640  -2.423697 20.532
 52   282.516 54018.37093312 34.63  16.152477  -2.398255 33.945
 52   282.562 54018.37093376 28.77  16.151747  -2.401565 33.945
 52   281.997 54018.37093441 21.67  16.151027  -2.404865 33.945
 52   281.961 54018.37093505 22.69  16.150297  -2.408175 33.945
 52   281.936 54018.37093570 22.84  16.149570  -2.411474 11.646
 52   282.190 54018.37093634 26.80  16.148840  -2.414784 11.646
 52   282.201 54018.37093699 25.96  16.148120  -2.418084 11.646
 52   282.223 54018.37093763 26.81  16.147390  -2.421394 11.646
 52   282.291 54018.37093828 27.69  16.146660  -2.424694 11.646
 52   282.306 54018.37093892 27.14  16.145930  -2.428004 11.646
 53   283.390 54053.37092690 27.51  16.159099  -2.401432 25.521
 53   282.994 54053.37092754 25.82  16.158379  -2.404742 25.521
 53   282.985 54053.37092819 24.26  16.157649  -2.408042 25.521
 53   282.869 54053.37092883 25.29  16.156919  -2.411352 25.521
 53   283.144 54053.37092948 25.66  16.156196  -2.414653 11.771
 53   283.308 54053.37093012 25.43  16.155466  -2.417963 11.771
 53   283.453 54053.37093077 26.52  16.154736  -2.421263 11.771
 53   283.613 54053.37093141 29.04  16.154016  -2.424573 11.771
 53   283.581 54053.37093206 31.04  16.153286  -2.427873 11.771
 53   283.541 54053.37093270 32.63  16.152556  -2.431183 11.771
 53   283.348 54053.37093335 29.85  16.151826  -2.434483 11.771
 53   283.390 54053.37093399 27.98  16.151106  -2.437793 11.771
 53   283.435 54053.37093464 26.24  16.150376  -2.441093 11.771
 54   285.027 54088.37091793 50.76  16.152534  -2.398506 44.727
 54   285.020 54088.37091858 50.20  16.151804  -2.401806 44.727
 54   285.025 54088.37091922 48.92  16.151084  -2.405116 44.727
 54   285.016 54088.37091987 50.90  16.150354  -2.408416 44.727
 54   285.007 54088.37092051 50.03  16.149624  -2.411726 44.727
 54   284.978 54088.37092116 50.55  16.148905  -2.415029 17.061
 54   285.036 54088.37092180 50.25  16.148175  -2.418339 17.061
 54   285.040 54088.37092244 49.12  16.147445  -2.421639 17.061
 54   285.010 54088.37092309 52.17  16.146725  -2.424949 17.061
 54   285.002 54088.37092373 49.94  16.145995  -2.428249 17.061
 54   285.030 54088.37092438 51.49  16.145265  -2.431559 17.061
 55   283.055 54123.37084097 22.27  16.150368  -2.402672 28.937
 55   282.889 54123.37084162 21.72  16.149638  -2.405982 28.937
 55   282.947 54123.37084226 22.32  16.148918  -2.409282 28.937
 55   283.183 54123.37084291 24.67  16.148188  -2.412592 28.937
 55   283.245 54123.37084355 27.13  16.147458  -2.415893 15.979
 55   283.239 54123.37084420 29.33  16.146728  -2.419203 15.979
 55   283.232 54123.37084484 30.30  16.146008  -2.422503 15.979
 55   283.225 54123.37084549 30.19  16.145278  -2.425813 15.979
 56   281.702 54158.37088184 26.31  16.150195  -2.399040 19.191
 56   281.654 54158.37088249 28.40  16.149465  -2.402340 19.191
 56   281.606 54158.37088313 23.38  16.148735  -2.405650 19.191
 56   281.361 54158.37088378 21.56  16.148015  -2.408950 19.191
 56   281.343 54158.37088442 24.37  16.147285  -2.412260 19.191
 56   281.457 54158.37088507 27.24  16.146555  -2.415560 19.191
 56   281.457 54158.37088571 32.52  16.145825  -2.418870 19.191
 56   281.386 54158.37088636 30.18  16.145105  -2.422170 19.191
 56   281.376 54158.37088700 26.90  16.144375  -2.425480 19.191
 57   281.365 54193.37084214 48.72  16.150147  -2.402917 41.765
 57   281.295 54193.37084278 49.63  16.149417  -2.406227 41.765
 57   281.333 54193.37084343 44.36  16.148687  -2.409527 41.765
 57   281.401 54193.37084407 45.28  16.147957  -2.412837 41.765
 57   281.349 54193.37084472 36.59  16.147237  -2.416137 41.765
 57   281.355 54193.37084536 40.67  16.146507  -2.419447 41.765
 57   281.239 54193.37084601 45.23  16.145777  -2.422747 41.765
 57   281.052 54193.37084665 50.86  16.145047  -2.426057 41.765
 58   281.520 54228.37089343 49.68  16.150476  -2.400684 40.306
 58   281.493 54228.37089407 54.31  16.149746  -2.403994 40.306
 58   281.444 54228.37089471 52.81  16.149016  -2.407294 40.306
 58   281.445 54228.37089536 50.85  16.148296  -2.410604 40.306
 58   281.536 54228.37089600 51.49  16.147566  -2.413904 40.306
 58   281.537 54228.37089665 51.10  16.146836  -2.417214 40.306
 58   281.435 54228.37089729 53.05  16.146116  -2.420514 40.306
 58   281.370 54228.37089794 53.28  16.145386  -2.423824 40.306
 58   281.315 54228.37089858 48.28  16.144656  -2.427124 40.306
 59   281.788 54263.37091293 20.15  16.150560  -2.403637 24.578
 59   281.615 54263.37091357 17.83  16.149840  -2.406937 24.578
 59   281.218 54263.37091422 19.95  16.149110  -2.410247 24.578
 59   281.590 54263.37091486 21.44  16.148380  -2.413547 24.578
 59   281.726 54263.37091551 28.34  16.147650  -2.416857 24.578
 59   281.685 54263.37091615 31.80  16.146930  -2.420157 24.578
 59   281.613 54263.37091680 30.69  16.146200  -2.423467 24.578
 59   281.631 54263.37091744 29.90  16.145470  -2.426767 24.578
 60   281.514 54298.37091848 47.78  16.150351  -2.406174 32.462
 60   281.447 54298.37091913 45.12  16.149631  -2.409484 32.462
 60   281.555 54298.37091977 43.42  16.148901  -2.412784 32.462
 60   281.481 54298.37092041 38.65  16.148171  -2.416094 32.462
 60   281.538 54298.37092106 42.30  16.147451  -2.419394 32.462
 60   281.484 54298.37092170 43.48  16.146721  -2.422704 32.462
 60   281.405 54298.37092235 49.35  16.145991  -2.426004 32.462
 60   281.337 54298.37092299 47.19  16.145261  -2.429314 32.462
 61   281.827 54333.37090667 32.51  16.152544  -2.399189 26.558
 61   281.829 54333.37090731 37.76  16.151814  -2.402499 26.558
 61   281.837 54333.37090795 30.94  16.151084  -2.405799 26.558
 61   281.665 54333.37090860 29.50  16.150364  -2.409109 26.558
 61   281.741 54333.37090924 32.51  16.149634  -2.412409 26.558
 61   281.796 54333.37090989 35.44  16.148904  -2.415719 26.558
 61   281.858 54333.37091053 39.56  16.148184  -2.419019 26.558
 61   281.906 54333.37091118 39.88  16.147454  -2.422329 26.558
 61   281.704 54333.37091182 45.28  16.146724  -2.425629 26.558
 61   281.553 54333.37091247 41.31  16.146004  -2.428939 26.558
 63   284.022 54403.37085115 51.18  16.150615  -2.403199 45.353
 63   284.009 54403.37085179 51.40  16.149895  -2.406509 45.353
 63   283.995 54403.37085244 51.04  16.149165  -2.409809 45.353
 63   283.985 54403.37085308 53.02  16.148435  -2.413119 45.353
 63   283.971 54403.37085372 51.20  16.147715  -2.416419 45.353
 63   283.956 54403.37085437 50.03  16.146985  -2.419729 45.353
 63   283.944 54403.37085501 51.13  16.146255  -2.423029 45.353
 63   283.924 54403.37085566 52.05  16.145535  -2.426339 45.353
 65   284.452 54473.37083612 47.55  16.153101  -2.399056 52.335
 65   284.444 54473.37083677 51.53  16.152371  -2.402366 52.335
 65   284.429 54473.37083741 47.54  16.151646  -2.405667 34.192
 65   284.435 54473.37083805 52.47  16.150916  -2.408977 34.192
 65   284.418 54473.37083870 52.33  16.150196  -2.412277 34.192
 65   284.406 54473.37083934 51.62  16.149466  -2.415587 34.192
 65   284.410 54473.37083999 51.85  16.148736  -2.418887 34.192
 65   284.397 54473.37084063 53.39  16.148006  -2.422197 34.192
 65   284.381 54473.37084128 52.70  16.147286  -2.425497 34.192
 65   284.375 54473.37084192 50.37  16.146556  -2.428807 34.192
 65   284.365 54473.37084257 50.79  16.145826  -2.432107 34.192
 66   282.398 54508.37081935 53.99  16.150018  -2.404647 31.860
 66   282.416 54508.37081999 52.38  16.149288  -2.407957 31.860
 66   282.474 54508.37082064 51.91  16.148568  -2.411257 31.860
 66   282.453 54508.37082128 49.38  16.147838  -2.414567 31.860
 66   282.491 54508.37082193 50.23  16.147108  -2.417867 31.860
 66   282.424 54508.37082257 53.59  16.146378  -2.421177 31.860
 66   282.364 54508.37082322 52.23  16.145658  -2.424477 31.860
 66   282.346 54508.37082386 51.09  16.144928  -2.427787 31.860
 67   281.435 54543.37085038 29.07  16.152272  -2.399225 18.108
 67   281.453 54543.37085102 31.64  16.151542  -2.402525 18.108
 67   281.325 54543.37085167 23.81  16.150822  -2.405835 18.108
 67   281.197 54543.37085231 16.76  16.150092  -2.409135 18.108
 67   281.167 54543.37085295 17.08  16.149362  -2.412445 18.108
 67   281.335 54543.37085360 20.54  16.148632  -2.415745 18.108
 67   281.301 54543.37085424 29.98  16.147912  -2.419055 18.108
 67   281.352 54543.37085489 33.27  16.147182  -2.422355 18.108
 67   281.222 54543.37085553 36.84  16.146452  -2.425665 18.108
 67   281.290 54543.37085618 35.37  16.145732  -2.428965 18.108
 68   281.618 54578.37082053 38.85  16.150382  -2.403021 21.633
 68   281.647 54578.37082117 23.08  16.149652  -2.406331 21.633
 68   281.209 54578.37082182 18.78  16.148922  -2.409631 21.633
 68   281.255 54578.37082246 20.25  16.148202  -2.412941 21.633
 68   281.454 54578.37082311 24.76  16.147472  -2.416241 21.633
 68   281.481 54578.37082375 32.80  16.146742  -2.419551 21.633
 68   281.454 54578.37082439 35.56  16.146022  -2.422851 21.633
 68   281.463 54578.37082504 36.18  16.145292  -2.426161 21.633
 69   281.635 54613.37084073 31.80  16.152487  -2.398046 26.926
 69   281.672 54613.37084137 39.14  16.151757  -2.401356 26.926
 69   281.701 54613.37084202 39.84  16.151027  -2.404656 26.926
 69   281.631 54613.37084266 37.66  16.150307  -2.407966 26.926
 69   281.334 54613.37084331 25.42  16.149577  -2.411266 26.926
 69   281.426 54613.37084395 24.92  16.148847  -2.414576 26.926
 69   281.586 54613.37084460 31.21  16.148127  -2.417876 26.926
 69   281.615 54613.37084524 32.20  16.147397  -2.421186 26.926
 69   281.439 54613.37084589 35.21  16.146667  -2.424486 26.926
 69   281.293 54613.37084653 34.14  16.145937  -2.427796 26.926
 69   281.290 54613.37084718 39.76  16.145217  -2.431096 26.926
 70   281.885 54648.37084877 34.01  16.149932  -2.401921 20.343
 70   281.605 54648.37084941 29.92  16.149212  -2.405231 20.343
 70   281.885 54648.37085006 37.62  16.148482  -2.408531 20.343
 70   281.698 54648.37085070 39.22  16.147752  -2.411841 20.343
 70   281.723 54648.37085135 37.38  16.147022  -2.415141 20.343
 70   281.842 54648.37085199 33.98  16.146302  -2.418451 20.343
 70   281.653 54648.37085264 39.62  16.145572  -2.421751 20.343
 70   281.735 54648.37085328 43.48  16.144842  -2.425061 20.343
 71   281.492 54683.37084886 30.70  16.150176  -2.404300 17.801
 71   281.397 54683.37084951 36.82  16.149446  -2.407600 17.801
 71   281.508 54683.37085015 45.47  16.148726  -2.410910 17.801
 71   281.519 54683.37085080 44.82  16.147996  -2.414210 17.801
 71   281.279 54683.37085144 32.01  16.147266  -2.417520 17.801
 71   281.265 54683.37085209 35.05  16.146536  -2.420820 17.801
 71   281.282 54683.37085273 41.93  16.145816  -2.424130 17.801
 71   281.301 54683.37085338 43.58  16.145086  -2.427430 17.801
 72   282.307 54718.37079617 31.61  16.150555  -2.405300 25.269
 72   282.129 54718.37079681 24.45  16.149825  -2.408610 25.269
 72   282.192 54718.37079746 25.20  16.149105  -2.411910 25.269
 72   282.227 54718.37079810 29.23  16.148375  -2.415220 25.269
 72   282.477 54718.37079875 41.12  16.147645  -2.418520 25.269
 72   282.510 54718.37079939 42.99  16.146915  -2.421830 25.269
 72   282.336 54718.37080003 43.52  16.146195  -2.425130 25.269
 72   282.221 54718.37080068 44.36  16.145465  -2.428440 25.269
 73   283.065 54753.37082183 32.45  16.150336  -2.400859 22.928
 73   282.755 54753.37082247 21.66  16.149616  -2.404169 22.928
 73   282.592 54753.37082311 22.92  16.148886  -2.407469 22.928
 73   282.587 54753.37082376 24.59  16.148156  -2.410779 22.928
 73   282.748 54753.37082440 27.68  16.147436  -2.414079 22.928
 73   282.850 54753.37082505 31.91  16.146706  -2.417389 22.928
 73   282.875 54753.37082569 37.53  16.145976  -2.420689 22.928
 73   282.949 54753.37082634 38.44  16.145246  -2.423999 22.928
 73   282.911 54753.37082698 37.39  16.144526  -2.427299 22.928
 74   284.094 54788.37078673 23.96  16.150270  -2.400001 17.338
 74   283.617 54788.37078738 24.28  16.149550  -2.403301 17.338
 74   283.605 54788.37078802 24.53  16.148820  -2.406611 17.338
 74   283.935 54788.37078867 25.40  16.148090  -2.409911 17.338
 74   283.971 54788.37078931 28.32  16.147360  -2.413221 17.338
 74   284.034 54788.37078996 30.30  16.146640  -2.416521 17.338
 74   284.087 54788.37079060 32.41  16.145910  -2.419831 17.338
 74   284.158 54788.37079125 40.18  16.145180  -2.423131 17.338
 74   284.174 54788.37079189 40.17  16.144450  -2.426441 17.338
 75   284.519 54823.37081680 38.82  16.150539  -2.404659 29.742
 75   284.608 54823.37081744 37.93  16.149809  -2.407959 29.742
 75   284.433 54823.37081809 32.57  16.149079  -2.411269 29.742
 75   284.588 54823.37081873 36.12  16.148359  -2.414569 29.742
 75   284.640 54823.37081938 40.39  16.147629  -2.417879 29.742
 75   284.624 54823.37082002 44.27  16.146899  -2.421179 29.742
 75   284.623 54823.37082067 48.65  16.146169  -2.424489 29.742
 75   284.611 54823.37082131 47.40  16.145449  -2.427789 29.742
 76   282.426 54858.37078298 32.25  16.150419  -2.405138 22.402
 76   282.243 54858.37078362 31.15  16.149699  -2.408438 22.402
 76   282.400 54858.37078427 32.64  16.148969  -2.411748 22.402
 76   282.415 54858.37078491 35.38  16.148239  -2.415048 22.402
 76   282.443 54858.37078556 41.76  16.147509  -2.418358 22.402
 76   282.427 54858.37078620 42.31  16.146789  -2.421658 22.402
 76   282.215 54858.37078685 42.33  16.146059  -2.424968 22.402
 76   282.348 54858.37078749 45.62  16.145329  -2.428268 22.402
 77   282.202 54893.37081871 23.24  16.149492  -2.399974 20.129
 77   282.095 54893.37081936 21.75  16.148772  -2.403284 20.129
 77   281.916 54893.37082000 20.20  16.148042  -2.406584 20.129
 77   281.871 54893.37082065 23.82  16.147312  -2.409894 20.129
 77   281.944 54893.37082129 26.08  16.146592  -2.413194 20.129
 77   282.058 54893.37082194 31.08  16.145862  -2.416504 20.129
 77   282.113 54893.37082258 33.75  16.145132  -2.419804 20.129
 78   281.390 54928.37077928 49.26  16.149692  -2.398011 53.280
 78   281.371 54928.37077993 48.84  16.148964  -2.401313 26.307
 78   281.345 54928.37078057 50.76  16.148234  -2.404623 26.307
 78   281.335 54928.37078122 48.20  16.147514  -2.407923 26.307
 78   281.322 54928.37078186 47.73  16.146784  -2.411233 26.307
 78   281.324 54928.37078251 47.00  16.146054  -2.414533 26.307
 78   281.292 54928.37078315 42.34  16.145324  -2.417843 26.307
 80   281.962 54998.37083838 23.91  16.148778  -2.398040 17.950
 80   282.123 54998.37083902 24.72  16.148048  -2.401340 17.950
 80   282.027 54998.37083967 22.32  16.147328  -2.404650 17.950
 80   281.876 54998.37084031 21.14  16.146598  -2.407950 17.950
 80   281.953 54998.37084096 24.66  16.145868  -2.411260 17.950
 80   281.987 54998.37084160 29.37  16.145148  -2.414560 17.950
 81   281.846 55033.37082783 52.49  16.149685  -2.402584 31.124
 81   281.829 55033.37082847 53.83  16.148955  -2.405884 31.124
 81   281.845 55033.37082912 51.31  16.148235  -2.409194 31.124
 81   281.877 55033.37082976 49.93  16.147505  -2.412494 31.124
 81   281.886 55033.37083041 49.13  16.146775  -2.415804 31.124
 81   281.862 55033.37083105 53.19  16.146055  -2.419104 31.124
 81   281.679 55033.37083170 50.48  16.145325  -2.422414 31.124
 81   281.612 55033.37083234 51.19  16.144595  -2.425714 31.124
 82   281.564 55068.37081667 27.18  16.150564  -2.405762 24.250
 82   281.384 55068.37081731 22.89  16.149834  -2.409062 24.250
 82   281.500 55068.37081796 30.20  16.149114  -2.412372 24.250
 82   281.514 55068.37081860 40.55  16.148384  -2.415672 24.250
 82   281.543 55068.37081925 37.49  16.147654  -2.418982 24.250
 82   281.392 55068.37081989 39.75  16.146924  -2.422282 24.250
 82   281.287 55068.37082054 41.37  16.146204  -2.425592 24.250
 82   281.231 55068.37082118 46.67  16.145474  -2.428892 24.250
 83   282.471 55103.37075431 42.56  16.149618  -2.398030 49.748
 83   282.478 55103.37075496 48.46  16.148891  -2.401329 27.160
 83   282.490 55103.37075560 52.45  16.148161  -2.404639 27.160
 83   282.479 55103.37075625 47.96  16.147441  -2.407939 27.160
 83   282.504 55103.37075689 46.61  16.146711  -2.411249 27.160
 83   282.529 55103.37075754 47.36  16.145981  -2.414549 27.160
 83   282.507 55103.37075818 47.05  16.145251  -2.417859 27.160
 84   283.490 55138.37076339 43.85  16.150719  -2.401538 36.183
 84   283.489 55138.37076404 46.33  16.149999  -2.404848 36.183
 84   283.484 55138.37076468 46.49  16.149269  -2.408148 36.183
 84   283.447 55138.37076533 38.33  16.148539  -2.411458 36.183
 84   283.456 55138.37076597 39.00  16.147819  -2.414758 36.183
 84   283.452 55138.37076662 38.84  16.147089  -2.418068 36.183
 84   283.469 55138.37076726 44.54  16.146359  -2.421368 36.183
 84   283.437 55138.37076791 47.92  16.145629  -2.424678 36.183
 84   283.413 55138.37076855 46.57  16.144909  -2.427978 36.183
 85   284.982 55173.37072373 49.35  16.150435  -2.402413 32.788
 85   284.989 55173.37072438 49.30  16.149705  -2.405723 32.788
 85   285.003 55173.37072502 49.66  16.148985  -2.409023 32.788
 85   284.939 55173.37072567 48.77  16.148255  -2.412333 32.788
 85   284.959 55173.37072631 50.30  16.147525  -2.415633 32.788
 85   284.976 55173.37072695 49.74  16.146795  -2.418943 32.788
 85   284.934 55173.37072760 51.49  16.146075  -2.422243 32.788
 85   284.908 55173.37072824 50.87  16.145345  -2.425553 32.788
 86   283.728 55208.37075790 30.75  16.150617  -2.401243 24.794
 86   283.326 55208.37075854 21.93  16.149897  -2.404553 24.794
 86   283.180 55208.37075919 23.30  16.149167  -2.407853 24.794
 86   283.442 55208.37075983 25.00  16.148437  -2.411163 24.794
 86   283.498 55208.37076048 28.72  16.147717  -2.414463 24.794
 86   283.577 55208.37076112 32.85  16.146987  -2.417773 24.794
 86   283.646 55208.37076177 36.09  16.146257  -2.421073 24.794
 86   283.667 55208.37076241 34.26  16.145527  -2.424383 24.794
 86   283.667 55208.37076306 33.57  16.144807  -2.427683 24.794
 87   282.366 55243.37072824 25.63  16.150016  -2.398833 18.626
 87   282.335 55243.37072888 25.68  16.149286  -2.402143 18.626
 87   282.145 55243.37072953 21.38  16.148566  -2.405443 18.626
 87   281.904 55243.37073017 21.97  16.147836  -2.408753 18.626
 87   281.977 55243.37073082 24.62  16.147106  -2.412053 18.626
 87   282.148 55243.37073146 30.07  16.146376  -2.415363 18.626
 87   282.148 55243.37073211 36.41  16.145656  -2.418663 18.626
 87   282.108 55243.37073275 40.20  16.144926  -2.421973 18.626
 88   281.913 55278.37075110 30.52  16.150454  -2.400502 20.709
 88   281.983 55278.37075174 22.83  16.149724  -2.403802 20.709
 88   281.478 55278.37075239 20.11  16.149004  -2.407112 20.709
 88   281.527 55278.37075303 20.28  16.148274  -2.410412 20.709
 88   281.632 55278.37075368 22.50  16.147544  -2.413722 20.709
 88   281.906 55278.37075432 28.66  16.146824  -2.417022 20.709
 88   281.891 55278.37075496 31.45  16.146094  -2.420332 20.709
 88   281.749 55278.37075561 31.62  16.145364  -2.423632 20.709
 88   281.687 55278.37075625 29.87  16.144634  -2.426942 20.709
 89   282.546 55313.37071411 45.67  16.150357  -2.402842 25.187
 89   282.558 55313.37071476 48.03  16.149627  -2.406152 25.187
 89   282.548 55313.37071540 44.45  16.148897  -2.409452 25.187
 89   282.551 55313.37071605 47.80  16.148177  -2.412762 25.187
 89   282.542 55313.37071669 47.47  16.147447  -2.416062 25.187
 89   282.531 55313.37071734 46.78  16.146717  -2.419372 25.187
 89   282.466 55313.37071798 50.47  16.145997  -2.422672 25.187
 89   282.410 55313.37071863 47.31  16.145267  -2.425982 25.187
 90   282.258 55348.37072286 48.48  16.150465  -2.405164 35.911
 90   282.256 55348.37072351 51.30  16.149735  -2.408464 35.911
 90   282.259 55348.37072415 50.69  16.149005  -2.411774 35.911
 90   282.238 55348.37072480 51.31  16.148285  -2.415074 35.911
 90   282.178 55348.37072544 48.98  16.147555  -2.418384 35.911
 90   282.076 55348.37072609 49.56  16.146825  -2.421684 35.911
 90   282.028 55348.37072673 52.46  16.146095  -2.424994 35.911
 90   282.002 55348.37072738 53.07  16.145375  -2.428294 35.911
 91   281.961 55383.37071282 45.09  16.149826  -2.402259 34.866
 91   281.944 55383.37071347 46.77  16.149096  -2.405569 34.866
 91   281.934 55383.37071411 47.40  16.148366  -2.408869 34.866
 91   281.925 55383.37071476 49.90  16.147636  -2.412179 34.866
 91   281.927 55383.37071540 50.56  16.146916  -2.415479 34.866
 91   281.888 55383.37071605 48.49  16.146186  -2.418789 34.866
 91   281.845 55383.37071669 50.57  16.145456  -2.422089 34.866
 91   281.807 55383.37071734 52.22  16.144726  -2.425399 34.866
 92   281.814 55418.37074107 20.40  16.150827  -2.403841 20.741
 92   281.431 55418.37074172 18.41  16.150107  -2.407151 20.741
 92   281.436 55418.37074236 19.12  16.149377  -2.410451 20.741
 92   281.528 55418.37074301 22.11  16.148647  -2.413761 20.741
 92   281.813 55418.37074365 24.93  16.147927  -2.417061 20.741
 92   281.741 55418.37074430 28.71  16.147197  -2.420371 20.741
 92   281.703 55418.37074494 31.17  16.146467  -2.423671 20.741
 92   281.654 55418.37074559 32.19  16.145737  -2.426981 20.741
 93   281.920 55453.37072060 31.79  16.152107  -2.398919 41.019
 93   281.874 55453.37072125 28.73  16.151370  -2.402220 15.669
 93   281.848 55453.37072189 31.11  16.150650  -2.405530 15.669
 93   281.538 55453.37072254 24.69  16.149920  -2.408830 15.669
 93   281.850 55453.37072318 24.71  16.149190  -2.412140 15.669
 93   281.936 55453.37072383 30.89  16.148470  -2.415440 15.669
 93   281.918 55453.37072447 34.40  16.147740  -2.418750 15.669
 93   281.777 55453.37072512 39.86  16.147010  -2.422050 15.669
 93   281.792 55453.37072576 43.54  16.146290  -2.425360 15.669
 93   281.838 55453.37072640 48.73  16.145560  -2.428660 15.669
 94   282.834 55488.37064190 45.50  16.152754  -2.399172 36.628
 94   282.756 55488.37064254 43.95  16.152024  -2.402472 36.628
 94   282.753 55488.37064318 45.19  16.151304  -2.405782 36.628
 94   282.735 55488.37064383 49.69  16.150570  -2.409084 25.058
 94   282.717 55488.37064447 38.52  16.149850  -2.412394 25.058
 94   282.606 55488.37064512 33.97  16.149120  -2.415694 25.058
 94   282.867 55488.37064576 40.98  16.148390  -2.419004 25.058
 94   282.775 55488.37064641 40.91  16.147670  -2.422304 25.058
 94   282.686 55488.37064705 40.73  16.146940  -2.425614 25.058
 94   282.682 55488.37064770 39.63  16.146210  -2.428914 25.058
 94   282.748 55488.37064834 41.81  16.145490  -2.432224 25.058
