#  352.994   1.123   2.089 ;Mean Elev.(m), Avg Gradient(m/km), RMS Gradient(m/km) - SRTM1     
#  355.485  -2.084   7.816 ;Mean Elev.(m), Avg Gradient(m/km), RMS Gradient(m/km) - ASTER GDEM
#  353.884  -0.490   3.039 ;Mean Elev.(m), Avg Gradient(m/km), RMS Gradient(m/km) - GMTED2010 
  7  22.671992   2.065096   349.421   349.431  4 52464.85289732 51.966
  8  22.671411   2.066405   348.754   348.763  3 52499.85289341 16.124
  9  22.668461   2.064168   349.793   349.793  2 52534.85288045 53.016
 10  22.671195   2.065711   350.122   350.120  4 52569.85291101 52.313
 11  22.669818   2.066921   351.154   351.154  3 52604.85289016 52.814
 12  22.669107   2.064814   351.497   351.497  2 52639.85287364 51.555
 13  22.671077   2.066909   350.064   350.058  4 52674.85286832 53.115
 14  22.669570   2.067311   349.243   349.217  3 52709.85288676 50.995
 16  22.669149   2.065483   350.071   350.071  2 52779.85285110 51.313
 18  22.670519   2.066230   349.631   349.627  3 52849.85298678 52.465
 20  22.671360   2.067083   350.305   350.305  4 52919.85297817 53.879
 21  22.680623   2.045566   350.696   350.694  7 52954.85293738 52.739
 26  22.682436   2.040785   350.038   350.036  5 53129.85293390 51.793
 28  22.670597   2.066832   348.162   348.141  3 53199.85301040 32.410
 30  22.670294   2.066175   349.033   348.960  3 53269.85294429 42.494
 32  22.670357   2.066345   350.450   350.463  3 53339.85297458 52.851
 33  22.676602   2.055409   350.431   350.434 11 53374.85290332 53.108
 34  22.676179   2.056160   349.483   349.481 11 53409.85294668 52.474
 35  22.671783   2.065769   348.987   348.967  4 53444.85293151 43.963
 37  22.670865   2.065626   349.602   349.606  4 53514.85301887 52.578
 39  22.675422   2.054696   348.620   348.588 11 53584.85299687 52.580
 40  22.668588   2.064852   349.343   349.343  2 53619.85295597 50.375
 41  22.669882   2.066086   349.203   349.209  3 53654.85298345 52.290
 42  22.668739   2.064977   350.782   350.782  2 53689.85297707 50.473
 43  22.676395   2.054736   349.960   349.968 11 53724.85289929 52.646
 45  22.677887   2.053108   349.078   349.084 11 53794.85286099 52.818
 46  22.677039   2.054071   349.726   349.702 11 53829.85283875 52.849
 48  22.670720   2.065400   349.223   349.268  3 53899.85294550 53.063
 51  22.675445   2.056661   349.534   349.531 11 54004.85293144 52.424
 52  22.676677   2.056041   350.100   350.088 11 54039.85296262 52.810
 53  22.672118   2.066841   351.972   351.973  5 54074.85295883 53.347
 54  22.670652   2.065345   350.795   350.791  3 54109.85290303 52.979
 55  22.670669   2.066657   349.882   349.887  3 54144.85289788 53.533
 56  22.670678   2.066186   349.827   349.846  3 54179.85288842 52.711
 57  22.670218   2.065002   349.756   349.728  3 54214.85290508 53.604
 58  22.670377   2.064969   349.795   349.852  3 54249.85293308 51.542
 59  22.672277   2.065647   349.398   349.398  4 54284.85294038 51.376
 60  22.674812   2.056725   349.533   349.504 11 54319.85293558 52.406
 61  22.674585   2.056136   349.670   349.649 11 54354.85289821 48.622
 62  22.672246   2.065901   350.531   350.531  4 54389.85287774 52.537
 63  22.671359   2.067681   350.859   350.838  4 54424.85285016 36.063
 64  22.672265   2.065675   351.093   351.093  4 54459.85285347 51.319
 65  22.674796   2.055875   350.398   350.374 11 54494.85285313 51.633
 66  22.675927   2.054415   349.547   349.534 11 54529.85286396 52.727
 67  22.671086   2.067772   349.728   349.714  4 54564.85286217 53.091
 68  22.670841   2.066524   349.311   349.304  3 54599.85286251 52.958
 69  22.669620   2.067235   349.630   349.625  3 54634.85287477 52.162
 70  22.670150   2.066237   348.908   348.903  4 54669.85287900 52.105
 71  22.674852   2.056832   349.648   349.631 11 54704.85284020 52.313
 72  22.671093   2.067749   349.673   349.672  4 54739.85284240 53.027
 73  22.675165   2.055849   350.468   350.461 10 54774.85282058 52.511
 74  22.670944   2.066134   350.405   350.417  4 54809.85283509 51.766
 75  22.671654   2.065415   349.664   349.669  4 54844.85282169 51.987
 76  22.670038   2.065885   349.992   349.999  3 54879.85283848 52.065
 77  22.669579   2.066683   349.645   349.694  3 54914.85282518 52.460
 79  22.669247   2.065154   350.118   350.125  3 54984.85285643 51.740
 80  22.674743   2.055616   349.522   349.510 11 55019.85284911 52.483
 81  22.672135   2.066738   348.891   348.890  4 55054.85284798 51.726
 82  22.670795   2.065661   349.229   349.252  3 55089.85280767 50.968
 83  22.672270   2.065976   350.104   350.110  4 55124.85278516 50.616
 84  22.670547   2.066760   350.788   350.800  3 55159.85276838 51.759
 85  22.670912   2.066071   350.719   350.725  3 55194.85277576 51.497
 86  22.670729   2.065219   349.869   349.874  3 55229.85277077 21.704
 87  22.671890   2.066830   350.472   350.468  4 55264.85277050 52.123
 88  22.672134   2.065894   350.948   350.948  4 55299.85275350 47.806
 89  22.670150   2.066834   350.652   350.631  3 55334.85274841 51.362
 90  22.671860   2.067190   349.909   349.912  4 55369.85273880 51.970
 91  22.672197   2.066124   349.479   349.478  4 55404.85275613 52.037
 92  22.674909   2.055096   349.215   349.192 11 55439.85275524 51.783
 93  22.674876   2.055580   349.723   349.708 10 55474.85270038 52.734
