#    4.046  -9.687  27.119 ;Mean Elev.(m), Avg Gradient(m/km), RMS Gradient(m/km) - SRTM1     
#   13.113  -6.992  27.865 ;Mean Elev.(m), Avg Gradient(m/km), RMS Gradient(m/km) - ASTER GDEM
#   13.993 -10.451  27.179 ;Mean Elev.(m), Avg Gradient(m/km), RMS Gradient(m/km) - GMTED2010 
  9  13.227645  -5.863642     7.012     7.012  2 52535.37752221 23.763
 15  13.223750  -5.862187     7.134     7.134  2 52745.37755679 29.916
 16  13.228496  -5.863608     5.765     5.765  2 52780.37749350 32.027
 20  13.230810  -5.866738    85.605    85.605  2 52920.37761943  2.320
 24  13.238720  -5.864107     6.140     6.021  3 53060.37757370 31.417
 25  13.225028  -5.861983     6.788     7.106  3 53095.37760659 38.640
 26  13.236909  -5.865078     8.536     8.614  3 53130.37757880 38.081
 28  13.230376  -5.863557     7.745     8.148  3 53200.37765181 35.061
 29  13.238297  -5.867783    63.269    63.269  2 53235.37762201  9.770
 30  13.230301  -5.864513    85.527    85.527  2 53270.37758396  8.517
 31  13.224145  -5.860787     8.315     8.315  2 53305.37764625 17.401
 33  13.233712  -5.867826     9.549     9.549  2 53375.37754591 20.604
 35  13.231721  -5.864943     5.679     6.301  3 53445.37757204 33.851
 37  13.231039  -5.863678     5.611     6.560  3 53515.37765910 34.238
 38  13.225668  -5.862084     6.656     6.656  2 53550.37767886 45.617
 39  13.232724  -5.866261     5.780     5.368  3 53585.37763915 43.171
 41  13.229146  -5.864237     5.773     5.311  3 53655.37762537 42.909
 43  13.233944  -5.864506     8.301     8.301  2 53725.37754148 44.339
 44  13.237408  -5.865761     7.312     7.741  3 53760.37748770 44.034
 45  13.234865  -5.864370     7.817     7.873  3 53795.37750434 27.398
 47  13.227757  -5.864623     6.482     6.482  2 53865.37756071 33.961
 48  13.230223  -5.864211     6.873     6.767  3 53900.37758735 41.511
 49  13.220766  -5.863947   118.607   118.607  2 53935.37762948  8.202
 55  13.229973  -5.865764     8.230     8.708  3 54145.37753956 24.428
 56  13.230524  -5.865105     5.954     5.871  3 54180.37752927 23.766
 57  13.229643  -5.864041     7.711     7.711  2 54215.37754675 38.583
 58  13.230046  -5.864184     7.325     7.379  3 54250.37757385 33.831
 59  13.231954  -5.865402     7.052     7.722  3 54285.37758135 23.943
 60  13.232089  -5.866246     5.469     5.834  3 54320.37757848 29.009
 61  13.232423  -5.865334     7.717     5.827  3 54355.37754009 19.736
 62  13.231511  -5.865541     7.579     7.579  2 54390.37751906 31.847
 64  13.231445  -5.864938     8.968     8.968  2 54460.37749510 18.755
 65  13.232022  -5.865824     8.508     8.434  3 54495.37749641 24.234
 66  13.232635  -5.865136     6.296     7.315  3 54530.37750797 40.267
 67  13.231659  -5.864766     6.313     6.392  3 54565.37750197 22.512
 68  13.230576  -5.865300     8.357     8.357  2 54600.37750329 19.704
 69  13.229458  -5.864999     5.317     5.825  3 54635.37751583 31.350
 70  13.230028  -5.864783     5.245     5.203  3 54670.37751967 15.623
 71  13.232814  -5.865261     4.974     4.974  2 54705.37748183 41.429
 72  13.231237  -5.863350     6.286     6.560  3 54740.37748319 14.234
 76  13.229554  -5.863859     6.862     7.130  3 54880.37748025 38.141
 77  13.229684  -5.863887     7.010     7.010  2 54915.37746560 19.392
 79  13.228744  -5.864215     5.831     7.255  3 54985.37749763 24.462
 80  13.232252  -5.865017     5.971     5.734  3 55020.37749192 31.946
 81  13.232102  -5.865062     4.211     4.211  2 55055.37748823 20.755
 82  13.230679  -5.865243     6.173     6.126  3 55090.37744775 32.213
 83  13.231250  -5.865819     5.182     5.324  3 55125.37742727 21.198
 85  13.230554  -5.863670   135.465   135.439  3 55195.37741697  3.539
 86  13.230014  -5.866038     6.578     6.356  3 55230.37741220 20.114
 87  13.231338  -5.865114     6.763     6.763  2 55265.37741228 34.200
 88  13.232012  -5.866372     7.072     7.929  3 55300.37739333 37.270
 89  13.230300  -5.865051     7.485     7.930  3 55335.37738868 41.378
 90  13.231914  -5.864338     6.579     6.650  3 55370.37737927 42.872
 91  13.232137  -5.863987     5.536     5.454  3 55405.37739687 20.194
 92  13.232010  -5.866211     5.243     5.051  3 55440.37739797 18.505
 93  13.232653  -5.864510     6.810     7.034  3 55475.37734247 32.051
