#  356.022  -0.534   1.881 ;Mean Elev.(m), Avg Gradient(m/km), RMS Gradient(m/km) - SRTM1     
#  357.371   1.088   7.228 ;Mean Elev.(m), Avg Gradient(m/km), RMS Gradient(m/km) - ASTER GDEM
#  356.926  -0.693   3.645 ;Mean Elev.(m), Avg Gradient(m/km), RMS Gradient(m/km) - GMTED2010 
  7  22.842688   1.894324   351.280   351.293  3 52466.35407318 42.887
  8  22.842304   1.894740   351.146   351.135  3 52501.35406637 51.291
  9  22.842356   1.897390   351.456   351.452  3 52536.35405244 38.661
 10  22.842052   1.897283   351.959   351.966  3 52571.35408751 49.379
 11  22.844338   1.894859   353.165   353.163  3 52606.35405281 52.020
 12  22.841930   1.896650   352.968   352.970  3 52641.35404576 50.949
 13  22.844179   1.894175   352.106   352.103  3 52676.35403537 51.594
 14  22.841726   1.895253   351.312   351.313  3 52711.35406198 51.020
 15  22.835589   1.899841   351.460   351.459  3 52746.35408858 49.738
 16  22.841557   1.895094   351.995   352.030  3 52781.35402720 51.982
 17  22.840828   1.896897   351.323   351.323  2 52816.35410755 51.269
 18  22.843662   1.894709   351.378   351.226  3 52851.35415912 21.000
 19  22.839788   1.897910   351.912   351.909  3 52886.35419314 51.730
 20  22.843003   1.895316   351.951   351.952  3 52921.35414916 51.334
 21  22.848272   1.892538   352.571   352.571  2 52956.35411438 53.071
 22  22.848657   1.894694   353.073   353.070  3 52991.35413165 52.701
 23  22.850699   1.891688   352.122   352.122  2 53026.35409817 52.282
 25  22.837799   1.899855   351.248   351.248  2 53096.35413438 51.509
 26  22.850154   1.890240   352.120   352.120  2 53131.35410832 51.998
 28  22.842687   1.896394   350.329   350.345  3 53201.35418355 42.367
 29  22.849687   1.891107   350.904   350.904  2 53236.35415365 30.780
 30  22.845005   1.893562   350.830   350.826  3 53271.35411240 45.071
 31  22.837868   1.899351   351.466   351.466  2 53306.35417555 52.556
 32  22.842679   1.896087   352.570   352.571  3 53341.35414368 53.138
 33  22.845886   1.895296   352.378   352.378  3 53376.35407482 52.723
 34  22.846548   1.894273   351.508   351.508  4 53411.35411896 52.084
 35  22.842811   1.894265   351.161   351.173  3 53446.35410111 51.054
 36  22.837645   1.899614   351.584   351.595  3 53481.35418538 51.378
 37  22.843713   1.895364   351.597   351.597  2 53516.35418945 51.999
 38  22.838059   1.899263   351.117   351.122  3 53551.35420947 50.971
 39  22.845986   1.894489   350.617   350.623  3 53586.35416656 51.460
 40  22.837765   1.898214   350.965   350.965  2 53621.35412822 51.379
 41  22.841729   1.895103   351.081   351.085  3 53656.35415726 49.526
 42  22.841388   1.896319   352.657   352.654  3 53691.35414554 51.888
 43  22.845349   1.893965   351.903   351.903  3 53726.35406959 51.222
 45  22.846700   1.894261   351.191   351.202  4 53796.35403412 49.571
 47  22.841189   1.896003   351.033   351.040  3 53866.35409128 26.810
 49  22.834291   1.900470   350.276   350.197  3 53936.35415898 27.450
 50  22.839616   1.898345   350.923   350.923  3 53971.35412592 41.737
 51  22.846116   1.896129   351.529   351.526  3 54006.35410721 50.102
 52  22.847410   1.894717   352.071   352.072  3 54041.35413552 44.970
 53  22.843529   1.894257   353.740   353.737  3 54076.35412997 50.849
 54  22.842621   1.896314   352.687   352.685  3 54111.35407063 52.557
 55  22.843425   1.896411   352.052   352.053  3 54146.35407042 52.756
 56  22.842427   1.894391   352.090   352.082  3 54181.35405822 50.395
 57  22.842701   1.896329   352.014   352.020  3 54216.35407823 50.754
 58  22.842525   1.894506   351.778   351.779  3 54251.35410500 50.529
 59  22.845128   1.896529   351.325   351.325  3 54286.35411090 49.212
 60  22.845224   1.896288   351.364   351.407  3 54321.35410780 12.665
 61  22.844243   1.893730   351.787   351.778  3 54356.35406864 52.424
 62  22.844231   1.894809   352.691   352.689  3 54391.35404894 49.831
 63  22.843944   1.893847   352.891   352.888  3 54426.35401901 49.790
 64  22.844552   1.895068   352.912   352.916  3 54461.35402580 53.205
 65  22.844943   1.896638   352.581   352.580  3 54496.35402547 51.101
 66  22.845698   1.895632   351.850   351.861  3 54531.35403866 50.835
 67  22.843973   1.896104   351.880   351.926  3 54566.35403073 51.887
 68  22.843544   1.895889   351.254   351.259  3 54601.35403384 52.849
 69  22.842695   1.897397   351.567   351.566  3 54636.35404570 48.706
 70  22.842965   1.897162   350.994   350.986  3 54671.35404920 51.340
 71  22.844976   1.893977   351.426   351.430  3 54706.35401051 47.834
 72  22.843788   1.894953   351.683   351.693  3 54741.35401424 51.439
 73  22.845253   1.896262   352.327   352.328  3 54776.35399180 52.139
 74  22.843684   1.894415   352.269   352.380  3 54811.35400742 36.899
 75  22.843842   1.896314   351.912   351.907  3 54846.35399146 53.292
 76  22.842389   1.895379   352.153   352.154  3 54881.35401110 52.093
 77  22.841491   1.895773   351.554   351.543  3 54916.35399465 28.542
 78  22.842771   1.896555   352.183   352.174  3 54951.35400334 50.259
 79  22.841414   1.896279   352.097   352.097  2 54986.35402852 44.253
 80  22.844960   1.894380   351.471   351.471  3 55021.35402161 49.556
 81  22.844305   1.894618   350.981   350.986  3 55056.35401813 51.393
 82  22.842686   1.894192   351.218   351.216  3 55091.35397629 50.259
 83  22.844061   1.895250   352.188   352.188  2 55126.35395775 45.707
 84  22.842897   1.894324   353.033   353.000  3 55161.35393748 50.120
 85  22.843493   1.895417   352.775   352.758  3 55196.35394814 51.335
 86  22.842528   1.895482   352.303   352.290  3 55231.35394099 51.180
 87  22.844324   1.896285   352.894   352.898  3 55266.35394289 51.452
 88  22.844688   1.895549   352.853   352.845  3 55301.35392129 52.127
 89  22.843392   1.896353   352.607   352.607  3 55336.35391820 52.129
 90  22.844167   1.893675   352.012   352.008  3 55371.35390900 47.925
 91  22.844991   1.894155   351.768   351.768  3 55406.35392767 51.348
 92  22.844495   1.895149   351.084   351.089  3 55441.35392739 50.919
 93  22.844804   1.895756   351.341   351.340  3 55476.35387030 51.313
