# NaN NaN NaN ;Mean Elev.(m), Avg Gradient(m/km), RMS Gradient(m/km) - SRTM1     
# NaN NaN NaN ;Mean Elev.(m), Avg Gradient(m/km), RMS Gradient(m/km) - ASTER GDEM
#  304.468  -0.435   2.563 ;Mean Elev.(m), Avg Gradient(m/km), RMS Gradient(m/km) - GMTED2010 
  7  18.088941  -0.095636   301.639   301.794 11 52475.36645178 17.216
  8  18.101545  -0.081259   301.599   301.602 11 52510.36640604 12.199
  9  18.099483  -0.084376   302.642   302.652 10 52545.36641812 49.869
 10  18.093190  -0.091951   303.232   303.250 10 52580.36644937 40.974
 11  18.090255  -0.095152   303.943   303.928 10 52615.36641869 51.482
 12  18.101628  -0.081859   304.125   304.189 11 52650.36639406 34.872
 13  18.101673  -0.081105   302.498   302.524 11 52685.36638018 48.673
 14  18.093422  -0.091067   301.791   301.796 10 52720.36643390 51.283
 15  18.079680  -0.105480   301.910   301.923 10 52755.36646062 47.436
 16  18.096064  -0.087674   302.463   302.460 11 52790.36640522 44.734
 17  18.098816  -0.084813   302.031   302.048 10 52825.36647440 51.993
 18  18.101530  -0.080881   302.147   302.109 11 52860.36651945 18.116
 19  18.092436  -0.091665   302.582   302.589 10 52895.36655239 17.126
 20  18.091406  -0.093456   302.984   302.988 10 52930.36650168 51.832
 21  18.099916  -0.084003   303.370   303.392 11 52965.36649190 37.969
 22  18.086373  -0.099199   303.473   303.458 10 53000.36652866 51.680
 23  18.091663  -0.093458   302.648   302.641 10 53035.36647677 50.114
 24  18.095648  -0.088808   301.693   301.690 10 53070.36649533 50.902
 25  18.091487  -0.091901   301.402   301.402 10 53105.36647776 49.293
 26  18.097535  -0.086150   302.110   302.103 11 53140.36650071 51.374
 27  18.095382  -0.088632   301.110   301.102 11 53175.36653480 35.864
 28  18.092714  -0.092205   300.556   300.645 10 53210.36655376 42.436
 29  18.097551  -0.086549   301.746   301.768 10 53245.36652034 50.466
 30  18.092979  -0.092549   301.674   301.694 10 53280.36650450 50.396
 31  18.095809  -0.088213   302.893   302.894 10 53315.36652039 52.194
 32  18.100303  -0.083675   303.336   303.345 11 53350.36648514 26.315
 33  18.095339  -0.088984   303.010   302.997 11 53385.36646650 52.204
 34  18.105899  -0.077929   301.334   301.399 10 53420.36646891 34.641
 35  18.099745  -0.084621   301.322   301.345 11 53455.36647587 25.553
 36  18.086086  -0.097601   301.540   301.392 10 53490.36656359 22.636
 37  18.100634  -0.082880   302.028   302.048 11 53525.36654482 52.155
 38  18.086577  -0.097994   301.646   301.667 10 53560.36657608 49.750
 39  18.103615  -0.078581   301.370   301.398 11 53595.36651009 21.311
 40  18.088908  -0.094686   301.659   301.674 10 53630.36650702 50.917
 41  18.090337  -0.094777   302.273   302.275 10 53665.36653062 51.578
 42  18.099098  -0.084164   303.480   303.464 11 53700.36648234 51.470
 43  18.102322  -0.081078   302.564   302.559 11 53735.36640370 23.933
 44  18.103429  -0.080272   301.581   301.621 11 53770.36639234 28.294
 45  18.101047  -0.082783   301.588   301.615 11 53805.36638602 51.569
 47  18.098454  -0.084873   301.610   301.596 11 53875.36645323 51.466
 48  18.088272  -0.097222   301.482   301.491 10 53910.36650267 33.161
 49  18.084258  -0.099617   301.026   301.031 10 53945.36652354 45.964
 50  18.093498  -0.090858   301.249   301.261 11 53980.36646876 20.759
 51  18.098525  -0.084908   302.151   302.139 10 54015.36648584 51.031
 52  18.105306  -0.078817   302.799   302.780 11 54050.36648702 25.086
 53  18.096954  -0.086377   304.196   304.207 10 54085.36648071 46.282
 54  18.096489  -0.086946   303.346   303.334 10 54120.36640742 52.306
 55  18.094757  -0.089687   302.079   302.090 10 54155.36643919 50.302
 56  18.096426  -0.087348   301.879   301.903 11 54190.36640454 51.341
 57  18.094758  -0.090237   302.164   302.186 10 54225.36644958 50.682
 58  18.096703  -0.087222   302.114   302.089 11 54260.36646954 16.131
 59  18.097116  -0.087058   301.887   301.930 10 54295.36647383 45.744
 60  18.098817  -0.084920   302.204   302.202 11 54330.36646571 44.569
 61  18.096577  -0.087160   302.555   302.559 11 54365.36641072 49.185
 62  18.098208  -0.085569   303.236   303.256 11 54400.36640766 29.894
 63  18.096715  -0.087248   303.913   303.898 10 54435.36636539 49.872
 64  18.099469  -0.083912   304.080   304.080 11 54470.36639102 51.695
 65  18.096995  -0.086409   302.923   302.930 10 54505.36637901 51.022
 66  18.098390  -0.085450   301.814   301.828 11 54540.36640610 24.383
 67  18.097559  -0.085961   302.025   302.011 11 54575.36637953 49.333
 68  18.096863  -0.087118   301.710   301.695 10 54610.36639861 48.987
 69  18.095494  -0.089254   301.915   301.918 10 54645.36640679 42.595
 70  18.095483  -0.089472   301.145   301.152 10 54680.36640779 42.510
 71  18.098334  -0.085600   302.149   302.097 11 54715.36635751 17.037
 72  18.095274  -0.089212   302.321   302.339 10 54750.36637907 51.233
 73  18.097018  -0.087075   303.280   303.294 10 54785.36634695 51.887
 74  18.097093  -0.087045   303.757   303.824 10 54820.36637110 29.023
 75  18.097646  -0.086234   302.305   302.309 10 54855.36634326 49.117
 76  18.094291  -0.089135   302.286   302.275 10 54890.36637624 21.526
 77  18.094543  -0.089774   301.623   301.605 10 54925.36634242 33.587
 78  18.094700  -0.090217   302.391   302.396 10 54960.36637370 51.912
 79  18.093151  -0.090528   302.589   302.662 10 54995.36639601 28.088
 80  18.095760  -0.088590   301.863   301.875 10 55030.36638519 50.363
 81  18.097603  -0.086468   301.599   301.582 11 55065.36637505 34.914
 82  18.094386  -0.090625   302.020   302.042 10 55100.36631929 50.939
 83  18.096130  -0.088080   302.752   302.756 11 55135.36632115 50.982
 84  18.097763  -0.085668   303.612   303.609 10 55170.36628358 52.263
 85  18.096136  -0.087521   303.440   303.432 10 55205.36631420 51.439
 86  18.095310  -0.088770   302.719   302.702 10 55240.36629098 51.975
 87  18.095883  -0.087927   302.530   302.540 10 55275.36630788 43.252
 88  18.097345  -0.086579   303.149   303.177 10 55310.36627357 47.636
 89  18.097839  -0.085981   303.031   303.034 10 55345.36627651 52.088
 90  18.096566  -0.087591   302.447   302.458 11 55380.36627023 50.549
 91  18.096895  -0.087423   302.082   302.087 11 55415.36629602 16.558
 92  18.097810  -0.086564   301.507   301.536 11 55450.36628173 42.094
 93  18.097934  -0.086456   301.868   301.865 10 55485.36620683 51.756
