# NaN NaN NaN ;Mean Elev.(m), Avg Gradient(m/km), RMS Gradient(m/km) - SRTM1     
# NaN NaN NaN ;Mean Elev.(m), Avg Gradient(m/km), RMS Gradient(m/km) - ASTER GDEM
#  304.116  -0.869   2.621 ;Mean Elev.(m), Avg Gradient(m/km), RMS Gradient(m/km) - GMTED2010 
  7  18.070787  -0.178271   300.931   300.934  5 52475.36646790 12.398
  8  18.083029  -0.165551   300.860   300.879  8 52510.36642248 19.075
  9  18.079502  -0.175276   302.102   302.121 11 52545.36643585 51.984
 10  18.073938  -0.179546   302.718   302.718  9 52580.36646646 52.377
 11  18.072106  -0.177789   303.392   303.361  6 52615.36643480 52.344
 12  18.083105  -0.166149   303.676   303.718  8 52650.36641050 40.827
 13  18.082795  -0.167048   301.928   301.889  7 52685.36639694 51.841
 14  18.074174  -0.178659   301.240   301.250  9 52720.36645099 52.867
 15  18.062254  -0.184811   301.399   301.399  2 52755.36647609 38.013
 16  18.076081  -0.178573   301.961   301.934 10 52790.36642295 52.532
 17  18.078838  -0.175711   301.496   301.495 11 52825.36649213 52.263
 18  18.081915  -0.170129   301.339   301.336  9 52860.36653686 18.319
 19  18.073918  -0.175957   301.735   301.792  7 52895.36656883 18.825
 20  18.073261  -0.176095   302.438   302.450  6 52930.36651780 53.189
 21  18.079936  -0.174903   302.808   302.797 12 52965.36650963 51.690
 22  18.068582  -0.180185   303.060   303.061  5 53000.36654445 51.382
 23  18.073516  -0.176093   302.140   302.158  6 53035.36649288 47.980
 24  18.076039  -0.178055   301.152   301.115 10 53070.36651274 51.146
 25  18.072615  -0.177847   300.815   300.811  6 53105.36649452 49.360
 26  18.077922  -0.175397   301.508   301.512 11 53140.36651811 52.622
 27  18.075769  -0.177879   300.384   300.387  9 53175.36655221 18.141
 28  18.074194  -0.176494   300.123   300.218  7 53210.36657020 39.302
 29  18.077946  -0.175797   301.232   301.240 10 53245.36653774 51.272
 30  18.074814  -0.175186   301.178   301.173  6 53280.36652062 53.264
 31  18.076197  -0.177459   302.285   302.274 10 53315.36653780 52.644
 32  18.080334  -0.174577   302.716   302.744 12 53350.36650287 29.709
 33  18.076086  -0.176576   302.431   302.423 10 53385.36648359 52.964
 34  18.087744  -0.160567   300.958   301.008  4 53420.36648503 47.204
 35  18.080125  -0.173868   300.567   300.589 11 53455.36649328 19.788
 36  18.067926  -0.180238   301.064   301.147  4 53490.36657970 35.548
 37  18.081023  -0.172128   301.411   301.385 11 53525.36656223 52.687
 38  18.068422  -0.180629   300.934   300.881  4 53560.36659219 23.313
 39  18.085102  -0.162872   300.522   300.520  6 53595.36652653 18.397
 40  18.070376  -0.178973   301.257   301.249  5 53630.36652345 52.269
 41  18.072178  -0.177413   301.750   301.757  6 53665.36654674 53.199
 42  18.078764  -0.176719   302.941   302.941 11 53700.36650039 51.928
 43  18.084178  -0.163717   301.909   302.051  7 53735.36641982 31.958
 44  18.085635  -0.161256   300.957   301.040  6 53770.36640814 33.115
 45  18.082536  -0.167075   300.959   300.961  8 53805.36640246 52.906
 47  18.078478  -0.175773   301.069   301.061 10 53875.36647096 52.030
 48  18.070472  -0.178207   300.642   300.541  5 53910.36651846 24.227
 49  18.066102  -0.182251   300.521   300.510  4 53945.36653966 44.052
 50  18.073896  -0.180109   300.612   300.559  9 53980.36648616 17.754
 51  18.078543  -0.175807   301.655   301.651 11 54015.36650357 52.436
 52  18.087512  -0.159802   302.128   302.194  4 54050.36650281 26.822
 53  18.077348  -0.175626   303.574   303.565 10 54085.36649812 43.155
 54  18.076892  -0.176197   302.774   302.749 10 54120.36642483 52.652
 55  18.075510  -0.177282   301.502   301.477  9 54155.36645627 51.633
 56  18.076464  -0.178252   301.263   301.248 10 54190.36642227 52.789
 57  18.075507  -0.177835   301.553   301.548  9 54225.36646666 52.665
 58  18.077093  -0.176470   301.428   301.478 11 54260.36648695 18.620
 59  18.077506  -0.176306   301.294   301.386 10 54295.36649123 44.604
 60  18.079212  -0.174171   301.728   301.776 11 54330.36648312 44.930
 61  18.076613  -0.178065   301.967   301.951 10 54365.36642845 51.690
 62  18.078597  -0.174819   302.642   302.649 11 54400.36642506 28.891
 63  18.077109  -0.176499   303.410   303.400 10 54435.36638280 52.311
 64  18.079490  -0.174811   303.458   303.458 12 54470.36640875 52.181
 65  18.077393  -0.175659   302.351   302.352 10 54505.36639642 52.060
 66  18.078780  -0.174700   301.129   301.145 11 54540.36642351 22.072
 67  18.077594  -0.176863   301.490   301.491 10 54575.36639726 51.097
 68  18.077252  -0.176365   301.156   301.120 10 54610.36641601 49.135
 69  18.075885  -0.178503   301.218   301.189 10 54645.36642419 31.273
 70  18.075874  -0.178721   300.435   300.506 10 54680.36642520 37.040
 71  18.078735  -0.174848   301.376   301.382 11 54715.36637492 19.949
 72  18.075663  -0.178458   301.827   301.836 10 54750.36639648 51.401
 73  18.077414  -0.176325   302.745   302.742 10 54785.36636436 51.811
 74  18.077479  -0.176292   303.109   303.098 10 54820.36638850 25.836
 75  18.077679  -0.177134   301.801   301.798 11 54855.36636099 51.002
 76  18.074684  -0.178382   301.561   301.552 10 54890.36639364 21.316
 77  18.075307  -0.177375   301.002   301.049  9 54925.36635951 20.543
 78  18.075450  -0.177813   301.866   301.874  9 54960.36639078 53.038
 79  18.074631  -0.174815   301.848   301.872  7 54995.36641244 24.574
 80  18.076152  -0.177836   301.318   301.304 10 55030.36640260 51.936
 81  18.077999  -0.175719   300.655   300.637 11 55065.36639245 17.988
 82  18.075153  -0.178220   301.490   301.491  9 55100.36633638 51.623
 83  18.076881  -0.175674   302.238   302.245 10 55135.36633823 52.144
 84  18.077797  -0.176571   302.985   302.983 11 55170.36630130 52.360
 85  18.076524  -0.176764   302.816   302.797 10 55205.36633161 52.743
 86  18.075708  -0.178019   302.137   302.125 10 55240.36630839 52.671
 87  18.076276  -0.177178   301.996   301.985 10 55275.36632528 50.681
 88  18.077743  -0.175829   302.712   302.711 10 55310.36629098 51.776
 89  18.077867  -0.176881   302.383   302.392 11 55345.36629424 52.319
 90  18.076961  -0.176839   301.906   301.901 11 55380.36628764 52.365
 91  18.077282  -0.176673   301.444   301.446 11 55415.36631342 18.272
 92  18.078208  -0.175813   300.705   300.771 11 55450.36629914 20.141
 93  18.078337  -0.175704   301.347   301.342 10 55485.36622423 52.452
