#  325.058  -3.520   5.139 ;Mean Elev.(m), Avg Gradient(m/km), RMS Gradient(m/km) - SRTM1     
#  314.573  -2.090   7.779 ;Mean Elev.(m), Avg Gradient(m/km), RMS Gradient(m/km) - ASTER GDEM
#  325.571  -0.279   3.138 ;Mean Elev.(m), Avg Gradient(m/km), RMS Gradient(m/km) - GMTED2010 
  7  19.973429   1.933866   325.486   325.487  5 52472.36206124 43.965
  8  19.976731   1.932759   324.625   324.824  5 52507.36203574 21.238
  9  19.984351   1.933221   326.277   326.278  5 52542.36201794 49.532
 10  19.973428   1.934522   326.406   326.406  5 52577.36206849 50.396
 11  19.975303   1.935683   327.494   327.461  5 52612.36203211 51.230
 12  19.978459   1.933924   327.438   327.448  5 52647.36201668 42.154
 14  19.975017   1.935065   325.478   325.480  5 52717.36204667 32.227
 15  19.965886   1.935769   325.902   325.898  5 52752.36207168 51.807
 16  19.976149   1.933914   326.143   326.144  5 52787.36201662 30.601
 17  19.977484   1.934563   325.564   325.639  5 52822.36208902 24.329
 18  19.980054   1.933326   325.630   325.633  5 52857.36213620 47.972
 19  19.973699   1.933472   326.428   326.424  5 52892.36216845 52.014
 20  19.974758   1.934034   326.425   326.477  5 52927.36212012 26.011
 21  19.984641   1.933548   326.992   326.991  5 52962.36209115 50.853
 22  19.974039   1.934087   327.343   327.356  5 52997.36213281 41.404
 23  19.975708   1.935070   326.190   326.157  5 53032.36209035 20.366
 24  19.979944   1.933673   325.600   325.615  5 53067.36210155 52.355
 25  19.973934   1.934675   325.185   325.142  5 53102.36209418 34.222
 26  19.981420   1.933175   326.210   326.215  6 53137.36210404 51.540
 27  19.975110   1.933095   325.089   325.111  5 53172.36215138 22.962
 28  19.975705   1.935384   324.496   324.481  5 53207.36216567 51.175
 29  19.980297   1.933872   325.399   325.399  5 53242.36213332 52.345
 30  19.977919   1.934673   325.175   325.172  5 53277.36210670 48.670
 31  19.975123   1.935407   326.145   326.130  5 53312.36214176 51.025
 32  19.979125   1.934984   327.011   327.013  5 53347.36210756 51.863
 33  19.978727   1.932858   326.680   326.690  5 53382.36207153 51.511
 34  19.984216   1.932770   325.853   325.868  6 53417.36208659 50.011
 35  19.979646   1.933963   325.375   325.371  5 53452.36208685 51.923
 36  19.969967   1.935588   325.783   325.733  5 53487.36217174 28.186
 37  19.980022   1.934105   325.720   325.715  6 53522.36216259 31.265
 38  19.970083   1.934197   325.363   325.370  6 53557.36218836 51.771
 39  19.984666   1.932506   325.159   325.137  5 53592.36212512 50.892
 40  19.971190   1.934133   324.972   324.968  6 53627.36211551 38.400
 41  19.974855   1.935192   325.685   325.674  5 53662.36214065 36.053
 42  19.977886   1.935227   327.072   327.064  5 53697.36210594 50.351
 43  19.981441   1.934138   325.956   325.954  5 53732.36202862 51.398
 45  19.981210   1.932689   325.309   325.324  5 53802.36200452 47.160
 46  19.977568   1.934505   325.960   326.083  5 53837.36201572 43.040
 47  19.977523   1.933383   325.423   325.325  5 53872.36206845 17.615
 48  19.973468   1.933897   325.400   325.391  5 53907.36210888 49.416
 49  19.967811   1.934111   324.852   324.871  5 53942.36213598 53.096
 50  19.975016   1.933924   325.376   325.386  5 53977.36208938 50.105
 51  19.979059   1.932897   325.880   325.886  5 54012.36209532 51.126
 52  19.983982   1.933677   326.658   326.693  5 54047.36210666 43.360
 54  19.977391   1.932868   327.112   327.117  5 54117.36203075 51.251
 55  19.976147   1.933350   326.176   326.209  5 54152.36205185 27.840
 56  19.977472   1.933172   325.944   325.955  5 54187.36202434 27.648
 57  19.976627   1.934782   326.251   326.261  5 54222.36206072 51.362
 58  19.977573   1.933782   325.958   325.914  5 54257.36208334 40.506
 59  19.979003   1.934024   325.820   325.823  5 54292.36208606 51.211
 60  19.979649   1.933795   326.087   326.081  6 54327.36208201 51.291
 61  19.977839   1.932933   326.249   326.253  5 54362.36203177 50.462
 62  19.979520   1.934613   326.951   326.941  5 54397.36202195 50.278
 63  19.979421   1.934341   327.448   327.437  5 54432.36198149 50.399
 64  19.980097   1.934671   327.332   327.391  5 54467.36200347 28.550
 65  19.978407   1.933109   326.774   326.830  5 54502.36199675 32.345
 66  19.979241   1.933901   325.912   325.918  6 54537.36201896 49.920
 67  19.978977   1.934498   325.921   325.941  5 54572.36199752 22.745
 68  19.977622   1.933990   325.658   325.660  6 54607.36201236 50.768
 69  19.977310   1.934340   325.843   325.849  6 54642.36202133 50.408
 70  19.976500   1.933443   325.282   325.245  5 54677.36202309 51.986
 71  19.979893   1.934520   325.783   325.778  5 54712.36197689 48.559
 72  19.977148   1.934274   325.745   325.681  6 54747.36199211 23.070
 73  19.978782   1.933034   326.941   326.939  5 54782.36196383 50.993
 74  19.978143   1.933945   326.882   326.895  6 54817.36198440 49.651
 75  19.978698   1.934272   325.984   325.976  6 54852.36196107 51.634
 77  19.975784   1.933190   325.927   325.902  5 54922.36196140 49.293
 78  19.976524   1.932788   326.196   326.226  5 54957.36198516 24.511
 79  19.975197   1.934666   326.334   326.330  5 54992.36200824 49.007
 80  19.978096   1.933076   325.659   325.652  5 55027.36199889 43.661
 81  19.978620   1.935186   325.285   325.308  5 55062.36199089 51.665
 82  19.977054   1.934796   325.632   325.639  5 55097.36193944 51.181
 83  19.977393   1.934039   326.365   326.394  6 55132.36193508 31.985
 84  19.979355   1.933561   327.255   327.254  6 55167.36190165 51.686
 85  19.977295   1.934607   327.010   327.012  5 55202.36192710 51.906
 86  19.977113   1.933955   326.468   326.495  5 55237.36190929 48.637
 87  19.977581   1.934092   326.904   326.901  5 55272.36192111 48.839
 88  19.978646   1.932933   327.382   327.371  5 55307.36189074 47.823
 89  19.978384   1.932798   326.815   326.903  5 55342.36189116 28.874
 90  19.978226   1.933623   326.369   326.378  5 55377.36188478 50.500
 91  19.978782   1.934221   325.934   325.940  6 55412.36190797 48.857
 92  19.978915   1.934357   325.693   325.685  5 55447.36189898 50.562
 93  19.978639   1.932640   325.499   325.497  5 55482.36182986 50.904
