#  314.188  -0.742   2.139 ;Mean Elev.(m), Avg Gradient(m/km), RMS Gradient(m/km) - SRTM1     
#  302.869  -1.242   3.947 ;Mean Elev.(m), Avg Gradient(m/km), RMS Gradient(m/km) - ASTER GDEM
#  314.412  -0.382   1.703 ;Mean Elev.(m), Avg Gradient(m/km), RMS Gradient(m/km) - GMTED2010 
  7   311.507 52473.86470119 47.23  18.569026   1.091714 23.019
  7   311.349 52473.86470184 52.10  18.568306   1.095024 23.019
  7   311.524 52473.86470248 42.87  18.567576   1.098324 23.019
  8   311.464 52508.86466889 54.02  18.573598   1.100232 30.408
  8   311.622 52508.86466954 52.85  18.572878   1.103532 30.408
  8   311.666 52508.86467018 51.93  18.572148   1.106842 30.408
  9   311.778 52543.86466270 26.50  18.576806   1.105344  5.816
  9   312.034 52543.86466334 29.71  18.576076   1.108654  5.816
 10   312.797 52578.86470433 49.89  18.570145   1.093722 49.144
 10   312.813 52578.86470497 52.53  18.569415   1.097032 49.144
 10   312.751 52578.86470562 52.89  18.568685   1.100332 49.144
 11   313.425 52613.86467021 43.75  18.570451   1.092746 26.596
 11   313.444 52613.86467086 43.96  18.569731   1.096056 26.596
 11   313.429 52613.86467150 30.36  18.569001   1.099356 26.596
 11   313.429 52613.86467215 30.94  18.568271   1.102666 26.596
 12   314.022 52648.86465299 51.49  18.574227   1.101365 49.605
 12   313.944 52648.86465364 51.46  18.573507   1.104675 49.605
 12   313.963 52648.86465428 51.82  18.572777   1.107985 49.605
 13   312.425 52683.86463244 51.95  18.577249   1.104832 36.746
 13   312.442 52683.86463308 53.95  18.576519   1.108142 36.746
 14   311.767 52718.86468604 48.21  18.570459   1.096322 29.366
 14   311.525 52718.86468668 56.63  18.569739   1.099632 29.366
 14   311.702 52718.86468733 51.73  18.569009   1.102942 29.366
 16   312.421 52788.86465776 51.53  18.571515   1.096923 32.178
 16   312.446 52788.86465841 50.54  18.570795   1.100223 32.178
 16   312.460 52788.86465905 47.17  18.570065   1.103533 32.178
 17   311.935 52823.86472867 48.10  18.573262   1.097822 42.548
 17   311.872 52823.86472931 54.43  18.572542   1.101122 42.548
 17   311.842 52823.86472996 50.97  18.571812   1.104432 42.548
 17   311.801 52823.86473060 50.01  18.571082   1.107732 42.548
 18   311.983 52858.86477574 52.19  18.574692   1.101831 29.728
 18   311.914 52858.86477639 53.61  18.573962   1.105141 29.728
 18   312.004 52858.86477703 49.15  18.573232   1.108441 29.728
 19   312.614 52893.86480559 48.18  18.570250   1.093572 48.891
 19   312.662 52893.86480623 53.37  18.569530   1.096882 48.891
 19   312.710 52893.86480688 50.91  18.568800   1.100182 48.891
 20   312.570 52928.86475621 41.57  18.570161   1.095537 43.849
 20   312.884 52928.86475685 47.20  18.569441   1.098847 43.849
 20   312.915 52928.86475750 47.68  18.568711   1.102147 43.849
 21   313.534 52963.86473989 51.05  18.576186   1.102041 43.499
 21   313.568 52963.86474053 49.45  18.575456   1.105351 43.499
 21   313.609 52963.86474118 50.53  18.574736   1.108661 43.499
 22   313.428 52998.86477502 51.59  18.568399   1.092001 44.678
 22   313.528 52998.86477566 51.99  18.567669   1.095311 44.678
 22   313.539 52998.86477630 52.38  18.566939   1.098611 44.678
 23   312.286 53033.86472881 53.02  18.570685   1.095619 42.001
 23   312.370 53033.86472946 53.67  18.569955   1.098919 42.001
 23   312.453 53033.86473010 48.77  18.569225   1.102229 42.001
 23   312.493 53033.86473075 50.51  18.568505   1.105539 42.001
 24   311.489 53068.86474449 52.55  18.573538   1.099326 37.462
 24   311.601 53068.86474513 53.75  18.572808   1.102636 37.462
 24   311.715 53068.86474578 52.45  18.572078   1.105936 37.462
 25   311.451 53103.86472992 46.13  18.570517   1.092945 28.211
 25   311.285 53103.86473057 47.80  18.569797   1.096255 28.211
 25   311.516 53103.86473121 47.42  18.569067   1.099555 28.211
 25   311.497 53103.86473186 49.24  18.568337   1.102865 28.211
 26   312.200 53138.86474994 53.40  18.574019   1.102096 34.862
 26   312.183 53138.86475059 55.72  18.573289   1.105396 34.862
 27   311.188 53173.86478892 49.40  18.571611   1.095178 43.580
 27   311.171 53173.86478956 54.52  18.570881   1.098478 43.580
 27   311.276 53173.86479021 51.01  18.570161   1.101788 43.580
 27   311.220 53173.86479085 53.70  18.569431   1.105098 43.580
 28   310.105 53208.86480563 41.35  18.570541   1.097075 32.508
 28   310.051 53208.86480628 32.27  18.569811   1.100385 32.508
 28   310.289 53208.86480692 34.74  18.569091   1.103695 32.508
 29   311.497 53243.86477329 47.60  18.574411   1.098623 34.398
 29   312.028 53243.86477393 53.06  18.573681   1.101933 34.398
 29   311.640 53243.86477457 50.37  18.572961   1.105243 34.398
 30   311.127 53278.86475144 49.31  18.571561   1.097637 20.683
 30   311.079 53278.86475209 44.69  18.570831   1.100947 20.683
 30   311.131 53278.86475273 32.53  18.570101   1.104247 20.683
 31   312.363 53313.86477664 46.45  18.571788   1.094598 29.799
 31   312.436 53313.86477728 52.38  18.571058   1.097908 29.799
 31   312.425 53313.86477793 50.27  18.570328   1.101208 29.799
 31   312.472 53313.86477857 47.94  18.569608   1.104518 29.799
 32   313.094 53348.86474367 51.76  18.574196   1.102190 48.105
 32   313.041 53348.86474431 52.71  18.573466   1.105500 48.105
 33   312.848 53383.86471518 52.28  18.572563   1.098902 49.638
 33   312.830 53383.86471583 52.41  18.571833   1.102212 49.638
 33   312.924 53383.86471647 53.36  18.571103   1.105512 49.638
 34   312.100 53418.86472407 45.98  18.578997   1.106029 23.476
 34   312.004 53418.86472472 50.15  18.578267   1.109339 23.476
 35   311.127 53453.86472839 54.05  18.574206   1.101058 38.762
 35   311.272 53453.86472904 54.29  18.573476   1.104368 38.762
 35   311.266 53453.86472968 52.43  18.572746   1.107668 38.762
 37   311.867 53523.86480194 54.31  18.574343   1.102318 39.444
 37   311.835 53523.86480258 50.11  18.573613   1.105628 39.444
 39   311.201 53593.86476593 47.34  18.577702   1.105267 28.462
 39   311.022 53593.86476657 54.17  18.576972   1.108567 28.462
 40   311.195 53628.86475587 52.55  18.567437   1.092100 34.574
 40   311.260 53628.86475652 41.08  18.566717   1.095400 34.574
 40   311.247 53628.86475716 29.90  18.565987   1.098710 34.574
 41   311.718 53663.86478033 48.16  18.569951   1.093975 37.191
 41   311.808 53663.86478098 47.24  18.569221   1.097275 37.191
 41   311.905 53663.86478162 48.32  18.568501   1.100585 37.191
 42   313.210 53698.86474068 50.81  18.573632   1.099131 48.403
 42   313.231 53698.86474133 49.94  18.572902   1.102431 48.403
 42   313.188 53698.86474197 52.60  18.572172   1.105741 48.403
 43   312.092 53733.86466390 54.52  18.576084   1.103632 41.650
 43   312.090 53733.86466455 52.71  18.575354   1.106942 41.650
 44   311.339 53768.86464657 53.00  18.576667   1.105743 38.009
 44   311.238 53768.86464721 53.82  18.575947   1.109053 38.009
 45   311.019 53803.86464218 43.55  18.576133   1.100970 27.554
 45   311.501 53803.86464283 44.82  18.575403   1.104280 27.554
 45   311.647 53803.86464347 40.95  18.574683   1.107590 27.554
 46   311.749 53838.86465957 47.97  18.571968   1.095350 40.262
 46   311.942 53838.86466022 52.84  18.571238   1.098660 40.262
 46   311.886 53838.86466086 50.90  18.570508   1.101960 40.262
 46   311.875 53838.86466151 51.92  18.569788   1.105270 40.262
 47   311.503 53873.86470756 50.53  18.573262   1.098691 41.685
 47   311.471 53873.86470821 53.85  18.572542   1.102001 41.685
 47   311.656 53873.86470885 53.29  18.571812   1.105311 41.685
 48   311.273 53908.86475047 45.04  18.568550   1.092669 36.964
 48   311.154 53908.86475111 40.90  18.567830   1.095969 36.964
 48   311.068 53908.86475176 30.96  18.567100   1.099279 36.964
 50   311.748 53978.86472414 20.50  18.571309   1.094781  7.858
 50   311.512 53978.86472478 21.36  18.570584   1.098094 12.317
 50   311.511 53978.86472543 24.55  18.569854   1.101394 12.317
 50   311.483 53978.86472607 37.20  18.569134   1.104704 12.317
 51   311.993 54013.86473775 51.22  18.573502   1.100330 43.312
 51   311.913 54013.86473839 51.60  18.572782   1.103630 43.312
 51   311.967 54013.86473904 52.46  18.572052   1.106940 43.312
 52   312.600 54048.86474482 47.90  18.578051   1.104888 43.219
 52   312.638 54048.86474546 51.97  18.577321   1.108188 43.219
 54   313.527 54118.86466505 51.15  18.573326   1.096910 21.455
 54   313.509 54118.86466570 52.50  18.572606   1.100223 52.715
 54   313.410 54118.86466634 51.95  18.571876   1.103523 52.715
 54   313.488 54118.86466698 50.79  18.571156   1.106833 52.715
 55   312.368 54153.86469147 48.73  18.571468   1.098139 48.835
 55   312.439 54153.86469211 49.23  18.570748   1.101449 48.835
 55   312.481 54153.86469276 48.10  18.570018   1.104749 48.835
 56   312.118 54188.86466002 48.67  18.573307   1.097441 40.568
 56   312.122 54188.86466066 52.07  18.572587   1.100751 40.568
 56   312.257 54188.86466131 51.18  18.571857   1.104051 40.568
 56   312.295 54188.86466195 49.33  18.571127   1.107361 40.568
 57   312.059 54223.86470123 52.14  18.571791   1.096172 37.856
 57   312.114 54223.86470187 52.37  18.571061   1.099472 37.856
 57   312.227 54223.86470252 50.67  18.570331   1.102782 37.856
 57   312.274 54223.86470316 50.97  18.569611   1.106082 37.856
 58   312.178 54258.86472324 50.43  18.572821   1.097292 31.553
 58   312.213 54258.86472389 52.42  18.572091   1.100602 31.553
 58   312.259 54258.86472453 51.58  18.571371   1.103902 31.553
 58   312.301 54258.86472518 47.41  18.570641   1.107212 31.553
 59   311.788 54293.86472658 53.61  18.573168   1.100245 24.030
 59   311.811 54293.86472723 50.46  18.572438   1.103555 24.030
 59   311.834 54293.86472787 50.93  18.571718   1.106855 24.030
 60   312.099 54328.86472109 53.37  18.573998   1.101863 33.787
 60   312.151 54328.86472174 51.05  18.573268   1.105173 33.787
 60   312.215 54328.86472238 48.08  18.572548   1.108473 33.787
 61   312.475 54363.86466753 49.27  18.573174   1.097820 32.810
 61   312.475 54363.86466818 50.11  18.572444   1.101120 32.810
 61   312.467 54363.86466882 50.30  18.571714   1.104430 32.810
 61   312.494 54363.86466947 49.88  18.570994   1.107730 32.810
 62   313.155 54398.86466099 49.35  18.574259   1.099614 43.026
 62   313.193 54398.86466163 51.27  18.573529   1.102924 43.026
 62   313.271 54398.86466228 51.97  18.572809   1.106224 43.026
 63   313.640 54433.86461880 51.74  18.573820   1.100303 42.850
 63   313.578 54433.86461945 50.95  18.573090   1.103613 42.850
 63   313.609 54433.86462009 51.76  18.572370   1.106913 42.850
 64   313.757 54468.86464372 52.38  18.574862   1.099244 41.390
 64   313.730 54468.86464436 52.01  18.574132   1.102554 41.390
 64   313.782 54468.86464501 53.34  18.573412   1.105854 41.390
 65   312.625 54503.86463414 51.80  18.573233   1.100177 45.107
 65   312.675 54503.86463479 50.40  18.572503   1.103487 45.107
 65   312.729 54503.86463543 51.22  18.571783   1.106797 45.107
 66   311.806 54538.86465879 50.12  18.574392   1.098540 37.799
 66   311.788 54538.86465943 51.95  18.573662   1.101840 37.799
 66   311.996 54538.86466008 51.87  18.572942   1.105150 37.799
 66   312.014 54538.86466072 48.92  18.572212   1.108450 37.799
 67   311.996 54573.86463512 52.33  18.573496   1.100785 38.603
 67   312.054 54573.86463577 52.83  18.572766   1.104085 38.603
 67   312.097 54573.86463641 49.93  18.572046   1.107395 38.603
 68   311.639 54608.86465213 50.96  18.572850   1.097528 39.286
 68   311.583 54608.86465277 51.73  18.572120   1.100828 39.286
 68   311.556 54608.86465342 48.45  18.571400   1.104138 39.286
 68   311.626 54608.86465406 43.54  18.570670   1.107438 39.286
 69   311.831 54643.86466002 48.88  18.572361   1.098360 34.662
 69   311.873 54643.86466067 50.09  18.571631   1.101660 34.662
 69   311.847 54643.86466131 37.34  18.570911   1.104970 34.662
 70   311.310 54678.86466182 53.72  18.571699   1.098795 37.487
 70   311.437 54678.86466246 50.89  18.570969   1.102095 37.487
 70   311.395 54678.86466311 54.24  18.570249   1.105405 37.487
 71   311.934 54713.86461444 50.58  18.574198   1.100372 30.808
 71   311.916 54713.86461508 51.85  18.573468   1.103672 30.808
 71   311.938 54713.86461573 52.74  18.572748   1.106982 30.808
 72   312.132 54748.86463120 49.21  18.572239   1.097262 36.093
 72   312.026 54748.86463184 51.63  18.571509   1.100562 36.093
 72   312.167 54748.86463249 51.36  18.570789   1.103872 36.093
 72   312.204 54748.86463313 51.07  18.570059   1.107172 36.093
 73   312.992 54783.86460142 51.78  18.573519   1.100903 43.643
 73   313.046 54783.86460207 53.01  18.572789   1.104203 43.643
 73   313.152 54783.86460271 51.12  18.572059   1.107513 43.643
 74   313.409 54818.86462370 52.21  18.573117   1.099034 47.202
 74   313.419 54818.86462435 51.80  18.572387   1.102334 47.202
 74   313.450 54818.86462499 51.59  18.571667   1.105644 47.202
 75   311.929 54853.86459869 23.00  18.573624   1.099599 15.512
 75   311.687 54853.86459933 19.05  18.572894   1.102899 15.512
 75   311.809 54853.86459998 19.34  18.572174   1.106209 15.512
 76   312.358 54888.86462804 46.57  18.571574   1.097302 16.863
 76   312.295 54888.86462869 44.41  18.570854   1.100612 16.863
 76   312.230 54888.86462933 35.03  18.570124   1.103912 16.863
 77   311.909 54923.86459770 52.30  18.571592   1.098076 37.512
 77   311.969 54923.86459835 51.32  18.570872   1.101386 37.512
 77   311.984 54923.86459899 52.45  18.570142   1.104686 37.512
 78   312.590 54958.86462564 50.40  18.571867   1.095841 34.938
 78   312.609 54958.86462628 51.56  18.571137   1.099141 34.938
 78   312.669 54958.86462693 52.75  18.570417   1.102451 34.938
 78   312.638 54958.86462757 52.36  18.569687   1.105751 34.938
 79   312.670 54993.86464799 49.15  18.570479   1.096470 23.176
 79   312.546 54993.86464864 49.90  18.569749   1.099780 23.176
 79   312.584 54993.86464928 38.11  18.569029   1.103090 23.176
 80   311.770 55028.86463803 49.53  18.572858   1.098529 40.405
 80   311.720 55028.86463868 52.23  18.572128   1.101829 40.405
 80   311.696 55028.86463932 52.72  18.571408   1.105139 40.405
 81   311.370 55063.86463015 50.07  18.573276   1.098984 40.087
 81   311.254 55063.86463080 53.53  18.572546   1.102284 40.087
 81   311.386 55063.86463144 51.12  18.571826   1.105594 40.087
 82   311.539 55098.86457510 51.58  18.572197   1.096921 30.877
 82   311.623 55098.86457574 54.22  18.571477   1.100221 30.877
 82   311.705 55098.86457639 50.53  18.570747   1.103531 30.877
 82   311.651 55098.86457703 51.47  18.570027   1.106841 30.877
 83   312.589 55133.86457368 52.36  18.572685   1.097987 41.526
 83   312.602 55133.86457432 53.46  18.571955   1.101297 41.526
 83   312.628 55133.86457496 54.30  18.571235   1.104607 41.526
 84   313.246 55168.86453865 49.40  18.574134   1.100015 48.207
 84   313.242 55168.86453930 51.52  18.573404   1.103315 48.207
 84   313.303 55168.86453994 51.71  18.572684   1.106625 48.207
 85   313.339 55203.86456677 48.98  18.572436   1.097552 47.907
 85   313.397 55203.86456742 52.22  18.571706   1.100852 47.907
 85   313.428 55203.86456806 52.61  18.570986   1.104162 47.907
 86   312.584 55238.86454539 47.33  18.572726   1.097158 42.496
 86   312.692 55238.86454604 48.58  18.572006   1.100468 42.496
 86   312.728 55238.86454668 54.37  18.571276   1.103768 42.496
 86   312.580 55238.86454733 49.74  18.570556   1.107078 42.496
 87   312.922 55273.86456035 51.44  18.572501   1.098948 45.117
 87   312.981 55273.86456099 51.10  18.571771   1.102258 45.117
 87   312.993 55273.86456164 51.25  18.571051   1.105568 45.117
 88   313.539 55308.86452927 48.97  18.573485   1.099375 44.856
 88   313.610 55308.86452992 51.99  18.572765   1.102685 44.856
 88   313.550 55308.86453056 52.93  18.572035   1.105985 44.856
 89   313.175 55343.86452934 46.86  18.573992   1.098400 29.033
 89   313.213 55343.86452998 45.09  18.573262   1.101710 29.033
 89   313.179 55343.86453063 36.64  18.572542   1.105020 29.033
 90   312.428 55378.86452371 50.32  18.573156   1.099172 33.578
 90   312.457 55378.86452435 49.34  18.572426   1.102472 33.578
 90   312.491 55378.86452499 48.95  18.571706   1.105782 33.578
 91   312.266 55413.86454873 49.40  18.573126   1.098640 39.133
 91   312.293 55413.86454938 51.21  18.572396   1.101940 39.133
 91   312.335 55413.86455002 50.57  18.571676   1.105250 39.133
 92   311.792 55448.86453732 17.44  18.573738   1.099258 13.969
 92   311.676 55448.86453796 15.71  18.573008   1.102558 13.969
 92   311.666 55448.86453860 23.25  18.572288   1.105868 13.969
 93   311.686 55483.86446378 48.77  18.574398   1.098883 38.532
 93   311.637 55483.86446443 51.74  18.573678   1.102193 38.532
 93   311.829 55483.86446507 52.17  18.572948   1.105493 38.532
