#  282.010  -0.253   9.712 ;Mean Elev.(m), Avg Gradient(m/km), RMS Gradient(m/km) - SRTM1     
#  264.417  -0.308   9.682 ;Mean Elev.(m), Avg Gradient(m/km), RMS Gradient(m/km) - ASTER GDEM
#  282.013  -0.538   9.692 ;Mean Elev.(m), Avg Gradient(m/km), RMS Gradient(m/km) - GMTED2010 
  7  16.376823  -2.038146   284.116   284.161  7 52444.87208263 18.208
  8  16.381239  -2.032644   284.326   284.311  8 52479.87207626 51.485
  9  16.389120  -2.019348   284.875   284.893  9 52514.87202615 50.529
 10  16.381885  -2.030819   285.842   285.883  8 52549.87206959 49.033
 11  16.389560  -2.017604   286.932   286.929  9 52584.87205381 49.631
 12  16.382428  -2.028390   287.801   287.787  8 52619.87203136 51.445
 13  16.389582  -2.016749   287.329   287.353  9 52654.87202143 51.191
 14  16.384649  -2.027132   284.776   284.782  9 52689.87201349 22.573
 15  16.385335  -2.024270   284.517   284.507 10 52724.87205802 50.712
 16  16.375919  -2.037886   284.650   284.647  7 52759.87207418 47.888
 17  16.387666  -2.017667   285.264   285.279  9 52794.87203384 51.125
 18  16.389543  -2.018403   285.260   285.209  8 52829.87210051 51.507
 19  16.391045  -2.016791   285.514   285.535  8 52864.87214505 50.555
 20  16.383529  -2.027873   285.810   285.783  8 52899.87217214 52.117
 21  16.382749  -2.028835   286.359   286.289  8 52934.87211498 36.373
 22  16.384529  -2.025034   287.220   287.237  9 52969.87213274 46.927
 23  16.380222  -2.034086   286.564   286.565  7 53004.87214852 45.116
 24  16.382488  -2.029720   285.450   285.447  9 53039.87209942 50.994
 25  16.382717  -2.031128   284.282   284.284  8 53074.87213026 49.113
 26  16.380554  -2.033218   283.896   283.890  7 53109.87209979 52.424
 27  16.383095  -2.028400   284.377   284.372  9 53144.87214251 35.281
 28  16.386564  -2.019336   284.173   284.180  9 53179.87215739 50.256
 29  16.383232  -2.027808   283.851   283.858  8 53214.87217764 49.554
 30  16.384687  -2.026403   284.427   284.489  9 53249.87214774 25.620
 31  16.381148  -2.031592   285.318   285.320  7 53284.87214371 52.069
 32  16.389892  -2.017904   286.700   286.730  9 53319.87213183 51.395
 33  16.388907  -2.018155   286.333   286.426  8 53354.87209962 24.173
 34  16.383854  -2.025333   285.644   285.640  9 53389.87210433 51.229
 35  16.388602  -2.017644   284.104   284.112  9 53424.87210365 51.533
 36  16.389105  -2.017417   284.243   284.264  9 53459.87210865 49.721
 37  16.379162  -2.034522   284.205   284.227  7 53494.87219111 50.857
 38  16.389200  -2.018300   284.799   284.820  8 53529.87216897 51.188
 39  16.380446  -2.035193   284.646   284.619  7 53564.87219651 50.456
 40  16.386373  -2.020609   284.419   284.411  9 53599.87214102 49.858
 41  16.382175  -2.030613   285.470   285.433  8 53634.87213596 50.562
 42  16.381016  -2.032126   285.768   285.772  7 53669.87215700 48.568
 43  16.389723  -2.019028   286.936   286.908  9 53704.87209588 49.194
 44  16.388315  -2.019050   285.783   285.754  9 53739.87200660 49.574
 45  16.389151  -2.018204   283.536   283.621  8 53774.87202669 19.254
 46  16.386685  -2.019917   283.443   283.464 10 53809.87200927 23.526
 47  16.383181  -2.028884   284.215   284.212  8 53844.87205068 50.706
 48  16.387624  -2.019980   284.289   284.299  9 53879.87208049 49.346
 49  16.379863  -2.035433   284.360   284.354  6 53914.87213456 52.878
 50  16.378214  -2.036912   284.050   284.111  6 53949.87214429 39.674
 51  16.384683  -2.025855   284.990   284.946 10 53984.87208362 50.533
 52  16.385978  -2.023892   285.706   285.747 10 54019.87212050 49.998
 53  16.392229  -2.017058   286.763   286.791  9 54054.87211223 49.938
 54  16.385753  -2.021336   287.539   287.535 10 54089.87210012 48.880
 55  16.385664  -2.021340   285.769   285.784 10 54124.87202687 37.312
 57  16.385691  -2.023807   284.294   284.337 10 54194.87202800 48.645
 58  16.385191  -2.025420   284.733   284.747 10 54229.87207897 50.219
 59  16.385303  -2.023549   285.128   285.130 10 54264.87209762 50.631
 60  16.385861  -2.021642   284.680   284.706  9 54299.87210163 47.607
 61  16.385558  -2.022994   285.237   285.294 10 54334.87209086 50.061
 63  16.384891  -2.024576   286.983   286.979 10 54404.87203460 49.774
 64  16.385439  -2.023652   287.579   287.586 10 54439.87199215 48.788
 65  16.385756  -2.019109   286.999   287.032  9 54474.87202249 50.544
 66  16.385686  -2.022901   285.503   285.514 10 54509.87200589 50.151
 67  16.385599  -2.023489   284.400   284.410 10 54544.87203587 51.616
 68  16.385921  -2.022769   284.046   284.123 11 54579.87200395 29.917
 69  16.386071  -2.023640   284.687   284.679 10 54614.87202606 50.311
 70  16.384049  -2.026443   284.819   284.839 10 54649.87203638 50.406
 71  16.385018  -2.025044   284.348   284.289 10 54684.87203179 43.574
 72  16.385848  -2.021168   285.233   285.249  9 54719.87198183 29.390
 73  16.384994  -2.024898   286.170   286.189  9 54754.87200570 50.296
 74  16.384874  -2.025618   286.857   286.872 10 54789.87197372 50.596
 75  16.385435  -2.022970   287.144   287.136 10 54824.87200188 51.155
 76  16.385864  -2.021029   285.175   285.153  9 54859.87196834 42.737
 77  16.384524  -2.027597   285.234   285.223  9 54894.87200211 50.922
 78  16.384334  -2.026472   284.317   284.317 10 54929.87196587 50.923
 79  16.384687  -2.025956   284.895   284.878  9 54964.87200338 29.926
 80  16.383059  -2.028107   285.275   285.280  8 54999.87202307 51.295
 81  16.385615  -2.022537   284.893   284.875 10 55034.87200954 45.711
 82  16.385331  -2.025484   284.401   284.403 10 55069.87199932 37.529
 83  16.384414  -2.026258   285.621   285.621 10 55104.87194033 49.826
 84  16.385459  -2.025279   286.060   286.126 10 55139.87194640 31.434
 85  16.385980  -2.020456   287.247   287.228  9 55174.87190786 45.794
 86  16.385172  -2.024843   285.725   285.689  9 55209.87194239 26.173
 87  16.384859  -2.024444   285.224   285.208 10 55244.87191372 50.366
 88  16.384610  -2.025241   284.954   284.953 10 55279.87193561 50.941
 89  16.384574  -2.025651   284.625   284.754  9 55314.87190137 26.380
 90  16.385120  -2.023982   285.278   285.296 10 55349.87190773 51.004
 91  16.384672  -2.026712   285.153   285.171  9 55384.87189991 50.383
 92  16.385578  -2.022933   284.612   284.736 10 55419.87192633 30.320
 93  16.385432  -2.024947   285.106   285.124 10 55454.87190362 50.661
 94  16.385883  -2.022190   285.926   285.912 10 55489.87182267 51.211
