#  280.996  -0.151   2.492 ;Mean Elev.(m), Avg Gradient(m/km), RMS Gradient(m/km) - SRTM1     
#  264.032  -0.178   3.854 ;Mean Elev.(m), Avg Gradient(m/km), RMS Gradient(m/km) - ASTER GDEM
#  281.085   0.011   0.391 ;Mean Elev.(m), Avg Gradient(m/km), RMS Gradient(m/km) - GMTED2010 
  8  16.144618  -2.402116   281.500   281.489  5 52478.37089396 51.864
  9  16.153974  -2.421629   281.410   281.422 13 52513.37084071 38.464
 10  16.146546  -2.405188   282.629   282.611  6 52548.37088051 32.615
 11  16.149917  -2.417025   283.847   283.959 11 52583.37088108 37.352
 12  16.145788  -2.404813   285.590   285.590  5 52618.37085395 46.471
 13  16.154386  -2.421412   284.805   284.824 13 52653.37083269 37.195
 14  16.147850  -2.417447   282.296   282.314  8 52688.37083166 36.077
 15  16.147470  -2.412999   281.356   281.331  9 52723.37087715 33.131
 17  16.149883  -2.414799   282.034   282.046 11 52793.37085089 51.783
 18  16.150953  -2.419167   281.715   281.705 12 52828.37091943 49.016
 19  16.152782  -2.419130   281.843   281.848 13 52863.37096436 34.679
 20  16.147076  -2.407142   282.705   282.707  7 52898.37099174 50.668
 21  16.146556  -2.404777   283.628   283.627  5 52933.37093667 52.760
 22  16.147456  -2.416253   284.429   284.448  8 52968.37094820 33.864
 23  16.142972  -2.402584   284.198   284.214  4 53003.37096795 37.230
 24  16.145410  -2.404911   282.537   282.536  5 53038.37091753 51.673
 25  16.146970  -2.405017   281.417   281.415  6 53073.37094534 50.539
 26  16.146021  -2.403431   281.139   281.139  5 53108.37091734 49.965
 27  16.147039  -2.409616   281.467   281.453  7 53143.37095546 45.593
 28  16.149067  -2.415457   280.987   280.972 11 53178.37097663 44.392
 29  16.146763  -2.406547   280.807   280.838  6 53213.37099593 27.947
 30  16.147595  -2.415817   281.519   281.486  8 53248.37096668 38.030
 31  16.145156  -2.404511   282.359   282.347  5 53283.37095675 50.053
 32  16.150697  -2.416623   283.704   283.713 12 53318.37095615 51.326
 33  16.151465  -2.419085   283.746   283.568 12 53353.37092294 20.253
 34  16.147227  -2.409114   282.811   282.809  7 53388.37091844 52.082
 35  16.152307  -2.420752   280.906   280.898 13 53423.37092064 28.217
 36  16.150878  -2.419145   280.881   280.869 12 53458.37092541 47.063
 37  16.142727  -2.400774   281.259   281.260  4 53493.37100712 51.968
 38  16.151532  -2.419240   281.460   281.443 13 53528.37098833 43.451
 39  16.143452  -2.402495   281.487   281.486  4 53563.37101557 26.954
 40  16.150057  -2.419078   280.961   280.998 12 53598.37095894 29.743
 41  16.145426  -2.402597   282.166   282.160  5 53633.37095175 26.455
 42  16.144877  -2.402391   282.762   282.754  5 53668.37097393 32.899
 43  16.151388  -2.419361   284.165   284.162 12 53703.37091950 51.587
 44  16.151738  -2.420463   282.465   282.372 13 53738.37082914 18.831
 45  16.152088  -2.419292   281.169   281.136 13 53773.37084329 30.216
 46  16.150562  -2.416896   280.937   280.999 12 53808.37082916 29.487
 48  16.149790  -2.417941   281.031   281.041 11 53878.37089888 45.169
 49  16.143594  -2.401442   281.579   281.575  4 53913.37094920 51.763
 51  16.147180  -2.412126   281.626   281.623  8 53983.37090563 50.806
 52  16.149206  -2.413130   282.218   282.149 10 54018.37093602 28.222
 53  16.154739  -2.421263   283.312   283.217 13 54053.37093077 28.224
 54  16.148901  -2.415032   285.017   285.014 11 54088.37092116 50.489
 55  16.147823  -2.414242   283.127   283.158  8 54123.37084323 27.274
 56  16.147284  -2.412258   281.482   281.518  9 54158.37088442 27.941
 57  16.147597  -2.414487   281.298   281.322  8 54193.37084439 46.977
 58  16.147566  -2.413904   281.455   281.432  9 54228.37089600 52.002
 59  16.148017  -2.415202   281.609   281.622  8 54263.37091518 27.734
 60  16.147810  -2.417744   281.470   281.480  8 54298.37092074 45.733
 61  16.149271  -2.414064   281.771   281.766 10 54333.37090957 39.095
 63  16.148075  -2.414769   283.976   283.976  8 54403.37085340 51.459
 65  16.149464  -2.415582   284.410   284.409 11 54473.37083934 51.448
 66  16.147473  -2.416217   282.421   282.436  8 54508.37082160 52.092
 67  16.149000  -2.414095   281.308   281.334 10 54543.37085328 31.496
 68  16.147835  -2.414591   281.448   281.522  8 54578.37082278 33.524
 69  16.148850  -2.414571   281.511   281.503 11 54613.37084395 36.041
 70  16.147389  -2.413491   281.753   281.721  8 54648.37085103 38.532
 71  16.147631  -2.415865   281.380   281.369  8 54683.37085112 41.566
 72  16.148010  -2.416870   282.300   282.246  8 54718.37079842 40.290
 73  16.147433  -2.414079   282.815   282.826  9 54753.37082440 34.009
 74  16.147364  -2.413221   283.964   283.971  9 54788.37078931 34.517
 75  16.147992  -2.416224   284.581   284.594  8 54823.37081906 43.656
 76  16.147877  -2.416703   282.365   282.387  8 54858.37078524 40.694
 77  16.147315  -2.409889   282.028   282.076  7 54893.37082065 28.330
 78  16.147509  -2.407927   281.340   281.339  7 54928.37078122 48.294
 80  16.146961  -2.406300   281.988   281.975  6 54998.37083999 25.230
 81  16.147142  -2.414149   281.804   281.853  8 55033.37083008 51.710
 82  16.148019  -2.417327   281.427   281.446  8 55068.37081892 40.430
 83  16.147436  -2.407944   282.494   282.496  7 55103.37075625 48.338
 84  16.147816  -2.414758   283.460   283.460  9 55138.37076597 44.771
 85  16.147890  -2.413983   284.961   284.962  8 55173.37072599 50.019
 86  16.147714  -2.414463   283.526   283.498  9 55208.37076048 31.778
 87  16.147471  -2.410403   282.141   282.178  8 55243.37073049 33.320
 88  16.147546  -2.413722   281.752   281.819  9 55278.37075368 28.423
 89  16.147810  -2.414412   282.519   282.517  8 55313.37071637 47.571
 90  16.147918  -2.416729   282.162   282.150  8 55348.37072512 50.996
 91  16.147276  -2.413829   281.904   281.910  8 55383.37071508 49.405
 92  16.148286  -2.415411   281.640   281.567  8 55418.37074333 27.445
 93  16.148830  -2.413790   281.829   281.846 10 55453.37072350 40.609
 94  16.149120  -2.415698   282.742   282.719 11 55488.37064512 43.687
