#  443.548  -0.607   5.528 ;Mean Elev.(m), Avg Gradient(m/km), RMS Gradient(m/km) - SRTM1     
#  441.335  -0.756   4.054 ;Mean Elev.(m), Avg Gradient(m/km), RMS Gradient(m/km) - ASTER GDEM
#  443.937  -0.546   5.770 ;Mean Elev.(m), Avg Gradient(m/km), RMS Gradient(m/km) - GMTED2010 
  7  25.883892  -2.769430   442.772   442.468  4 52477.84598562 52.326
  8  25.901442  -2.784515   442.093   442.089  3 52512.84592367 52.162
  9  25.889708  -2.777073   441.740   441.681  4 52547.84596670 51.146
 10  25.894378  -2.781309   441.687   441.697  3 52582.84596985 52.566
 11  25.886048  -2.772684   442.104   442.138  5 52617.84594529 42.735
 12  25.901932  -2.785738   443.011   443.011  2 52652.84591662 54.044
 13  25.892931  -2.779139   443.617   443.851  3 52687.84591752 51.531
 14  25.891176  -2.778384   443.843   443.334  3 52722.84596462 49.847
 15  25.874086  -2.755301   443.094   443.083  4 52757.84599084 51.332
 16  25.894825  -2.782274   442.589   442.515  3 52792.84593772 50.430
 17  25.897228  -2.783750   442.331   442.418  3 52827.84600529 52.166
 18  25.898644  -2.782703   441.852   441.837  3 52862.84605055 50.765
 19  25.888264  -2.773848   441.504   441.487  4 52897.84608212 49.769
 20  25.886540  -2.772124   441.476   441.487  4 52932.84602834 52.452
 21  25.893395  -2.780586   441.505   441.474  3 52967.84603277 53.186
 22  25.881962  -2.766815   442.860   442.704  5 53002.84605961 52.357
 23  25.885987  -2.772795   443.646   443.601  4 53037.84600791 51.741
 24  25.888841  -2.775406   442.985   443.021  4 53072.84603346 50.512
 25  25.885794  -2.771678   443.045   443.039  4 53107.84600836 50.849
 26  25.890302  -2.776881   442.718   442.631  4 53142.84604261 51.637
 27  25.893423  -2.780444   442.050   441.995  3 53177.84606410 54.040
 28  25.888638  -2.776193   441.796   441.724  4 53212.84608534 50.243
 29  25.891966  -2.778984   441.225   441.180  4 53247.84605351 51.144
 30  25.886886  -2.773503   440.837   440.836  4 53282.84604520 33.752
 31  25.895323  -2.781148   441.107   441.091  3 53317.84604421 22.891
 32  25.897149  -2.782963   442.227   442.326  3 53352.84600974 49.476
 33  25.890671  -2.777847   442.817   442.783  4 53387.84600541 50.452
 34  25.899187  -2.783212   442.774   442.799  3 53422.84600489 52.925
 35  25.897518  -2.783955   443.445   443.361  3 53457.84601002 49.244
 36  25.881030  -2.765402   442.491   442.523  5 53492.84609936 50.817
 37  25.897088  -2.782633   442.420   442.462  3 53527.84607509 53.604
 38  25.882255  -2.767509   441.918   441.745  5 53562.84610762 49.768
 39  25.895958  -2.781784   441.812   441.812  2 53597.84604440 52.208
 40  25.885952  -2.772258   441.096   440.985  5 53632.84604207 52.268
 41  25.885041  -2.770994   441.255   441.263  4 53667.84606438 54.182
 42  25.897052  -2.782883   444.663   441.419  3 53702.84600620 21.102
 43  25.897363  -2.782642   441.744   441.742  3 53737.84591596 51.876
 44  25.898747  -2.783679   442.168   442.190  3 53772.84592769 53.111
 45  25.895679  -2.781863   442.443   442.456  3 53807.84591565 50.194
 47  25.894969  -2.779886   442.695   442.720  3 53877.84598540 51.190
 48  25.882498  -2.767354   441.835   441.681  5 53912.84604063 50.239
 49  25.878828  -2.762155   441.275   441.273  5 53947.84605622 51.503
 50  25.889816  -2.776242   441.035   441.022  4 53982.84599477 50.965
 51  25.893603  -2.778817   440.744   440.824  3 54017.84602287 27.878
 52  25.901925  -2.785495   441.960   441.960  2 54052.84601548 50.675
 53  25.893551  -2.780805   443.176   443.210  3 54087.84600813 50.867
 54  25.891185  -2.777600   445.106   445.117  3 54122.84593231 52.805
 55  25.890942  -2.777968   444.508   444.539  3 54157.84597178 49.884
 56  25.891913  -2.779552   444.460   444.468  3 54192.84593150 49.092
 57  25.891389  -2.778482   444.192   444.165  3 54227.84598348 51.174
 58  25.892527  -2.780174   443.761   443.702  3 54262.84600250 48.757
 59  25.892788  -2.779859   442.673   442.657  3 54297.84600720 51.593
 60  25.893415  -2.779576   441.910   441.918  3 54332.84599697 52.983
 62  25.893007  -2.780747   441.893   441.892  3 54402.84593980 51.344
 63  25.890761  -2.777918   442.708   442.694  3 54437.84589735 50.122
 64  25.894873  -2.781244   443.550   443.602  3 54472.84592516 50.081
 65  25.892137  -2.778907   444.040   444.009  3 54507.84590810 50.413
 66  25.893564  -2.780005   443.847   443.850  3 54542.84593977 48.914
 67  25.891589  -2.778553   443.906   443.916  4 54577.84591089 50.518
 68  25.892833  -2.778882   443.260   443.162  3 54612.84593142 51.888
 69  25.891313  -2.777727   442.548   442.504  3 54647.84593817 52.486
 70  25.892156  -2.780360   442.141   442.034  3 54682.84593826 50.994
 71  25.892636  -2.779603   441.453   441.495  3 54717.84588621 52.505
 72  25.891658  -2.778098   441.527   441.540  3 54752.84591122 51.253
 73  25.891680  -2.778783   442.176   442.133  3 54787.84587613 40.691
 74  25.892707  -2.778333   442.751   442.762  3 54822.84590555 51.540
 75  25.892801  -2.779906   443.249   443.248  3 54857.84587238 51.589
 76  25.890314  -2.777382   443.528   443.529  3 54892.84590811 52.095
 77  25.889618  -2.776406   443.631   443.636  3 54927.84587061 53.268
 79  25.888491  -2.774833   443.037   443.056  4 54997.84592939 51.954
 80  25.890914  -2.777903   442.495   442.484  3 55032.84591787 52.779
 81  25.892829  -2.780374   442.026   442.008  3 55067.84590606 51.472
 82  25.889648  -2.776818   441.494   441.539  3 55102.84584564 20.424
 83  25.892765  -2.780531   441.794   441.877  3 55137.84585214 50.998
 84  25.891948  -2.778844   442.866   442.912  3 55172.84581377 51.058
 85  25.892136  -2.778850   443.407   443.409  3 55207.84584729 51.779
 86  25.890486  -2.776923   443.396   443.391  4 55242.84581860 50.834
 87  25.891669  -2.779581   444.427   444.460  3 55277.84584049 49.294
 88  25.891892  -2.779829   444.736   444.721  3 55312.84580415 49.788
 89  25.892497  -2.778700   443.831   443.794  3 55347.84581161 51.778
 90  25.891554  -2.778530   443.064   443.054  4 55382.84580189 51.210
 91  25.892556  -2.778356   442.434   442.455  3 55417.84583047 50.469
 92  25.892922  -2.780491   442.107   442.055  3 55452.84581128 51.064
 93  25.893407  -2.780400   441.387   441.391  3 55487.84573258 49.810
