#  321.025  -0.110   2.402 ;Mean Elev.(m), Avg Gradient(m/km), RMS Gradient(m/km) - SRTM1     
#  305.300  -1.369   4.772 ;Mean Elev.(m), Avg Gradient(m/km), RMS Gradient(m/km) - ASTER GDEM
#  321.023  -0.175   2.095 ;Mean Elev.(m), Avg Gradient(m/km), RMS Gradient(m/km) - GMTED2010 
  6  19.179102   1.590995   320.267   320.250  5 52419.86277161 46.841
  7  19.179040   1.590369   318.568   318.565  5 52454.86279604 51.029
  8  19.184568   1.605586   318.308   318.310  6 52489.86277469 50.465
  9  19.181352   1.599051   318.433   318.282  5 52524.86275118 35.455
 10  19.180321   1.592117   319.032   319.029  5 52559.86279891 52.103
 11  19.176921   1.588424   319.640   319.632  5 52594.86280394 51.391
 12  19.183489   1.602960   320.753   320.759  5 52629.86273780 51.578
 13  19.179993   1.595950   319.314   319.274  5 52664.86276691 52.609
 14  19.185115   1.606185   317.819   317.806  6 52699.86274235 32.482
 15  19.185357   1.605742   318.474   318.493  6 52734.86277221 20.305
 16  19.180815   1.597259   319.572   319.555  5 52769.86276100 52.808
 17  19.180260   1.596770   318.499   318.457  5 52804.86279527 51.818
 18  19.181809   1.601068   319.008   319.041  4 52839.86285764 51.155
 19  19.181440   1.597830   318.571   318.560  5 52874.86289620 47.124
 20  19.185199   1.606858   319.786   319.807  6 52909.86287084 52.625
 21  19.185818   1.607387   319.417   319.430  6 52944.86281030 36.367
 23  19.180006   1.595811   319.660   319.653  5 53014.86285562 51.493
 24  19.181890   1.600047   318.591   318.521  5 53049.86283031 33.666
 25  19.176352   1.587597   318.425   318.542  5 53084.86286374 53.303
 26  19.179507   1.593853   318.312   318.479  5 53119.86283513 34.482
 27  19.177432   1.588142   317.716   317.716  6 53154.86288701 21.661
 28  19.185542   1.606013   318.029   318.028  6 53189.86288017 51.508
 29  19.182849   1.603884   317.123   317.110  4 53224.86289057 31.664
 30  19.179028   1.591722   317.872   317.897  5 53259.86286308 50.892
 31  19.175654   1.586366   318.393   318.357  5 53294.86288961 41.631
 32  19.181629   1.602391   319.599   319.604  5 53329.86286545 52.258
 33  19.183560   1.605529   320.052   320.051  5 53364.86281603 51.180
 34  19.181054   1.595836   318.331   318.322  5 53399.86283902 52.303
 35  19.182796   1.603160   317.801   317.782  5 53434.86283037 42.344
 36  19.180218   1.593247   318.558   318.438  5 53469.86287308 29.056
 37  19.179015   1.589590   318.235   318.284  6 53504.86291371 52.441
 38  19.180387   1.593765   318.236   318.253  5 53539.86291452 51.052
 39  19.179870   1.590896   317.643   317.611  5 53574.86290897 52.726
 40  19.180845   1.594140   318.730   318.737  5 53609.86285998 51.319
 41  19.181391   1.596734   318.436   318.445  5 53644.86286349 52.553
 42  19.178289   1.588438   319.296   319.253  6 53679.86287918 51.703
 43  19.183433   1.605459   319.611   319.610  5 53714.86281033 52.466
 44  19.185057   1.605208   318.482   318.497  6 53749.86272621 52.807
 45  19.183876   1.605732   317.981   317.979  6 53784.86275681 52.395
 46  19.183516   1.605125   318.326   318.355  6 53819.86271638 51.375
 47  19.178923   1.589919   318.734   318.735  6 53854.86279649 49.896
 48  19.185949   1.608062   319.305   319.284  7 53889.86280925 52.869
 49  19.173478   1.587423   317.373   317.347  3 53924.86287157 50.838
 50  19.176856   1.587194   317.686   317.657  5 53959.86286065 48.034
 51  19.182621   1.604536   318.093   318.119  5 53994.86279786 49.277
 52  19.182305   1.603430   318.545   318.529  5 54029.86285503 47.208
 53  19.183483   1.605155   320.162   320.167  5 54064.86284863 48.881
 54  19.181182   1.599968   320.689   320.706  5 54099.86281278 52.772
 55  19.181507   1.598194   319.410   319.413  5 54134.86277294 52.786
 57  19.181047   1.596560   318.540   318.493  5 54204.86277663 50.940
 58  19.181531   1.600968   319.281   319.269  5 54239.86281207 53.456
 59  19.181543   1.600236   319.121   319.101  5 54274.86282862 51.735
 61  19.182383   1.600856   318.718   318.707  5 54344.86280588 44.373
 62  19.181153   1.600934   319.133   319.145  5 54379.86276593 52.060
 63  19.181378   1.599639   319.978   319.969  5 54414.86275383 51.547
 64  19.181434   1.597946   320.371   320.374  5 54449.86273271 52.395
 65  19.182450   1.602947   319.387   319.382  4 54484.86274936 45.031
 66  19.181940   1.602083   318.941   318.941  5 54519.86274692 47.119
 67  19.181700   1.597909   318.935   318.951  5 54554.86275978 51.287
 68  19.181345   1.597601   318.904   318.818  5 54589.86274255 52.038
 69  19.181428   1.598290   318.574   318.587  5 54624.86275944 51.792
 70  19.180217   1.595490   317.908   317.913  5 54659.86276714 50.349
 71  19.181755   1.600983   318.503   318.500  5 54694.86274748 52.070
 72  19.181749   1.598630   318.448   318.418  5 54729.86272284 47.907
 73  19.181097   1.600472   319.086   319.024  5 54764.86272524 29.095
 74  19.180958   1.597223   320.253   320.253  4 54799.86271546 51.022
 75  19.180937   1.600091   319.213   319.206  5 54834.86271660 52.124
 76  19.181532   1.600183   319.055   319.055  5 54869.86271363 51.412
 77  19.180748   1.594343   318.835   318.841  5 54904.86272391 51.246
 78  19.181180   1.598713   318.873   318.862  5 54939.86270483 51.875
 79  19.181009   1.596846   319.265   319.243  5 54974.86273504 51.775
 80  19.181031   1.596727   318.223   318.265  5 55009.86274700 49.111
 81  19.181669   1.599642   317.880   317.896  5 55044.86273800 50.293
 82  19.181458   1.600529   318.256   318.222  5 55079.86271404 52.115
 83  19.181747   1.599524   318.840   318.846  5 55114.86267015 51.654
 84  19.180787   1.597590   319.499   319.524  5 55149.86266914 52.320
 85  19.181062   1.597944   320.128   320.125  5 55184.86265372 51.835
 86  19.181040   1.596828   319.569   319.562  5 55219.86266733 52.805
 87  19.181932   1.602664   319.198   319.181  5 55254.86265019 50.125
 88  19.181055   1.597608   319.713   319.724  4 55289.86265670 52.006
 89  19.180292   1.594658   319.758   319.753  5 55324.86263597 50.830
 90  19.180673   1.599037   319.222   319.222  5 55359.86263416 51.034
 91  19.180972   1.599321   318.725   318.710  5 55394.86263879 52.687
 92  19.181953   1.601700   318.611   318.609  4 55429.86265026 48.111
 93  19.182734   1.602044   319.072   319.053  5 55464.86261235 52.538
