#  281.166   0.109   2.451 ;Mean Elev.(m), Avg Gradient(m/km), RMS Gradient(m/km) - SRTM1     
#  264.249   0.086   3.188 ;Mean Elev.(m), Avg Gradient(m/km), RMS Gradient(m/km) - ASTER GDEM
#  280.977  -0.013   0.287 ;Mean Elev.(m), Avg Gradient(m/km), RMS Gradient(m/km) - GMTED2010 
  8   281.666 52478.37088364 53.57  16.156253  -2.349232 49.352
  8   281.654 52478.37088428 53.95  16.155523  -2.352542 49.352
  8   281.649 52478.37088493 53.62  16.154793  -2.355842 49.352
  8   281.646 52478.37088557 52.99  16.154073  -2.359152 49.352
  8   281.644 52478.37088622 53.73  16.153343  -2.362452 49.352
  8   281.637 52478.37088686 54.23  16.152613  -2.365762 49.352
  8   281.627 52478.37088751 52.95  16.151891  -2.369063 43.597
  8   281.625 52478.37088815 52.31  16.151161  -2.372373 43.597
  8   281.619 52478.37088880 53.28  16.150431  -2.375673 43.597
  8   281.616 52478.37088944 52.11  16.149711  -2.378983 43.597
  8   281.615 52478.37089009 50.87  16.148981  -2.382283 43.597
  8   281.613 52478.37089073 50.78  16.148251  -2.385593 43.597
  8   281.577 52478.37089138 48.88  16.147531  -2.388893 43.597
  8   281.560 52478.37089202 51.60  16.146801  -2.392203 43.597
  9   281.674 52513.37083168 37.42  16.164151  -2.375357 22.140
  9   281.667 52513.37083233 25.80  16.163421  -2.378667 22.140
  9   281.468 52513.37083297 22.66  16.162691  -2.381967 22.140
  9   281.788 52513.37083362 26.95  16.161971  -2.385277 22.140
  9   281.806 52513.37083426 38.39  16.161241  -2.388577 22.140
 10   283.171 52548.37086987 36.70  16.158553  -2.350653 20.252
 10   282.974 52548.37087052 36.49  16.157823  -2.353963 20.252
 10   282.966 52548.37087116 34.70  16.157093  -2.357263 20.252
 10   282.987 52548.37087181 31.90  16.156363  -2.360573 20.252
 10   282.766 52548.37087245 25.87  16.155643  -2.363873 20.252
 10   282.439 52548.37087310 24.73  16.154913  -2.367183 20.252
 10   282.425 52548.37087374 22.91  16.154183  -2.370483 20.252
 10   282.401 52548.37087439 23.45  16.153463  -2.373793 20.252
 10   282.424 52548.37087503 23.48  16.152733  -2.377093 20.252
 10   282.600 52548.37087568 24.26  16.152003  -2.380403 20.252
 10   282.726 52548.37087632 26.78  16.151275  -2.383703 26.041
 10   282.839 52548.37087696 32.46  16.150545  -2.387013 26.041
 10   282.821 52548.37087761 32.37  16.149825  -2.390313 26.041
 10   282.771 52548.37087825 30.47  16.149095  -2.393623 26.041
 11   284.069 52583.37087141 43.47  16.160820  -2.367449 40.517
 11   284.134 52583.37087206 48.48  16.160100  -2.370759 40.517
 11   284.145 52583.37087270 48.83  16.159370  -2.374059 40.517
 11   284.170 52583.37087335 48.39  16.158640  -2.377369 40.517
 11   284.194 52583.37087399 44.01  16.157920  -2.380669 40.517
 12   285.654 52618.37084299 53.00  16.158150  -2.348628 52.812
 12   285.622 52618.37084363 52.25  16.157415  -2.351930 44.551
 12   285.615 52618.37084428 53.26  16.156695  -2.355240 44.551
 12   285.597 52618.37084492 54.06  16.155965  -2.358540 44.551
 12   285.587 52618.37084557 52.13  16.155235  -2.361850 44.551
 12   285.579 52618.37084621 54.29  16.154515  -2.365150 44.551
 12   285.575 52618.37084686 51.32  16.153785  -2.368460 44.551
 12   285.574 52618.37084750 53.32  16.153055  -2.371760 44.551
 12   285.566 52618.37084815 52.57  16.152335  -2.375070 44.551
 12   285.563 52618.37084879 53.26  16.151605  -2.378370 44.551
 12   285.595 52618.37084944 52.57  16.150875  -2.381680 44.551
 12   285.598 52618.37085008 51.27  16.150155  -2.384980 44.551
 12   285.544 52618.37085073 53.03  16.149425  -2.388290 44.551
 12   285.521 52618.37085137 50.37  16.148695  -2.391590 44.551
 12   285.529 52618.37085202 50.84  16.147975  -2.394900 44.551
 13   284.640 52653.37082430 24.26  16.163844  -2.378442 21.806
 13   284.776 52653.37082495 24.93  16.163114  -2.381752 21.806
 13   284.914 52653.37082559 27.46  16.162384  -2.385052 21.806
 13   284.968 52653.37082624 31.27  16.161664  -2.388362 21.806
 14   282.581 52688.37082166 44.23  16.159113  -2.366216 47.791
 14   282.566 52688.37082231 45.41  16.158393  -2.369526 47.791
 14   282.519 52688.37082295 45.60  16.157663  -2.372826 47.791
 14   282.511 52688.37082360 45.59  16.156933  -2.376136 47.791
 14   282.502 52688.37082424 45.66  16.156213  -2.379436 47.791
 15   281.805 52723.37086683 34.50  16.159106  -2.360120 12.673
 15   281.530 52723.37086748 28.27  16.158376  -2.363420 12.673
 15   281.440 52723.37086812 24.18  16.157646  -2.366730 12.673
 15   281.336 52723.37086876 21.24  16.156926  -2.370030 12.673
 15   281.156 52723.37086941 20.88  16.156196  -2.373340 12.673
 15   281.198 52723.37087005 20.01  16.155466  -2.376640 12.673
 15   281.383 52723.37087070 19.21  16.154736  -2.379950 12.673
 16   282.004 52758.37088499 51.59  16.150515  -2.345933 54.929
 16   282.068 52758.37088564 48.58  16.149785  -2.349233 54.929
 16   282.132 52758.37088693 51.02  16.148335  -2.355843 54.929
 16   282.132 52758.37088757 52.03  16.147605  -2.359153 54.929
 16   281.946 52758.37088821 51.95  16.146875  -2.362453 54.929
 16   281.860 52758.37089144 51.07  16.143245  -2.378983 54.929
 16   281.851 52758.37089208 53.01  16.142515  -2.382283 54.929
 16   281.841 52758.37089273 53.88  16.141795  -2.385593 54.929
 16   281.817 52758.37089337 53.56  16.141065  -2.388893 54.929
 16   281.779 52758.37089402 50.46  16.140335  -2.392203 54.929
 17   282.298 52793.37084186 51.47  16.160063  -2.368534 43.954
 17   282.248 52793.37084251 50.96  16.159343  -2.371834 43.954
 17   282.259 52793.37084315 52.86  16.158613  -2.375144 43.954
 17   282.307 52793.37084380 51.42  16.157883  -2.378444 43.954
 17   282.322 52793.37084444 50.80  16.157153  -2.381754 43.954
 18   282.127 52828.37091008 47.29  16.161497  -2.371247 28.218
 18   282.038 52828.37091072 47.41  16.160777  -2.374547 28.218
 18   282.010 52828.37091137 50.35  16.160047  -2.377857 28.218
 18   282.007 52828.37091201 48.59  16.159317  -2.381157 28.218
 18   282.002 52828.37091266 45.76  16.158587  -2.384467 28.218
 19   282.120 52863.37095534 22.05  16.162960  -2.372860 24.030
 19   282.083 52863.37095598 19.20  16.162240  -2.376160 24.030
 19   281.849 52863.37095663 19.20  16.161510  -2.379470 24.030
 19   282.265 52863.37095727 22.30  16.160780  -2.382770 24.030
 19   282.318 52863.37095792 35.47  16.160060  -2.386080 24.030
 20   282.949 52898.37098207 50.72  16.157979  -2.357567 54.336
 20   282.931 52898.37098271 49.53  16.157249  -2.360867 54.336
 20   282.915 52898.37098336 50.67  16.156529  -2.364177 54.336
 20   282.912 52898.37098400 53.26  16.155799  -2.367477 54.336
 20   282.886 52898.37098465 52.27  16.155069  -2.370787 54.336
 20   282.884 52898.37098529 54.05  16.154349  -2.374087 54.336
 20   282.882 52898.37098594 53.20  16.153619  -2.377397 54.336
 20   282.921 52898.37098658 53.32  16.152889  -2.380697 54.336
 20   282.905 52898.37098723 51.27  16.152169  -2.384007 54.336
 20   282.862 52898.37098787 52.62  16.151439  -2.387307 54.336
 20   282.815 52898.37098852 52.71  16.150709  -2.390617 54.336
 20   282.785 52898.37098916 52.28  16.149979  -2.393917 54.336
 21   283.815 52933.37092571 51.56  16.158906  -2.348587 52.988
 21   283.805 52933.37092636 52.91  16.158186  -2.351897 52.988
 21   283.788 52933.37092700 52.81  16.157456  -2.355197 52.988
 21   283.763 52933.37092765 51.33  16.156726  -2.358507 52.988
 21   283.754 52933.37092829 52.18  16.156006  -2.361807 52.988
 21   283.740 52933.37092894 52.04  16.155276  -2.365117 52.988
 21   283.729 52933.37092958 51.98  16.154546  -2.368417 52.988
 21   283.716 52933.37093023 54.02  16.153826  -2.371727 52.988
 21   283.712 52933.37093087 51.76  16.153096  -2.375027 52.988
 21   283.708 52933.37093151 55.51  16.152366  -2.378337 52.988
 21   283.698 52933.37093216 52.20  16.151646  -2.381637 52.988
 21   283.692 52933.37093280 52.39  16.150916  -2.384947 52.988
 21   283.686 52933.37093345 51.78  16.150186  -2.388247 52.988
 21   283.669 52933.37093409 51.91  16.149466  -2.391557 52.988
 21   283.655 52933.37093474 54.13  16.148736  -2.394857 52.988
 22   284.754 52968.37093756 46.38  16.159459  -2.361723 42.923
 22   284.785 52968.37093821 47.65  16.158729  -2.365023 42.923
 22   284.766 52968.37093885 47.35  16.157999  -2.368333 42.923
 22   284.768 52968.37093950 47.50  16.157279  -2.371633 42.923
 22   284.738 52968.37094014 47.55  16.156549  -2.374943 42.923
 22   284.740 52968.37094079 46.27  16.155819  -2.378243 42.923
 23   284.404 53003.37095731 42.45  16.154973  -2.348053 31.278
 23   284.391 53003.37095795 45.37  16.154243  -2.351353 31.278
 23   284.317 53003.37095860 45.16  16.153513  -2.354663 31.278
 23   284.383 53003.37095924 46.73  16.152793  -2.357963 31.278
 23   284.333 53003.37095989 45.19  16.152063  -2.361273 31.278
 23   284.339 53003.37096053 44.85  16.151333  -2.364573 31.278
 23   284.271 53003.37096118 42.58  16.150603  -2.367883 31.278
 23   284.262 53003.37096182 41.71  16.149883  -2.371183 31.278
 23   284.232 53003.37096247 41.79  16.149153  -2.374493 31.278
 23   284.249 53003.37096311 43.61  16.148423  -2.377793 31.278
 23   284.285 53003.37096376 45.70  16.147703  -2.381103 31.278
 23   284.268 53003.37096440 41.37  16.146973  -2.384403 31.278
 23   284.251 53003.37096505 39.71  16.146243  -2.387713 31.278
 23   284.187 53003.37096569 40.37  16.145513  -2.391013 31.278
 23   284.111 53003.37096634 37.61  16.144793  -2.394323 31.278
 24   282.906 53038.37090657 53.38  16.157762  -2.348730 52.929
 24   282.816 53038.37090722 51.30  16.157042  -2.352030 52.929
 24   282.780 53038.37090786 52.42  16.156312  -2.355340 52.929
 24   282.831 53038.37090850 51.81  16.155582  -2.358640 52.929
 24   282.850 53038.37090915 51.10  16.154862  -2.361950 52.929
 24   282.829 53038.37090979 51.95  16.154132  -2.365250 52.929
 24   282.835 53038.37091044 52.09  16.153402  -2.368560 52.929
 24   282.816 53038.37091108 51.61  16.152682  -2.371860 52.929
 24   282.821 53038.37091173 53.10  16.151952  -2.375170 52.929
 24   282.712 53038.37091237 52.75  16.151222  -2.378470 52.929
 24   282.659 53038.37091302 48.54  16.150502  -2.381780 52.929
 24   282.650 53038.37091366 47.70  16.149772  -2.385080 52.929
 24   282.599 53038.37091431 46.82  16.149042  -2.388390 52.929
 24   282.590 53038.37091495 50.44  16.148322  -2.391690 52.929
 24   282.570 53038.37091560 51.56  16.147592  -2.395000 52.929
 25   281.647 53073.37093535 53.30  16.158240  -2.353786 52.232
 25   281.632 53073.37093599 51.49  16.157510  -2.357096 52.232
 25   281.614 53073.37093664 51.44  16.156790  -2.360396 52.232
 25   281.601 53073.37093728 52.21  16.156060  -2.363706 52.232
 25   281.590 53073.37093793 51.53  16.155330  -2.367006 52.232
 25   281.571 53073.37093857 53.74  16.154610  -2.370316 52.232
 25   281.561 53073.37093922 52.94  16.153880  -2.373616 52.232
 25   281.548 53073.37093986 52.26  16.153150  -2.376926 52.232
 25   281.532 53073.37094050 53.00  16.152420  -2.380226 52.232
 25   281.521 53073.37094115 52.43  16.151700  -2.383536 52.232
 25   281.507 53073.37094179 53.24  16.150970  -2.386836 52.232
 25   281.489 53073.37094244 51.33  16.150240  -2.390146 52.232
 25   281.470 53073.37094308 53.43  16.149519  -2.393447 31.253
 26   281.419 53108.37090702 51.78  16.157643  -2.350551 50.283
 26   281.357 53108.37090767 50.38  16.156923  -2.353851 50.283
 26   281.404 53108.37090831 49.32  16.156193  -2.357161 50.283
 26   281.400 53108.37090896 48.97  16.155463  -2.360461 50.283
 26   281.396 53108.37090960 47.58  16.154743  -2.363771 50.283
 26   281.368 53108.37091025 46.76  16.154013  -2.367071 50.283
 26   281.380 53108.37091089 50.09  16.153283  -2.370381 50.283
 26   281.356 53108.37091154 50.60  16.152563  -2.373681 50.283
 26   281.345 53108.37091218 52.02  16.151833  -2.376991 50.283
 26   281.300 53108.37091283 49.18  16.151103  -2.380291 50.283
 26   281.275 53108.37091347 46.75  16.150383  -2.383601 50.283
 26   281.197 53108.37091411 43.91  16.149653  -2.386901 50.283
 26   281.053 53108.37091476 40.46  16.148923  -2.390211 50.283
 26   281.158 53108.37091540 40.54  16.148203  -2.393511 50.283
 27   281.757 53143.37094579 52.31  16.157950  -2.360041 47.241
 27   281.742 53143.37094644 50.16  16.157220  -2.363351 47.241
 27   281.734 53143.37094708 53.33  16.156490  -2.366651 47.241
 27   281.713 53143.37094773 52.78  16.155760  -2.369961 47.241
 27   281.702 53143.37094837 51.68  16.155040  -2.373261 47.241
 27   281.682 53143.37094902 50.84  16.154310  -2.376571 47.241
 27   281.672 53143.37094966 49.72  16.153580  -2.379871 47.241
 27   281.675 53143.37095031 52.26  16.152860  -2.383181 47.241
 27   281.658 53143.37095095 51.45  16.152130  -2.386481 47.241
 27   281.632 53143.37095160 49.68  16.151400  -2.389791 47.241
 27   281.593 53143.37095224 47.18  16.150676  -2.393091 29.350
 27   281.565 53143.37095288 50.86  16.149946  -2.396401 29.350
 28   281.492 53178.37096696 47.70  16.159976  -2.365882 41.392
 28   281.468 53178.37096760 51.43  16.159246  -2.369192 41.392
 28   281.423 53178.37096825 51.76  16.158516  -2.372492 41.392
 28   281.404 53178.37096889 50.14  16.157796  -2.375802 41.392
 28   281.415 53178.37096954 52.61  16.157066  -2.379102 41.392
 29   281.203 53213.37098594 28.64  16.158033  -2.355317 10.277
 29   281.245 53213.37098658 24.81  16.157303  -2.358627 10.277
 29   281.006 53213.37098723 21.80  16.156583  -2.361927 10.277
 29   280.823 53213.37098787 20.12  16.155853  -2.365237 10.277
 29   280.780 53213.37098852 19.96  16.155123  -2.368537 10.277
 29   280.671 53213.37098916 21.76  16.154393  -2.371847 10.277
 29   280.652 53213.37098981 21.04  16.153673  -2.375147 10.277
 29   280.642 53213.37099045 18.92  16.152943  -2.378457 10.277
 29   280.692 53213.37099110 18.56  16.152213  -2.381757 10.277
 29   280.890 53213.37099174 18.82  16.151493  -2.385067 10.277
 29   280.929 53213.37099239 20.82  16.150763  -2.388367 10.277
 29   280.999 53213.37099303 24.03  16.150033  -2.391677 10.277
 29   281.030 53213.37099368 25.54  16.149303  -2.394977 10.277
 30   282.033 53248.37095669 40.38  16.158861  -2.364585 34.725
 30   282.055 53248.37095733 42.73  16.158131  -2.367895 34.725
 30   282.056 53248.37095798 44.83  16.157411  -2.371195 34.725
 30   282.024 53248.37095862 39.97  16.156681  -2.374505 34.725
 30   281.937 53248.37095927 35.67  16.155951  -2.377805 34.725
 31   282.692 53283.37094579 51.34  16.157524  -2.348328 51.604
 31   282.685 53283.37094644 52.34  16.156794  -2.351628 51.604
 31   282.547 53283.37094708 52.57  16.156064  -2.354938 51.604
 31   282.563 53283.37094773 53.28  16.155344  -2.358238 51.604
 31   282.554 53283.37094837 50.34  16.154614  -2.361548 51.604
 31   282.567 53283.37094902 52.43  16.153884  -2.364848 51.604
 31   282.577 53283.37094966 52.63  16.153154  -2.368158 51.604
 31   282.534 53283.37095031 52.64  16.152434  -2.371458 51.604
 31   282.559 53283.37095095 52.43  16.151704  -2.374768 51.604
 31   282.563 53283.37095160 52.41  16.150974  -2.378068 51.604
 31   282.546 53283.37095224 49.66  16.150244  -2.381378 51.604
 31   282.522 53283.37095289 48.83  16.149524  -2.384678 51.604
 31   282.464 53283.37095353 47.00  16.148794  -2.387988 51.604
 31   282.496 53283.37095418 52.41  16.148064  -2.391288 51.604
 31   282.441 53283.37095482 50.87  16.147334  -2.394598 51.604
 32   283.937 53318.37094681 47.29  16.161246  -2.368697 51.493
 32   283.959 53318.37094745 50.83  16.160516  -2.372007 51.493
 32   283.922 53318.37094810 51.43  16.159786  -2.375307 51.493
 32   283.925 53318.37094874 51.71  16.159056  -2.378617 51.493
 32   283.969 53318.37094939 49.05  16.158336  -2.381917 51.493
 33   284.366 53353.37091359 31.83  16.162003  -2.371160 25.066
 33   284.130 53353.37091424 29.55  16.161273  -2.374470 25.066
 33   283.997 53353.37091488 27.44  16.160553  -2.377770 25.066
 33   284.069 53353.37091553 24.70  16.159823  -2.381080 25.066
 33   284.534 53353.37091617 24.60  16.159093  -2.384380 25.066
 34   283.059 53388.37090877 52.68  16.158143  -2.359540 50.411
 34   283.042 53388.37090941 51.29  16.157413  -2.362850 50.411
 34   283.020 53388.37091006 50.25  16.156683  -2.366150 50.411
 34   283.001 53388.37091070 51.59  16.155953  -2.369460 50.411
 34   282.986 53388.37091135 51.98  16.155233  -2.372760 50.411
 34   282.969 53388.37091199 51.32  16.154503  -2.376070 50.411
 34   282.958 53388.37091263 53.66  16.153773  -2.379370 50.411
 34   282.945 53388.37091328 50.49  16.153043  -2.382680 50.411
 34   282.933 53388.37091392 53.34  16.152323  -2.385980 50.411
 34   282.914 53388.37091457 50.57  16.151593  -2.389290 50.411
 34   282.894 53388.37091521 53.02  16.150863  -2.392590 50.411
 34   282.875 53388.37091586 53.97  16.150133  -2.395900 50.411
 35   281.536 53423.37091162 28.28  16.162488  -2.374482 23.282
 35   281.240 53423.37091226 26.45  16.161758  -2.377792 23.282
 35   281.246 53423.37091291 26.05  16.161028  -2.381092 23.282
 35   281.503 53423.37091355 30.41  16.160308  -2.384402 23.282
 35   281.473 53423.37091419 31.19  16.159578  -2.387702 23.282
 36   281.324 53458.37091606 52.35  16.161423  -2.371225 45.188
 36   281.293 53458.37091670 51.88  16.160703  -2.374525 45.188
 36   281.249 53458.37091735 51.60  16.159973  -2.377835 45.188
 36   281.213 53458.37091799 50.98  16.159243  -2.381135 45.188
 36   281.207 53458.37091864 47.01  16.158513  -2.384445 45.188
 37   281.549 53493.37099712 51.50  16.154001  -2.349548 54.841
 37   281.573 53493.37099777 51.57  16.153271  -2.352848 54.841
 37   281.558 53493.37099841 50.36  16.152541  -2.356158 54.841
 37   281.546 53493.37099906 49.50  16.151821  -2.359458 54.841
 37   281.563 53493.37099970 50.34  16.151091  -2.362768 54.841
 37   281.539 53493.37100035 50.23  16.150361  -2.366068 54.841
 37   281.535 53493.37100164 52.23  16.148911  -2.372678 54.841
 37   281.499 53493.37100228 52.00  16.148181  -2.375988 54.841
 37   281.466 53493.37100293 52.88  16.147451  -2.379288 54.841
 37   281.441 53493.37100357 53.66  16.146731  -2.382598 54.841
 37   281.395 53493.37100421 51.79  16.146001  -2.385898 54.841
 37   281.366 53493.37100486 50.80  16.145271  -2.389208 54.841
 37   281.284 53493.37100550 49.83  16.144541  -2.392508 54.841
 38   281.763 53528.37097931 27.85  16.161707  -2.372970 22.102
 38   281.664 53528.37097995 23.71  16.160987  -2.376270 22.102
 38   281.548 53528.37098060 22.96  16.160257  -2.379580 22.102
 38   281.747 53528.37098124 27.98  16.159527  -2.382880 22.102
 38   281.894 53528.37098189 42.88  16.158807  -2.386190 22.102
 39   281.707 53563.37100493 18.22  16.155444  -2.347960  9.888
 39   281.388 53563.37100558 17.42  16.154724  -2.351270  9.888
 39   281.269 53563.37100622 21.04  16.153994  -2.354570  9.888
 39   281.340 53563.37100687 23.21  16.153264  -2.357880  9.888
 39   281.507 53563.37100751 24.97  16.152534  -2.361180  9.888
 39   281.662 53563.37100816 26.47  16.151814  -2.364490  9.888
 39   281.571 53563.37100880 27.00  16.151084  -2.367790  9.888
 39   281.546 53563.37100945 25.18  16.150354  -2.371100  9.888
 39   281.614 53563.37101009 19.27  16.149634  -2.374400  9.888
 39   281.366 53563.37101074 17.07  16.148904  -2.377710  9.888
 39   281.329 53563.37101138 16.21  16.148174  -2.381010  9.888
 39   281.320 53563.37101202 15.67  16.147454  -2.384320  9.888
 39   281.090 53563.37101267 17.59  16.146724  -2.387620  9.888
 39   281.709 53563.37101331 18.25  16.145994  -2.390930  9.888
 39   281.670 53563.37101396 17.74  16.145264  -2.394230  9.888
 40   281.269 53598.37094960 25.88  16.160593  -2.371158 22.813
 40   281.175 53598.37095024 20.93  16.159873  -2.374458 22.813
 40   281.034 53598.37095088 18.61  16.159143  -2.377768 22.813
 40   281.147 53598.37095153 22.76  16.158413  -2.381068 22.813
 41   282.515 53633.37094144 27.27  16.157066  -2.349718 13.509
 41   282.331 53633.37094208 27.70  16.156336  -2.353018 13.509
 41   282.342 53633.37094273 27.22  16.155606  -2.356328 13.509
 41   282.244 53633.37094337 24.91  16.154886  -2.359628 13.509
 41   282.137 53633.37094402 22.86  16.154156  -2.362938 13.509
 41   282.097 53633.37094466 22.76  16.153426  -2.366238 13.509
 41   282.187 53633.37094531 24.18  16.152696  -2.369548 13.509
 41   282.241 53633.37094595 22.67  16.151976  -2.372848 13.509
 41   282.145 53633.37094659 23.35  16.151246  -2.376158 13.509
 41   281.998 53633.37094724 25.14  16.150516  -2.379458 13.509
 41   282.023 53633.37094788 24.50  16.149786  -2.382768 13.509
 41   282.253 53633.37094853 24.77  16.149066  -2.386068 13.509
 41   282.558 53633.37094917 37.74  16.148336  -2.389378 13.509
 41   282.550 53633.37094982 35.72  16.147606  -2.392678 13.509
 42   283.126 53668.37096361 43.82  16.156515  -2.349514 28.844
 42   283.113 53668.37096426 45.96  16.155785  -2.352814 28.844
 42   283.102 53668.37096490 49.12  16.155055  -2.356124 28.844
 42   283.094 53668.37096555 51.61  16.154325  -2.359424 28.844
 42   283.080 53668.37096619 50.77  16.153605  -2.362734 28.844
 42   283.064 53668.37096683 49.98  16.152875  -2.366034 28.844
 42   282.960 53668.37096748 37.36  16.152145  -2.369344 28.844
 42   282.608 53668.37096812 33.16  16.151425  -2.372644 28.844
 42   282.358 53668.37096877 31.20  16.150695  -2.375954 28.844
 42   282.175 53668.37096941 29.51  16.149965  -2.379254 28.844
 42   282.391 53668.37097006 27.51  16.149235  -2.382564 28.844
 42   283.093 53668.37097070 27.72  16.148515  -2.385864 28.844
 42   283.077 53668.37097135 42.46  16.147785  -2.389174 28.844
 42   282.972 53668.37097199 31.11  16.147055  -2.392474 28.844
 43   284.363 53703.37091015 51.73  16.161928  -2.371436 45.616
 43   284.339 53703.37091080 49.91  16.161198  -2.374746 45.616
 43   284.329 53703.37091144 50.60  16.160478  -2.378046 45.616
 43   284.321 53703.37091209 52.45  16.159748  -2.381356 45.616
 43   284.301 53703.37091273 48.89  16.159018  -2.384656 45.616
 44   282.891 53738.37082011 22.34  16.161911  -2.374191 16.720
 44   282.630 53738.37082076 21.28  16.161181  -2.377501 16.720
 44   282.708 53738.37082140 21.66  16.160461  -2.380801 16.720
 44   283.046 53738.37082204 25.84  16.159731  -2.384111 16.720
 45   281.677 53773.37083426 25.48  16.162268  -2.373022 19.351
 45   281.479 53773.37083490 23.62  16.161538  -2.376332 19.351
 45   281.296 53773.37083555 19.99  16.160818  -2.379632 19.351
 45   281.501 53773.37083619 21.97  16.160088  -2.382942 19.351
 45   281.560 53773.37083684 30.51  16.159358  -2.386242 19.351
 46   281.372 53808.37081981 26.70  16.161097  -2.368970 23.739
 46   281.305 53808.37082046 19.73  16.160377  -2.372280 23.739
 46   281.037 53808.37082110 18.71  16.159647  -2.375580 23.739
 46   280.876 53808.37082175 22.85  16.158917  -2.378890 23.739
 46   281.184 53808.37082239 24.86  16.158197  -2.382190 23.739
 48   281.415 53878.37088921 50.29  16.160697  -2.368365 38.396
 48   281.439 53878.37088986 52.11  16.159967  -2.371675 38.396
 48   281.432 53878.37089050 49.96  16.159247  -2.374975 38.396
 48   281.388 53878.37089115 52.46  16.158517  -2.378285 38.396
 48   281.345 53878.37089179 49.88  16.157787  -2.381585 38.396
 49   281.976 53913.37093921 51.06  16.154861  -2.350212 54.208
 49   281.915 53913.37093985 51.06  16.154141  -2.353522 54.208
 49   281.943 53913.37094050 50.77  16.153411  -2.356822 54.208
 49   281.933 53913.37094114 51.06  16.152681  -2.360132 54.208
 49   281.949 53913.37094179 51.28  16.151951  -2.363432 54.208
 49   281.932 53913.37094243 51.33  16.151231  -2.366742 54.208
 49   281.937 53913.37094308 53.86  16.150501  -2.370042 54.208
 49   281.839 53913.37094372 53.27  16.149771  -2.373352 54.208
 49   281.748 53913.37094436 53.31  16.149051  -2.376652 54.208
 49   281.723 53913.37094501 53.92  16.148321  -2.379962 54.208
 49   281.706 53913.37094565 52.86  16.147591  -2.383262 54.208
 49   281.687 53913.37094630 54.10  16.146861  -2.386572 54.208
 49   281.650 53913.37094694 51.40  16.146141  -2.389872 54.208
 49   281.634 53913.37094759 52.41  16.145411  -2.393182 54.208
 51   281.976 53983.37089564 49.55  16.158447  -2.360895 48.462
 51   281.954 53983.37089628 48.19  16.157717  -2.364205 48.462
 51   281.944 53983.37089693 50.10  16.156987  -2.367505 48.462
 51   281.921 53983.37089757 49.63  16.156267  -2.370815 48.462
 51   281.918 53983.37089822 51.23  16.155537  -2.374115 48.462
 51   281.896 53983.37089886 50.20  16.154807  -2.377425 48.462
 51   281.881 53983.37089951 51.10  16.154087  -2.380725 48.462
 51   281.870 53983.37090015 50.51  16.153357  -2.384035 48.462
 52   282.633 54018.37092667 34.32  16.159757  -2.365205 33.945
 52   282.427 54018.37092732 27.53  16.159027  -2.368515 33.945
 52   282.318 54018.37092796 28.24  16.158297  -2.371815 33.945
 52   282.001 54018.37092861 26.48  16.157567  -2.375125 33.945
 52   281.755 54018.37092925 27.02  16.156847  -2.378425 33.945
 53   283.728 54053.37092239 33.56  16.164189  -2.378302 25.521
 53   283.656 54053.37092303 29.93  16.163469  -2.381602 25.521
 53   283.544 54053.37092368 28.17  16.162739  -2.384912 25.521
 53   283.768 54053.37092432 31.87  16.162009  -2.388212 25.521
 54   285.102 54088.37091148 54.54  16.159804  -2.365456 44.727
 54   285.082 54088.37091213 50.58  16.159074  -2.368756 44.727
 54   285.083 54088.37091277 52.26  16.158354  -2.372066 44.727
 54   285.083 54088.37091342 51.42  16.157624  -2.375366 44.727
 54   285.081 54088.37091406 51.65  16.156894  -2.378676 44.727
 55   283.599 54123.37083324 38.91  16.159098  -2.363012 28.937
 55   283.304 54123.37083388 28.51  16.158368  -2.366322 28.937
 55   283.140 54123.37083453 22.91  16.157648  -2.369622 28.937
 55   282.833 54123.37083517 20.41  16.156918  -2.372932 28.937
 55   282.786 54123.37083582 21.08  16.156188  -2.376232 28.937
 55   283.511 54123.37083646 22.27  16.155458  -2.379542 28.937
 56   282.067 54158.37087411 34.94  16.158916  -2.359380 12.511
 56   281.824 54158.37087475 27.38  16.158186  -2.362680 12.511
 56   281.641 54158.37087540 21.74  16.157466  -2.365990 12.511
 56   281.521 54158.37087604 23.31  16.156736  -2.369290 12.511
 56   281.417 54158.37087669 22.30  16.156006  -2.372600 12.511
 56   281.658 54158.37087733 18.83  16.155276  -2.375900 12.511
 56   281.936 54158.37087798 21.80  16.154556  -2.379210 12.511
 56   281.863 54158.37087862 20.03  16.153826  -2.382510 12.511
 57   281.587 54193.37083440 48.84  16.158876  -2.363256 51.459
 57   281.584 54193.37083505 49.76  16.158146  -2.366566 51.459
 57   281.578 54193.37083569 50.21  16.157416  -2.369866 51.459
 57   281.569 54193.37083634 51.85  16.156686  -2.373176 51.459
 57   281.577 54193.37083698 51.26  16.155966  -2.376476 51.459
 57   281.535 54193.37083762 49.82  16.155236  -2.379786 51.459
 58   281.890 54228.37088569 50.10  16.159199  -2.361021 49.698
 58   281.884 54228.37088633 51.82  16.158469  -2.364331 49.698
 58   281.769 54228.37088698 50.30  16.157749  -2.367631 49.698
 58   281.803 54228.37088762 50.83  16.157019  -2.370941 49.698
 58   281.818 54228.37088827 52.80  16.156289  -2.374241 49.698
 58   281.785 54228.37088891 51.36  16.155569  -2.377551 49.698
 59   282.052 54263.37090519 26.40  16.159292  -2.363978 13.355
 59   281.903 54263.37090584 19.33  16.158562  -2.367278 13.355
 59   281.594 54263.37090648 17.74  16.157832  -2.370588 13.355
 59   281.386 54263.37090713 17.95  16.157102  -2.373888 13.355
 59   281.294 54263.37090777 17.15  16.156382  -2.377198 13.355
 59   281.358 54263.37090841 16.31  16.155652  -2.380498 13.355
 60   281.744 54298.37091074 45.95  16.159083  -2.366514 47.894
 60   281.754 54298.37091139 47.28  16.158353  -2.369824 47.894
 60   281.754 54298.37091203 49.59  16.157623  -2.373124 47.894
 60   281.784 54298.37091268 49.95  16.156903  -2.376434 47.894
 60   281.723 54298.37091332 46.61  16.156173  -2.379734 47.894
 61   282.062 54333.37090022 25.95  16.159813  -2.366138  7.281
 61   281.932 54333.37090086 20.74  16.159083  -2.369448  7.281
 61   281.834 54333.37090151 18.65  16.158353  -2.372748  7.281
 61   281.717 54333.37090215 19.09  16.157633  -2.376058  7.281
 61   281.728 54333.37090280 19.86  16.156903  -2.379358  7.281
 63   284.251 54403.37084341 53.17  16.159345  -2.363537 46.602
 63   284.240 54403.37084405 49.92  16.158615  -2.366847 46.602
 63   284.235 54403.37084470 49.65  16.157885  -2.370147 46.602
 63   284.206 54403.37084534 51.16  16.157165  -2.373457 46.602
 63   284.206 54403.37084599 49.66  16.156435  -2.376757 46.602
 63   284.212 54403.37084663 49.31  16.155705  -2.380067 46.602
 65   284.592 54473.37082967 52.42  16.160371  -2.366006 52.335
 65   284.588 54473.37083032 49.53  16.159641  -2.369316 52.335
 65   284.579 54473.37083096 50.58  16.158921  -2.372616 52.335
 65   284.570 54473.37083161 51.20  16.158191  -2.375926 52.335
 65   284.575 54473.37083225 52.65  16.157461  -2.379226 52.335
 66   282.786 54508.37081161 51.42  16.158746  -2.364988 48.349
 66   282.749 54508.37081226 50.10  16.158016  -2.368298 48.349
 66   282.705 54508.37081290 52.35  16.157296  -2.371598 48.349
 66   282.647 54508.37081355 51.91  16.156566  -2.374908 48.349
 66   282.677 54508.37081419 52.29  16.155836  -2.378208 48.349
 67   281.724 54543.37084393 20.85  16.159543  -2.366173 12.041
 67   281.583 54543.37084457 21.29  16.158813  -2.369473 12.041
 67   281.542 54543.37084522 19.41  16.158083  -2.372783 12.041
 67   281.657 54543.37084586 19.79  16.157363  -2.376083 12.041
 67   281.623 54543.37084651 21.68  16.156633  -2.379393 12.041
 68   281.657 54578.37081279 24.82  16.159106  -2.363360 14.118
 68   281.507 54578.37081344 20.81  16.158376  -2.366670 14.118
 68   281.428 54578.37081408 20.59  16.157656  -2.369970 14.118
 68   281.297 54578.37081472 20.06  16.156926  -2.373280 14.118
 68   281.469 54578.37081537 17.97  16.156196  -2.376580 14.118
 68   281.544 54578.37081601 16.85  16.155466  -2.379890 14.118
 69   281.806 54613.37083428 27.41  16.159758  -2.364996 17.411
 69   281.661 54613.37083493 23.67  16.159028  -2.368306 17.411
 69   281.546 54613.37083557 24.51  16.158298  -2.371606 17.411
 69   281.662 54613.37083622 26.23  16.157578  -2.374916 17.411
 69   281.837 54613.37083686 27.39  16.156848  -2.378216 17.411
 70   282.107 54648.37084103 49.50  16.158666  -2.362261 38.218
 70   282.108 54648.37084168 50.11  16.157936  -2.365571 38.218
 70   282.085 54648.37084232 46.94  16.157206  -2.368871 38.218
 70   282.102 54648.37084297 47.90  16.156476  -2.372181 38.218
 70   282.075 54648.37084361 44.87  16.155756  -2.375481 38.218
 70   282.007 54648.37084426 42.50  16.155026  -2.378791 38.218
 71   281.736 54683.37084113 52.65  16.158895  -2.364639 40.852
 71   281.709 54683.37084177 51.10  16.158175  -2.367939 40.852
 71   281.767 54683.37084242 51.58  16.157445  -2.371249 40.852
 71   281.740 54683.37084306 52.54  16.156715  -2.374549 40.852
 71   281.689 54683.37084371 49.96  16.155995  -2.377859 40.852
 72   282.596 54718.37078843 35.14  16.159284  -2.365641 36.598
 72   282.483 54718.37078908 26.51  16.158554  -2.368951 36.598
 72   282.442 54718.37078972 25.54  16.157834  -2.372251 36.598
 72   282.507 54718.37079036 25.82  16.157104  -2.375561 36.598
 72   282.464 54718.37079101 32.77  16.156374  -2.378861 36.598
 73   283.200 54753.37081409 43.22  16.159069  -2.361200 27.962
 73   283.118 54753.37081473 40.46  16.158339  -2.364510 27.962
 73   283.082 54753.37081538 37.36  16.157609  -2.367810 27.962
 73   283.095 54753.37081602 35.29  16.156879  -2.371120 27.962
 73   283.251 54753.37081667 34.45  16.156159  -2.374420 27.962
 73   283.171 54753.37081731 28.24  16.155429  -2.377730 27.962
 74   284.415 54788.37077900 35.52  16.158999  -2.360340 20.361
 74   284.185 54788.37077964 31.54  16.158279  -2.363640 20.361
 74   284.007 54788.37078029 27.08  16.157549  -2.366950 20.361
 74   283.768 54788.37078093 27.14  16.156819  -2.370250 20.361
 74   283.436 54788.37078158 28.30  16.156089  -2.373560 20.361
 74   283.402 54788.37078222 26.12  16.155369  -2.376860 20.361
 74   284.020 54788.37078287 25.27  16.154639  -2.380170 20.361
 75   284.768 54823.37080906 45.03  16.159264  -2.364998 30.950
 75   284.748 54823.37080971 40.45  16.158534  -2.368298 30.950
 75   284.754 54823.37081035 40.87  16.157814  -2.371608 30.950
 75   284.743 54823.37081100 37.95  16.157084  -2.374908 30.950
 75   284.695 54823.37081164 36.02  16.156354  -2.378218 30.950
 76   282.672 54858.37077524 35.93  16.159148  -2.365480 18.463
 76   282.537 54858.37077589 33.91  16.158428  -2.368780 18.463
 76   282.531 54858.37077653 34.83  16.157698  -2.372090 18.463
 76   282.596 54858.37077718 33.92  16.156968  -2.375390 18.463
 76   282.553 54858.37077782 32.96  16.156238  -2.378700 18.463
 77   282.302 54893.37081098 28.78  16.158222  -2.360313 20.289
 77   282.218 54893.37081162 24.65  16.157492  -2.363623 20.289
 77   282.049 54893.37081227 22.20  16.156762  -2.366923 20.289
 77   281.969 54893.37081291 22.57  16.156042  -2.370233 20.289
 77   281.861 54893.37081356 19.39  16.155312  -2.373533 20.289
 77   281.841 54893.37081420 18.17  16.154582  -2.376843 20.289
 77   282.094 54893.37081484 17.63  16.153852  -2.380143 20.289
 77   282.291 54893.37081549 28.16  16.153132  -2.383453 20.289
 77   282.138 54893.37081613 30.31  16.152402  -2.386753 20.289
 77   282.168 54893.37081678 28.94  16.151672  -2.390063 20.289
 77   282.123 54893.37081742 27.19  16.150952  -2.393364 20.129
 77   282.150 54893.37081807 26.04  16.150222  -2.396674 20.129
 78   281.613 54928.37077155 52.43  16.158422  -2.358351 53.280
 78   281.590 54928.37077219 51.24  16.157692  -2.361651 53.280
 78   281.587 54928.37077284 52.57  16.156962  -2.364961 53.280
 78   281.570 54928.37077348 53.09  16.156242  -2.368261 53.280
 78   281.543 54928.37077412 52.97  16.155512  -2.371571 53.280
 78   281.535 54928.37077477 51.79  16.154782  -2.374871 53.280
 78   281.512 54928.37077541 51.45  16.154052  -2.378181 53.280
 78   281.501 54928.37077606 53.46  16.153332  -2.381481 53.280
 78   281.470 54928.37077670 51.91  16.152602  -2.384791 53.280
 78   281.451 54928.37077735 52.82  16.151872  -2.388091 53.280
 78   281.426 54928.37077799 44.67  16.151142  -2.391401 53.280
 78   281.413 54928.37077864 42.60  16.150422  -2.394701 53.280
 80   282.449 54998.37083000 23.68  16.158229  -2.355071  8.959
 80   282.440 54998.37083064 22.22  16.157499  -2.358381  8.959
 80   282.087 54998.37083129 25.31  16.156779  -2.361681  8.959
 80   282.071 54998.37083193 26.71  16.156049  -2.364991  8.959
 80   282.202 54998.37083258 31.39  16.155319  -2.368291  8.959
 80   282.231 54998.37083322 29.75  16.154599  -2.371601  8.959
 80   282.176 54998.37083386 24.94  16.153869  -2.374901  8.959
 80   282.222 54998.37083451 21.37  16.153139  -2.378211  8.959
 80   282.254 54998.37083515 23.11  16.152409  -2.381511  8.959
 80   282.291 54998.37083580 28.86  16.151689  -2.384821  8.959
 80   282.063 54998.37083644 23.24  16.150959  -2.388121  8.959
 80   281.921 54998.37083709 24.77  16.150229  -2.391431  8.959
 80   281.695 54998.37083773 25.09  16.149508  -2.394730 17.950
 81   282.037 55033.37082009 53.94  16.158409  -2.362922 47.538
 81   282.015 55033.37082074 52.40  16.157689  -2.366222 47.538
 81   281.988 55033.37082138 52.30  16.156959  -2.369532 47.538
 81   281.981 55033.37082203 51.48  16.156229  -2.372832 47.538
 81   281.971 55033.37082267 51.71  16.155509  -2.376142 47.538
 81   281.932 55033.37082332 51.86  16.154779  -2.379442 47.538
 82   281.770 55068.37080893 22.84  16.159282  -2.366101 14.099
 82   281.587 55068.37080958 22.55  16.158562  -2.369401 14.099
 82   281.448 55068.37081022 22.60  16.157832  -2.372711 14.099
 82   281.331 55068.37081087 20.66  16.157102  -2.376011 14.099
 82   281.513 55068.37081151 19.98  16.156382  -2.379321 14.099
 83   282.799 55103.37074658 48.57  16.158348  -2.358370 49.748
 83   282.760 55103.37074722 53.42  16.157618  -2.361670 49.748
 83   282.780 55103.37074787 52.76  16.156888  -2.364980 49.748
 83   282.744 55103.37074851 54.79  16.156168  -2.368280 49.748
 83   282.599 55103.37074916 52.76  16.155438  -2.371590 49.748
 83   282.564 55103.37074980 52.83  16.154708  -2.374890 49.748
 83   282.556 55103.37075045 52.00  16.153978  -2.378200 49.748
 83   282.525 55103.37075109 51.14  16.153258  -2.381500 49.748
 83   282.509 55103.37075173 51.49  16.152528  -2.384810 49.748
 83   282.486 55103.37075238 50.95  16.151798  -2.388110 49.748
 83   282.438 55103.37075302 40.36  16.151078  -2.391420 49.748
 83   282.405 55103.37075367 38.88  16.150348  -2.394720 49.748
 84   283.738 55138.37075566 42.98  16.159452  -2.361877 29.744
 84   283.735 55138.37075630 42.95  16.158722  -2.365187 29.744
 84   283.750 55138.37075695 43.72  16.157992  -2.368487 29.744
 84   283.753 55138.37075759 45.19  16.157272  -2.371797 29.744
 84   283.776 55138.37075824 47.32  16.156542  -2.375097 29.744
 84   283.778 55138.37075888 45.95  16.155812  -2.378407 29.744
 85   285.056 55173.37071599 50.26  16.159164  -2.362752 50.190
 85   285.055 55173.37071664 51.08  16.158434  -2.366062 50.190
 85   285.060 55173.37071728 50.39  16.157714  -2.369362 50.190
 85   285.071 55173.37071793 50.84  16.156984  -2.372672 50.190
 85   285.109 55173.37071857 52.25  16.156254  -2.375972 50.190
 85   285.060 55173.37071922 48.40  16.155524  -2.379282 50.190
 86   283.993 55208.37075016 35.39  16.159351  -2.361584 19.055
 86   283.872 55208.37075081 28.59  16.158621  -2.364894 19.055
 86   283.389 55208.37075145 25.38  16.157891  -2.368194 19.055
 86   283.279 55208.37075210 23.31  16.157171  -2.371504 19.055
 86   283.055 55208.37075274 24.22  16.156441  -2.374804 19.055
 86   283.010 55208.37075339 24.06  16.155711  -2.378114 19.055
 87   282.405 55243.37072050 35.87  16.158744  -2.359173 22.310
 87   282.383 55243.37072115 32.01  16.158014  -2.362483 22.310
 87   282.329 55243.37072179 25.09  16.157294  -2.365783 22.310
 87   282.167 55243.37072244 24.94  16.156564  -2.369093 22.310
 87   282.134 55243.37072308 25.97  16.155834  -2.372393 22.310
 87   282.246 55243.37072372 26.42  16.155104  -2.375703 22.310
 87   282.372 55243.37072437 29.96  16.154384  -2.379003 22.310
 87   282.413 55243.37072501 36.03  16.153654  -2.382313 22.310
 87   282.441 55243.37072566 45.48  16.152924  -2.385613 22.310
 87   282.491 55243.37072630 43.31  16.152194  -2.388923 22.310
 88   282.121 55278.37074336 32.66  16.159174  -2.360839 21.249
 88   282.064 55278.37074401 26.68  16.158454  -2.364139 21.249
 88   281.860 55278.37074465 23.53  16.157724  -2.367449 21.249
 88   281.763 55278.37074529 24.19  16.156994  -2.370749 21.249
 88   281.690 55278.37074594 22.61  16.156274  -2.374059 21.249
 88   281.887 55278.37074658 20.40  16.155544  -2.377359 21.249
 88   282.193 55278.37074723 24.32  16.154814  -2.380669 21.249
 89   282.615 55313.37070638 51.43  16.159080  -2.363181 48.359
 89   282.663 55313.37070702 53.62  16.158350  -2.366491 48.359
 89   282.682 55313.37070767 50.24  16.157630  -2.369791 48.359
 89   282.675 55313.37070831 50.11  16.156900  -2.373101 48.359
 89   282.698 55313.37070896 53.22  16.156170  -2.376401 48.359
 89   282.671 55313.37070960 50.24  16.155450  -2.379711 48.359
 90   282.385 55348.37071513 52.65  16.159185  -2.365505 48.963
 90   282.378 55348.37071577 52.86  16.158455  -2.368805 48.963
 90   282.363 55348.37071642 51.71  16.157735  -2.372115 48.963
 90   282.422 55348.37071706 52.44  16.157005  -2.375415 48.963
 90   282.393 55348.37071771 49.94  16.156275  -2.378725 48.963
 91   282.315 55383.37070509 48.16  16.158553  -2.362599 41.206
 91   282.300 55383.37070573 47.49  16.157823  -2.365909 41.206
 91   282.299 55383.37070638 45.47  16.157093  -2.369209 41.206
 91   282.289 55383.37070702 45.91  16.156363  -2.372519 41.206
 91   282.277 55383.37070767 46.78  16.155643  -2.375819 41.206
 91   282.267 55383.37070831 44.56  16.154913  -2.379129 41.206
 92   282.108 55418.37073334 26.53  16.159561  -2.364180 17.660
 92   281.859 55418.37073398 22.06  16.158831  -2.367490 17.660
 92   281.671 55418.37073463 21.06  16.158101  -2.370790 17.660
 92   281.652 55418.37073527 19.60  16.157371  -2.374100 17.660
 92   281.502 55418.37073592 19.55  16.156651  -2.377400 17.660
 92   281.794 55418.37073656 18.79  16.155921  -2.380710 17.660
 93   282.250 55453.37071416 46.44  16.159367  -2.365869 41.019
 93   282.258 55453.37071480 48.86  16.158647  -2.369169 41.019
 93   282.272 55453.37071545 49.28  16.157917  -2.372479 41.019
 93   282.251 55453.37071609 48.69  16.157187  -2.375779 41.019
 93   282.221 55453.37071673 45.47  16.156467  -2.379089 41.019
 94   283.069 55488.37063545 46.14  16.160024  -2.366122 36.628
 94   283.103 55488.37063609 47.89  16.159294  -2.369422 36.628
 94   283.108 55488.37063674 46.46  16.158564  -2.372732 36.628
 94   283.053 55488.37063738 45.98  16.157844  -2.376032 36.628
 94   283.060 55488.37063803 44.15  16.157114  -2.379342 36.628
