#  281.334  -1.496   2.802 ;Mean Elev.(m), Avg Gradient(m/km), RMS Gradient(m/km) - SRTM1     
#  264.502  -2.540   3.975 ;Mean Elev.(m), Avg Gradient(m/km), RMS Gradient(m/km) - ASTER GDEM
#  281.449  -0.912   3.262 ;Mean Elev.(m), Avg Gradient(m/km), RMS Gradient(m/km) - GMTED2010 
  8  16.200961  -2.145973   283.107   283.143 18 52478.37084399 41.406
  9  16.215750  -2.140698   283.085   283.137 21 52513.37078591 18.032
 10  16.204006  -2.144090   284.190   284.247 18 52548.37082958 25.559
 11  16.210625  -2.141053   285.434   285.435 20 52583.37082725 48.739
 12  16.202839  -2.145360   286.619   286.595 18 52618.37080334 51.681
 13  16.216196  -2.140479   285.580   285.621 21 52653.37077789 25.905
 14  16.208533  -2.141468   284.008   284.014 21 52688.37077783 38.681
 15  16.206724  -2.143640   283.221   283.233 20 52723.37082460 26.565
 16  16.194119  -2.147619   283.540   283.547 15 52758.37084631 47.471
 17  16.210252  -2.140483   283.778   283.861 21 52793.37079738 36.852
 18  16.212411  -2.139894   283.726   283.703 21 52828.37086495 17.927
 19  16.213866  -2.141506   283.762   283.781 21 52863.37091021 15.329
 20  16.205227  -2.142733   284.504   284.510 19 52898.37094017 48.124
 21  16.203963  -2.143671   285.153   285.167 19 52933.37088574 49.419
 22  16.207818  -2.141935   285.949   285.972 20 52968.37089469 50.954
 23  16.199316  -2.146435   285.301   285.294 17 53003.37091798 32.093
 24  16.202457  -2.145463   284.164   284.183 18 53038.37086692 39.537
 25  16.204400  -2.143917   283.202   283.213 18 53073.37089441 52.392
 26  16.203061  -2.143973   282.894   282.878 18 53108.37086673 50.020
 27  16.205575  -2.143563   283.255   283.238 20 53143.37090357 24.337
 28  16.209409  -2.141140   282.820   282.846 21 53178.37092312 17.900
 29  16.204559  -2.143797   282.460   282.475 19 53213.37094468 19.872
 30  16.207919  -2.141489   283.418   283.395 20 53248.37091317 26.520
 31  16.202251  -2.145066   284.098   284.092 18 53283.37090615 51.295
 32  16.211411  -2.140653   285.290   285.293 21 53318.37090232 51.142
 33  16.212878  -2.139804   284.756   284.721 21 53353.37086846 23.588
 34  16.205414  -2.144714   284.452   284.474 19 53388.37086686 50.830
 35  16.213735  -2.141477   282.987   283.093 22 53423.37086617 20.683
 36  16.212338  -2.139872   282.849   282.860 21 53458.37087093 51.344
 37  16.199078  -2.144630   282.929   282.975 17 53493.37095715 31.208
 38  16.212598  -2.141617   283.189   283.222 21 53528.37093418 15.244
 39  16.199784  -2.146356   283.174   283.172 17 53563.37096561 31.102
 40  16.211472  -2.139798   282.840   282.880 21 53598.37090447 19.720
 41  16.202158  -2.144807   283.928   283.974 17 53633.37090147 25.980
 42  16.201587  -2.144599   284.339   284.343 17 53668.37092364 28.996
 43  16.212809  -2.140078   285.600   285.618 21 53703.37086503 41.426
 44  16.213128  -2.141181   283.629   283.819 22 53738.37077466 25.850
 45  16.213168  -2.141666   283.009   283.001 21 53773.37078913 24.636
 46  16.211243  -2.140915   282.818   282.825 21 53808.37077533 20.726
 48  16.210871  -2.140320   282.909   282.919 21 53878.37084473 34.428
 49  16.199942  -2.145297   283.337   283.312 17 53913.37089924 29.363
 51  16.206412  -2.142760   283.353   283.408 19 53983.37085309 41.025
 52  16.208843  -2.142119   283.971   283.980 20 54018.37088316 28.788
 53  16.216178  -2.141989   284.667   284.775 22 54053.37087629 21.355
 54  16.208869  -2.142354   285.837   285.727 20 54088.37086797 27.510
 55  16.207469  -2.143228   284.724   284.731 20 54123.37079037 42.794
 56  16.206534  -2.142897   283.412   283.412 20 54158.37083188 48.522
 57  16.207241  -2.143472   283.133   283.155 20 54193.37079153 50.614
 58  16.207187  -2.142886   283.323   283.318 19 54228.37084314 50.013
 59  16.208363  -2.140886   283.525   283.512 20 54263.37086168 19.673
 60  16.208519  -2.141772   283.180   283.123 21 54298.37086691 20.174
 61  16.209237  -2.141390   283.551   283.563 21 54333.37085638 17.652
 63  16.208048  -2.142100   285.204   285.243 21 54403.37080022 37.821
 65  16.209816  -2.141263   285.540   285.596 21 54473.37078584 31.740
 66  16.207843  -2.141902   284.186   284.187 20 54508.37076810 50.543
 67  16.208977  -2.141423   283.186   283.185 21 54543.37080009 48.725
 68  16.207461  -2.143574   283.205   283.248 20 54578.37076992 35.714
 69  16.208825  -2.141910   283.279   283.313 20 54613.37079077 27.175
 70  16.207014  -2.142478   283.458   283.371 20 54648.37079816 23.038
 71  16.207961  -2.141539   283.099   283.072 20 54683.37079761 21.373
 72  16.208379  -2.142556   283.939   283.875 20 54718.37074492 32.107
 73  16.207415  -2.141420   284.475   284.472 20 54753.37077122 38.313
 74  16.207006  -2.142200   285.228   285.214 19 54788.37073645 32.480
 75  16.208345  -2.141902   285.593   285.731 20 54823.37076555 44.208
 76  16.208248  -2.142392   284.035   284.061 20 54858.37073173 37.528
 77  16.206194  -2.142181   283.697   283.720 19 54893.37076843 23.157
 78  16.205695  -2.143515   283.153   283.173 19 54928.37072964 51.300
 80  16.204755  -2.143554   283.752   283.732 19 54998.37078874 20.408
 81  16.206766  -2.143129   283.525   283.476 20 55033.37077722 26.652
 82  16.208708  -2.141353   283.237   283.176 21 55068.37076509 20.016
 83  16.205620  -2.143548   284.175   284.142 19 55103.37070467 50.329
 84  16.207795  -2.142091   284.852   284.898 20 55138.37071279 35.994
 85  16.207534  -2.142967   286.129   286.138 20 55173.37067312 50.427
 86  16.207698  -2.141804   284.770   284.758 20 55208.37070729 33.575
 87  16.206382  -2.142696   283.781   283.795 20 55243.37067827 28.923
 88  16.207152  -2.142692   283.555   283.517 19 55278.37070081 29.721
 89  16.207433  -2.143397   283.656   283.789 20 55313.37066351 29.775
 90  16.208250  -2.142414   283.959   283.957 20 55348.37067161 49.438
 91  16.206910  -2.142816   283.634   283.594 20 55383.37066222 26.952
 92  16.208636  -2.141089   283.584   283.593 20 55418.37068982 20.635
 93  16.208790  -2.141124   283.580   283.594 21 55453.37067032 20.530
 94  16.209428  -2.141371   284.256   284.266 21 55488.37059161 31.400
