#  325.965  -0.652   5.091 ;Mean Elev.(m), Avg Gradient(m/km), RMS Gradient(m/km) - SRTM1     
#  326.879  -0.454   5.418 ;Mean Elev.(m), Avg Gradient(m/km), RMS Gradient(m/km) - ASTER GDEM
#  327.528  -0.722   5.049 ;Mean Elev.(m), Avg Gradient(m/km), RMS Gradient(m/km) - GMTED2010 
  7   330.727 52451.85888716 48.09  20.527559   1.977426 31.960
  7   330.483 52451.85888780 48.18  20.526839   1.980736 31.960
  9   330.716 52521.85883787 41.72  20.535241   1.974693 29.029
  9   330.381 52521.85883852 50.84  20.534511   1.977993 29.029
 11   331.479 52591.85888309 51.42  20.530862   1.976583 33.501
 11   331.379 52591.85888373 54.08  20.530142   1.979893 33.501
 12   332.366 52626.85879873 49.24  20.544684   1.974913 38.902
 12   332.238 52626.85880002 48.45  20.543234   1.981523 38.902
 14   330.601 52696.85882398 48.97  20.538485   1.974757 32.217
 14   330.362 52696.85882527 47.99  20.537035   1.981367 32.217
 15   330.543 52731.85884838 43.09  20.542754   1.974632 23.289
 15   330.929 52731.85884967 52.25  20.541294   1.981242 23.289
 17   330.606 52801.85886369 49.02  20.536564   1.975220 32.705
 17   330.664 52801.85886433 53.44  20.535844   1.978520 32.705
 18   331.051 52836.85892973 50.74  20.537731   1.976749 31.340
 18   331.071 52836.85893037 55.61  20.537011   1.980049 31.340
 19   330.923 52871.85896977 46.94  20.538217   1.975062 32.635
 19   330.514 52871.85897106 52.12  20.536767   1.981672 32.635
 21   331.352 52941.85889209 51.69  20.539654   1.976406 36.373
 21   331.244 52941.85889274 54.91  20.538934   1.979706 36.373
 21   331.445 52941.85889338 50.84  20.538204   1.983016 36.373
 23   331.015 53011.85894592 36.18  20.531946   1.976431 20.312
 23   331.131 53011.85894656 39.24  20.531216   1.979741 20.312
 25   330.202 53081.85894668 45.85  20.529301   1.975668 32.184
 25   330.880 53081.85894732 55.13  20.528581   1.978978 32.184
 26   331.099 53116.85891720 46.07  20.530643   1.976097 31.843
 26   330.575 53116.85891785 51.53  20.529913   1.979407 31.843
 27   330.496 53151.85896609 43.68  20.530166   1.975400 31.653
 27   330.603 53151.85896674 53.07  20.529436   1.978710 31.653
 28   330.167 53186.85895237 55.29  20.543381   1.975598 35.991
 28   330.051 53186.85895366 51.76  20.541931   1.982208 35.991
 29   329.944 53221.85897662 49.67  20.536958   1.975562 29.281
 29   329.730 53221.85897726 54.03  20.536228   1.978872 29.281
 30   329.725 53256.85895289 13.37  20.531292   1.975457 18.092
 30   329.554 53256.85895353 17.45  20.530562   1.978757 18.092
 31   331.346 53291.85896922 31.99  20.527420   1.976958 15.171
 31   330.873 53291.85896987 32.42  20.526700   1.980258 15.171
 32   331.341 53326.85894307 49.65  20.538478   1.976613 35.696
 32   331.329 53326.85894371 52.75  20.537748   1.979923 35.696
 32   331.263 53326.85894436 53.00  20.537028   1.983223 35.696
 33   331.655 53361.85889926 54.10  20.539910   1.975998 34.271
 33   331.802 53361.85890055 52.18  20.538460   1.982608 34.271
 35   329.354 53431.85891148  0.53  20.538645   1.975202 15.524
 35   330.077 53431.85891277  2.17  20.537195   1.981822 15.524
 37   331.073 53501.85900032 41.92  20.529116   1.976917 25.660
 37   330.558 53501.85900096 37.85  20.528386   1.980227 25.660
 38   330.407 53536.85899167 48.60  20.535903   1.975089 32.632
 38   330.293 53536.85899232 55.44  20.535183   1.978399 32.632
 40   330.422 53606.85894542 10.67  20.535718   1.975022 21.128
 40   330.345 53606.85894607 12.24  20.534988   1.978332 21.128
 42   331.667 53676.85896541 42.68  20.530078   1.976984 28.283
 42   331.367 53676.85896606 47.96  20.529358   1.980294 28.283
 43   331.420 53711.85889422 54.45  20.539520   1.976240 37.672
 43   331.521 53711.85889486 53.21  20.538790   1.979540 37.672
 43   331.446 53711.85889551 52.11  20.538070   1.982850 37.672
 44   330.644 53746.85880585 52.00  20.538922   1.976559 44.321
 44   330.620 53746.85880649 53.32  20.538192   1.979859 44.321
 44   330.438 53746.85880714 52.31  20.537472   1.983169 44.321
 45   330.487 53781.85883687 53.83  20.539712   1.976275 35.057
 45   330.427 53781.85883752 52.54  20.538982   1.979585 35.057
 45   330.209 53781.85883816 51.62  20.538252   1.982895 35.057
 46   330.355 53816.85880343 35.05  20.538817   1.976687 19.226
 46   330.361 53816.85880408 44.46  20.538087   1.979987 19.226
 46   330.770 53816.85880472 44.75  20.537367   1.983297 19.226
 48   331.434 53886.85887998 49.97  20.544829   1.973577 38.047
 48   331.200 53886.85888127 50.46  20.543369   1.980187 38.047
 50   329.891 53956.85894859 48.16  20.527072   1.977253 31.811
 50   330.199 53956.85894923 54.85  20.526342   1.980553 31.811
 51   330.357 53991.85886951 52.31  20.538924   1.975557 33.476
 51   330.311 53991.85887080 53.42  20.537464   1.982167 33.476
 52   331.483 54026.85893433 51.22  20.536463   1.976667 22.714
 52   330.992 54026.85893498 51.64  20.535743   1.979967 22.714
 53   332.073 54061.85892697 52.36  20.541108   1.975206 37.212
 53   331.921 54061.85892826 51.55  20.539658   1.981816 37.212
 55   331.290 54131.85884926 52.11  20.536216   1.975775 36.719
 55   331.410 54131.85884991 54.34  20.535496   1.979075 36.719
 57   330.787 54201.85885238 52.75  20.535129   1.976731 34.431
 57   330.803 54201.85885303 56.16  20.534399   1.980031 34.431
 58   331.324 54236.85888875 52.30  20.536485   1.977035 37.131
 58   331.165 54236.85888940 53.79  20.535755   1.980345 37.131
 59   331.072 54271.85890889 53.23  20.536269   1.976566 35.364
 59   331.084 54271.85890953 51.64  20.535539   1.979876 35.364
 60   330.467 54306.85891088 51.57  20.536127   1.976603 37.240
 60   330.287 54306.85891153 56.71  20.535407   1.979913 37.240
 61   330.970 54341.85889151 52.51  20.536821   1.977202 35.813
 61   330.987 54341.85889215 52.74  20.536091   1.980512 35.813
 62   330.848 54376.85884583 53.54  20.535611   1.976904 33.753
 62   330.904 54376.85884647 52.36  20.534881   1.980214 33.753
 63   331.670 54411.85883816 51.64  20.535520   1.976017 36.857
 63   331.849 54411.85883880 55.60  20.534790   1.979317 36.857
 64   331.879 54446.85881019 52.36  20.535979   1.975294 37.964
 64   331.970 54446.85881084 55.10  20.535259   1.978604 37.964
 66   331.030 54516.85882431 50.34  20.536758   1.976345 31.824
 66   330.927 54516.85882496 54.88  20.536028   1.979655 31.824
 68   330.916 54586.85882032 50.47  20.536203   1.975199 32.267
 68   330.903 54586.85882097 55.58  20.535473   1.978509 32.267
 69   330.670 54621.85883899 48.96  20.535564   1.975522 28.705
 69   330.754 54621.85883964 53.30  20.534834   1.978832 28.705
 71   330.586 54691.85883230 44.80  20.535827   1.975318 21.468
 71   330.799 54691.85883294 49.78  20.535097   1.978618 21.468
 73   331.301 54761.85880901 44.66  20.535227   1.974823 29.174
 73   331.151 54761.85880965 53.07  20.534497   1.978123 29.174
 74   332.343 54796.85879352 49.76  20.534936   1.976036 33.828
 74   332.221 54796.85879417 54.40  20.534206   1.979346 33.828
 77   331.241 54901.85880835 45.90  20.534206   1.974894 28.294
 77   331.150 54901.85880900 53.62  20.533476   1.978194 28.294
 78   331.431 54936.85877918 50.33  20.536287   1.977064 29.580
 78   331.322 54936.85877982 51.60  20.535557   1.980374 29.580
 83   330.954 55111.85875166 50.44  20.535814   1.976797 23.482
 83   331.036 55111.85875231 54.98  20.535084   1.980107 23.482
 84   331.524 55146.85875266 46.76  20.534550   1.974848 30.354
 84   331.422 55146.85875330 53.63  20.533830   1.978148 30.354
 85   331.663 55181.85873029 49.79  20.536063   1.974697 38.768
 85   331.752 55181.85873094 55.43  20.535333   1.978007 38.768
 87   331.550 55251.85872669 51.54  20.537369   1.976452 24.196
 87   331.175 55251.85872734 49.53  20.536639   1.979762 24.196
 88   331.581 55286.85874096 50.77  20.534808   1.975173 28.324
 88   331.813 55286.85874160 52.88  20.534078   1.978473 28.324
 89   331.428 55321.85871664 48.73  20.534062   1.975181 28.185
 89   331.568 55321.85871729 51.83  20.533332   1.978491 28.185
 90   331.214 55356.85871628 53.67  20.534786   1.976147 28.822
 90   331.088 55356.85871692 56.32  20.534056   1.979457 28.822
 91   330.704 55391.85871756 52.38  20.535082   1.975870 27.409
 91   330.675 55391.85871821 54.70  20.534352   1.979180 27.409
 92   330.591 55426.85873259 51.52  20.536459   1.975544 27.974
 92   330.446 55426.85873323 56.71  20.535739   1.978844 27.974
 93   330.984 55461.85869879 52.35  20.537390   1.976044 29.731
 93   331.163 55461.85869944 54.87  20.536660   1.979344 29.731
