#  327.995  -1.474   1.251 ;Mean Elev.(m), Avg Gradient(m/km), RMS Gradient(m/km) - SRTM1     
#  324.637  -3.949   2.805 ;Mean Elev.(m), Avg Gradient(m/km), RMS Gradient(m/km) - ASTER GDEM
#  328.637  -1.359   3.086 ;Mean Elev.(m), Avg Gradient(m/km), RMS Gradient(m/km) - GMTED2010 
  8  20.711597   1.991802   331.718   331.733  3 52488.36003226 51.337
  9  20.707357   1.986949   331.980   331.994  5 52523.36000709 50.868
 10  20.703744   1.985681   331.998   332.013  6 52558.36005778 19.294
 11  20.701718   1.985609   332.944   332.971  6 52593.36005773 52.532
 12  20.715364   1.991840   333.705   333.705  2 52628.35997964 52.198
 13  20.706188   1.986651   332.471   332.428  5 52663.36001952 19.749
 14  20.713519   1.991249   331.928   331.928  2 52698.35999380 52.899
 15  20.717150   1.991614   332.102   332.060  3 52733.36001545 16.803
 16  20.704548   1.985969   332.885   332.867  6 52768.36002195 52.011
 17  20.708641   1.989343   332.067   332.053  3 52803.36004120 52.485
 18  20.710928   1.990613   331.962   331.956  3 52838.36010454 16.167
 19  20.710031   1.990068   332.127   332.127  4 52873.36014459 51.571
 20  20.712806   1.990905   332.754   332.754  2 52908.36012708 18.274
 21  20.717567   1.992557   332.780   332.756  3 52943.36005409 51.763
 23  20.704667   1.985003   332.717   332.744  6 53013.36011374 52.367
 24  20.708254   1.988391   332.524   332.524  3 53048.36008304 50.536
 25  20.700712   1.986175   332.211   332.212  7 53083.36011900 51.167
 26  20.704061   1.985422   332.181   332.177  6 53118.36008897 47.238
 27  20.702206   1.985759   331.738   331.760  6 53153.36013947 51.719
 28  20.715898   1.991423   331.668   331.676  3 53188.36012648 48.859
 29  20.711029   1.991706   331.188   331.192  3 53223.36014420 51.013
 30  20.703342   1.986002   331.537   331.433  6 53258.36012096 17.556
 31  20.699911   1.985150   331.976   331.994  7 53293.36014295 49.012
 32  20.710631   1.990131   332.855   332.862  3 53328.36011546 49.620
 33  20.712741   1.991220   333.179   333.176  3 53363.36006850 52.338
 34  20.707035   1.986778   331.961   331.951  5 53398.36009200 50.986
 35  20.711331   1.990910   331.520   331.524  3 53433.36008202 51.869
 36  20.706607   1.985308   332.378   332.372  5 53468.36012220 51.536
 37  20.702283   1.984016   331.907   331.900  8 53503.36016997 52.183
 38  20.707051   1.985967   331.746   331.733  6 53538.36016533 48.153
 39  20.703447   1.985690   331.441   331.487  7 53573.36016626 26.003
 40  20.706726   1.986115   332.046   332.082  6 53608.36011535 30.551
 41  20.706123   1.982787   331.902   331.904  6 53643.36011778 51.226
 42  20.702282   1.985029   332.704   332.719  6 53678.36013597 51.496
 43  20.712316   1.991205   332.840   332.866  3 53713.36006304 48.861
 44  20.713779   1.991179   332.042   332.086  3 53748.35997674 52.805
 45  20.713168   1.992105   331.258   331.282  3 53783.36000734 24.637
 46  20.712106   1.991502   331.788   331.786  3 53818.35997039 51.578
 47  20.703050   1.982884   332.281   332.305  7 53853.36004919 50.221
 48  20.717070   1.991312   332.847   332.847  2 53888.36005447 50.539
 49  20.698101   1.985801   331.251   331.149  4 53923.36012489 13.040
 50  20.700043   1.984987   331.375   331.377  7 53958.36011786 50.894
 51  20.712351   1.990153   331.339   331.448  3 53993.36004416 22.601
 52  20.710810   1.990791   331.958   332.069  3 54028.36010534 29.575
 53  20.712981   1.990288   333.579   333.568  3 54063.36009930 36.024
 54  20.708162   1.989383   333.573   333.573  3 54098.36006754 51.935
 55  20.709452   1.989743   332.764   332.758  4 54133.36002244 51.632
 56  20.706327   1.985514   332.257   332.258  6 54168.36004260 31.080
 57  20.708417   1.989554   332.060   332.079  4 54203.36002629 52.111
 58  20.709633   1.988706   332.731   332.751  3 54238.36006111 52.072
 59  20.709668   1.990118   332.141   332.118  4 54273.36007942 22.771
 60  20.709463   1.989653   331.812   331.824  3 54308.36008149 51.307
 61  20.710241   1.990296   331.986   331.971  3 54343.36005958 14.329
 62  20.709276   1.990677   332.129   332.139  3 54378.36001687 51.380
 63  20.708784   1.990351   333.116   333.138  3 54413.36000761 51.231
 64  20.708928   1.989453   333.467   333.492  4 54448.35998330 50.000
 65  20.710693   1.990508   332.616   332.618  3 54483.36000103 52.195
 66  20.710137   1.989887   332.302   332.300  4 54518.35999702 51.613
 67  20.708624   1.989936   332.309   332.328  3 54553.36001292 27.535
 68  20.709365   1.990600   332.319   332.318  3 54588.35999220 52.348
 69  20.708427   1.988741   332.101   332.088  3 54623.36001084 52.445
 70  20.706387   1.986368   331.365   331.352  6 54658.36002016 52.416
 71  20.708955   1.988700   331.543   331.527  3 54693.36000100 14.633
 72  20.709693   1.989376   331.852   331.852  3 54728.35997326 52.085
 73  20.707296   1.985752   332.580   332.574  5 54763.35997995 51.889
 74  20.708300   1.989636   333.831   333.829  4 54798.35996649 50.842
 75  20.708685   1.990695   332.541   332.545  3 54833.35996873 48.121
 76  20.709641   1.989504   332.475   332.473  4 54868.35996314 43.957
 77  20.705029   1.982901   332.272   332.277  6 54903.35998028 50.760
 78  20.709668   1.990660   332.367   332.371  3 54938.35995268 52.901
 79  20.708608   1.989222   332.846   332.815  3 54973.35998499 51.574
 80  20.706492   1.985588   331.778   331.771  5 55008.36000136 50.489
 81  20.709387   1.989130   331.384   331.392  4 55043.35998954 45.346
 82  20.708785   1.988969   331.734   331.714  3 55078.35996774 44.110
 83  20.709219   1.989424   332.334   332.332  4 55113.35992256 51.549
 84  20.706607   1.985815   332.894   332.911  5 55148.35992384 52.219
 85  20.708848   1.989449   333.146   333.142  4 55183.35990379 52.935
 86  20.706649   1.985671   332.983   332.963  5 55218.35992177 49.851
 87  20.710542   1.990194   332.673   332.697  3 55253.35990002 50.754
 88  20.706909   1.986018   333.002   333.005  6 55288.35991105 46.012
 89  20.706463   1.986555   332.957   332.953  6 55323.35988811 42.687
 90  20.707094   1.986223   332.452   332.363  5 55358.35988735 26.876
 91  20.708477   1.989091   332.097   332.118  4 55393.35988963 51.132
 92  20.709855   1.989619   331.604   331.465  4 55428.35990214 21.596
 93  20.711009   1.991461   332.297   332.330  3 55463.35986588 51.215
