#  324.000  -1.663   7.380 ;Mean Elev.(m), Avg Gradient(m/km), RMS Gradient(m/km) - SRTM1     
#  314.416  -1.418   9.837 ;Mean Elev.(m), Avg Gradient(m/km), RMS Gradient(m/km) - ASTER GDEM
#  324.424  -1.140   4.010 ;Mean Elev.(m), Avg Gradient(m/km), RMS Gradient(m/km) - GMTED2010 
  7  19.964343   1.892544   325.622   325.598  4 52472.36206930 41.915
  8  19.968736   1.896395   324.841   324.855  5 52507.36204283 25.412
  9  19.978173   1.905119   326.201   326.200  4 52542.36202342 51.442
 10  19.964340   1.893204   326.209   326.209  4 52577.36207655 52.988
 11  19.966583   1.896016   327.263   327.285  5 52612.36203985 50.629
 12  19.970463   1.897559   327.554   327.559  5 52647.36202377 51.437
 14  19.966290   1.895400   325.333   325.255  5 52717.36205441 34.288
 15  19.957894   1.899405   325.854   325.844  3 52752.36207877 51.133
 16  19.967784   1.895897   326.015   326.023  6 52787.36202403 41.374
 17  19.969121   1.896550   325.377   325.397  6 52822.36209643 18.789
 18  19.973146   1.901922   325.631   325.646  4 52857.36214232 47.419
 19  19.965221   1.894904   326.285   326.293  3 52892.36217597 52.141
 20  19.966222   1.895192   326.363   326.387  4 52927.36212769 42.394
 21  19.978458   1.905453   326.868   326.870  4 52962.36209662 50.637
 22  19.964952   1.892766   327.140   327.133  4 52997.36214087 47.146
 23  19.966990   1.895396   326.033   326.067  5 53032.36209808 20.883
 24  19.973036   1.902270   325.572   325.566  4 53067.36210768 51.248
 25  19.965216   1.895008   325.119   325.139  5 53102.36210192 26.695
 26  19.974875   1.903427   326.153   326.151  4 53137.36210984 50.035
 27  19.967113   1.896734   324.827   324.801  4 53172.36215847 19.162
 28  19.966983   1.895717   324.497   324.563  5 53207.36217340 51.217
 29  19.973391   1.902470   325.373   325.375  4 53242.36213944 50.486
 30  19.969557   1.896656   325.076   325.047  6 53277.36211412 52.203
 31  19.966401   1.895737   326.034   326.044  5 53312.36214950 51.735
 32  19.970766   1.896967   326.769   326.759  6 53347.36211497 50.245
 33  19.970729   1.896498   326.505   326.528  5 53382.36207862 51.203
 34  19.978036   1.904670   325.759   325.764  3 53417.36209207 51.714
 35  19.972008   1.899255   325.163   325.139  4 53452.36209361 52.042
 36  19.961607   1.897573   325.542   325.542  2 53487.36217915 42.657
 37  19.972754   1.901049   325.684   325.681  4 53522.36216904 43.501
 38  19.962090   1.897839   325.316   325.316  2 53557.36219545 55.112
 39  19.978488   1.904411   325.068   325.068  4 53592.36213060 50.570
 40  19.963190   1.897770   324.963   324.963  2 53627.36212260 34.681
 41  19.966130   1.895525   325.323   325.296  5 53662.36214839 30.749
 42  19.969165   1.895557   326.853   326.864  5 53697.36211367 51.991
 43  19.974538   1.902733   325.855   325.858  4 53732.36203474 51.023
 45  19.974307   1.901286   325.310   325.312  4 53802.36201064 51.243
 46  19.969208   1.896490   325.742   325.742  6 53837.36202314 49.542
 47  19.969525   1.897023   325.370   325.319  5 53872.36207554 39.770
 48  19.964381   1.892574   325.259   325.261  4 53907.36211694 51.242
 49  19.959814   1.897748   324.827   324.825  3 53942.36214307 51.129
 50  19.966480   1.895084   325.306   325.310  4 53977.36209696 51.910
 51  19.971786   1.899840   325.644   325.639  5 54012.36210176 52.745
 52  19.977805   1.905581   326.558   326.578  4 54047.36211214 48.516
 54  19.969401   1.896508   326.948   326.950  5 54117.36203784 52.516
 55  19.967787   1.895335   326.008   326.024  6 54152.36205927 29.366
 56  19.969481   1.896807   324.895   325.008  5 54187.36203143 16.606
 57  19.967908   1.895112   326.051   326.051  5 54222.36206845 53.068
 58  19.969214   1.895766   325.658   325.666  6 54257.36209075 25.823
 59  19.971371   1.899317   325.613   325.594  4 54292.36209282 51.733
 60  19.972380   1.900736   325.957   325.963  4 54327.36208846 51.802
 61  19.969848   1.896571   326.065   326.072  5 54362.36203886 52.441
 62  19.971891   1.899903   326.802   326.826  4 54397.36202872 51.603
 63  19.971792   1.899631   327.212   327.207  4 54432.36198826 51.140
 64  19.972468   1.899960   327.123   327.148  4 54467.36201024 27.130
 65  19.970417   1.896746   326.564   326.554  5 54502.36200385 50.015
 66  19.971248   1.897538   325.823   325.818  6 54537.36202605 50.589
 67  19.970623   1.896486   325.810   325.807  6 54572.36200494 45.483
 68  19.969264   1.895977   325.567   325.592  5 54607.36201977 51.862
 69  19.968951   1.896325   325.635   325.627  5 54642.36202874 51.044
 70  19.968143   1.895430   325.260   325.264  6 54677.36203050 51.390
 71  19.972263   1.899808   325.680   325.693  4 54712.36198366 49.748
 72  19.968787   1.896261   325.741   325.814  5 54747.36199952 34.220
 73  19.970789   1.896672   326.742   326.752  5 54782.36197092 50.478
 74  19.969778   1.895932   326.772   326.791  5 54817.36199181 49.693
 75  19.970341   1.896256   325.843   325.831  5 54852.36196849 50.635
 77  19.967431   1.895175   325.779   325.785  6 54922.36196882 49.389
 78  19.968162   1.894771   326.225   326.217  6 54957.36199257 47.492
 79  19.966655   1.895824   326.219   326.193  4 54992.36201582 51.553
 80  19.970103   1.896711   325.498   325.498  5 55027.36200598 43.103
 81  19.970260   1.897171   325.220   325.239  6 55062.36199830 51.222
 82  19.968339   1.895130   325.505   325.533  5 55097.36194718 52.092
 83  19.969032   1.896023   326.467   326.475  5 55132.36194250 42.698
 84  19.971724   1.898852   327.067   327.058  5 55167.36190842 50.760
 85  19.968933   1.896590   326.891   326.898  6 55202.36193452 51.275
 86  19.968756   1.895942   326.330   326.335  6 55237.36191671 48.884
 87  19.969225   1.896075   326.700   326.676  6 55272.36192853 49.173
 88  19.970656   1.896573   327.254   327.234  5 55307.36189784 50.171
 89  19.970391   1.896438   326.705   326.660  5 55342.36189825 29.763
 90  19.970233   1.897258   326.267   326.302  5 55377.36189187 50.733
 91  19.970783   1.897858   325.851   325.831  6 55412.36191506 50.842
 92  19.970921   1.897995   325.590   325.561  5 55447.36190607 51.843
 93  19.971012   1.897933   325.479   325.477  6 55482.36183663 49.854
