#  338.205  -1.034   3.490 ;Mean Elev.(m), Avg Gradient(m/km), RMS Gradient(m/km) - SRTM1     
#  352.955  -1.165   4.276 ;Mean Elev.(m), Avg Gradient(m/km), RMS Gradient(m/km) - ASTER GDEM
#  340.132  -1.054   3.562 ;Mean Elev.(m), Avg Gradient(m/km), RMS Gradient(m/km) - GMTED2010 
  7  21.252530   1.974307   338.082   338.009  3 52467.85687975 22.072
  8  21.252306   1.974928   336.544   336.590  3 52502.85686972 53.397
  9  21.253271   1.976834   337.243   337.243  2 52537.85685482 52.808
 10  21.251287   1.973131   337.506   337.516  3 52572.85689344 53.212
 11  21.255326   1.978497   338.650   338.650  2 52607.85685208 45.434
 12  21.252362   1.975188   338.852   338.862  3 52642.85684844 52.067
 13  21.256040   1.978741   337.654   337.654  2 52677.85683302 55.047
 14  21.251678   1.974480   336.651   336.651  2 52712.85686811 52.924
 15  21.246178   1.966916   336.839   336.839  2 52747.85689283 53.141
 16  21.251890   1.973138   337.405   337.404  3 52782.85683425 47.558
 17  21.251242   1.973382   336.653   336.646  3 52817.85691257 52.564
 18  21.253999   1.978213   337.105   337.099  3 52852.85696338 52.561
 20  21.253103   1.976057   337.817   337.777  3 52922.85695147 52.869
 21  21.258068   1.981480   338.148   338.148  2 52957.85691807 53.732
 22  21.255957   1.980439   338.527   338.527  2 52992.85694196 51.920
 23  21.257729   1.981241   337.373   337.361  3 53027.85690756 52.782
 24  21.258552   1.981539   336.863   336.863  2 53062.85691604 52.017
 25  21.249027   1.971968   336.174   336.209  3 53097.85693356 22.520
 26  21.259858   1.983815   337.417   337.421  3 53132.85691422 44.802
 28  21.252490   1.974759   335.619   335.619  2 53202.85698866 50.425
 29  21.258732   1.982751   336.347   336.344  3 53237.85695850 52.119
 30  21.255396   1.978813   336.334   336.300  3 53272.85691649 53.884
 31  21.248890   1.972399   336.292   336.192  3 53307.85697666 27.022
 32  21.253368   1.975875   337.975   337.975  2 53342.85694393 54.264
 33  21.256617   1.980936   337.939   337.958  3 53377.85688326 51.821
 34  21.256803   1.980773   336.926   336.923  3 53412.85692068 51.361
 35  21.253505   1.976300   336.238   336.170  3 53447.85690661 38.211
 37  21.254234   1.976977   337.052   337.052  2 53517.85699296 52.793
 38  21.248327   1.969945   336.409   336.367  3 53552.85701311 54.007
 39  21.256917   1.981369   336.052   336.052  2 53587.85696586 52.633
 40  21.248018   1.970766   336.466   336.465  4 53622.85693389 50.117
 41  21.252192   1.973399   336.667   336.561  3 53657.85696174 52.887
 42  21.252307   1.976183   338.115   338.144  3 53692.85694482 53.492
 43  21.256072   1.979294   337.297   337.260  3 53727.85686867 52.374
 44  21.259151   1.983588   336.550   336.550  2 53762.85682624 52.560
 45  21.256716   1.980718   336.373   336.356  3 53797.85683624 43.401
 47  21.251996   1.974084   338.190   338.190  2 53867.85689463 48.776
 48  21.252326   1.975268   336.481   336.481  2 53902.85692618 53.516
 49  21.245557   1.965388   335.962   335.962  2 53937.85696148 54.001
 50  21.250673   1.974142   336.341   336.343  3 53972.85692592 52.802
 51  21.254719   1.978897   336.783   336.783  2 54007.85691432 23.616
 52  21.257205   1.982289   337.554   337.554  2 54042.85693841 51.930
 53  21.253980   1.976868   339.181   339.181  2 54077.85693098 52.925
 54  21.253574   1.976329   338.193   338.218  3 54112.85686973 53.568
 55  21.253132   1.975815   337.523   337.523  2 54147.85687509 51.152
 56  21.253554   1.977689   337.300   337.300  2 54182.85685847 53.319
 57  21.252664   1.975205   337.291   337.297  3 54217.85688329 52.318
 58  21.252867   1.975613   337.133   337.141  3 54252.85690934 54.211
 59  21.254851   1.978958   336.874   336.872  3 54287.85691422 52.823
 60  21.254927   1.978185   336.920   336.920  2 54322.85691103 54.169
 61  21.254743   1.978617   337.327   337.327  2 54357.85686893 52.072
 62  21.254208   1.978371   338.051   338.035  3 54392.85685145 50.155
 63  21.254854   1.978705   338.475   338.475  2 54427.85681884 51.673
 64  21.254503   1.978034   338.687   338.712  3 54462.85682949 51.325
 65  21.254912   1.978581   337.867   337.867  2 54497.85682761 52.139
 66  21.255346   1.978151   337.110   337.110  2 54532.85684287 51.870
 67  21.254530   1.977560   337.325   337.304  3 54567.85683213 50.398
 68  21.253158   1.977214   336.856   336.856  3 54602.85683846 51.313
 69  21.252771   1.976584   337.231   337.231  2 54637.85684907 53.587
 70  21.252934   1.975782   336.356   336.330  3 54672.85685202 53.873
 71  21.255266   1.979402   337.080   337.080  2 54707.85681186 51.694
 72  21.253600   1.977556   337.172   337.175  3 54742.85681796 50.084
 73  21.255218   1.979099   337.997   337.997  2 54777.85679307 53.234
 74  21.253864   1.977358   337.925   337.925  2 54812.85681097 52.087
 75  21.253947   1.977977   337.262   337.262  2 54847.85679338 53.431
 76  21.252895   1.976241   337.534   337.534  2 54882.85681417 52.599
 77  21.252538   1.974672   337.205   337.203  3 54917.85679490 52.697
 78  21.252740   1.975788   337.687   337.687  2 54952.85680864 52.625
 79  21.251738   1.973419   337.652   337.646  3 54987.85683255 52.286
 80  21.254930   1.978860   337.078   337.086  3 55022.85682529 52.034
 81  21.254116   1.977728   336.331   336.331  2 55057.85682106 53.790
 82  21.253518   1.977240   336.754   336.755  3 55092.85677647 51.704
 83  21.254037   1.976770   337.658   337.658  2 55127.85676080 51.926
 84  21.254155   1.976783   338.295   338.295  2 55162.85673731 52.800
 85  21.253299   1.976473   338.171   338.171  2 55197.85675228 53.457
 86  21.253516   1.976426   337.770   337.776  3 55232.85674157 52.198
 87  21.254036   1.977747   338.011   338.011  2 55267.85674672 52.477
 88  21.255141   1.978657   338.673   338.668  3 55302.85672215 51.025
 89  21.253595   1.977042   338.130   338.130  2 55337.85672124 53.429
 90  21.254587   1.978570   337.640   337.648  3 55372.85671135 52.053
 91  21.255028   1.978439   337.175   337.172  3 55407.85673189 53.247
 92  21.254240   1.977960   336.692   336.692  2 55442.85673013 54.779
 93  21.255270   1.978508   336.931   336.958  3 55477.85666963 53.563
