#  326.065  -0.365   1.639 ;Mean Elev.(m), Avg Gradient(m/km), RMS Gradient(m/km) - SRTM1     
#  325.556  -0.131   4.365 ;Mean Elev.(m), Avg Gradient(m/km), RMS Gradient(m/km) - ASTER GDEM
#  329.067  -1.576   4.135 ;Mean Elev.(m), Avg Gradient(m/km), RMS Gradient(m/km) - GMTED2010 
  7  20.517750   2.022053   330.395   330.407  4 52451.85889586 50.359
  8  20.525604   2.023342   330.107   330.101  3 52486.85887800 52.840
  9  20.524702   2.022620   330.330   330.330  2 52521.85884722 40.930
 11  20.521052   2.021210   331.440   331.442  4 52591.85889179 51.749
 12  20.534139   2.022845   332.329   332.328  4 52626.85880808 52.122
 13  20.524133   2.022891   331.101   331.101  3 52661.85885569 51.653
 14  20.527944   2.022688   330.044   330.044  2 52696.85883332 26.345
 15  20.532214   2.022566   330.774   330.796  4 52731.85885773 49.070
 16  20.520466   2.022119   331.442   331.446  4 52766.85886704 51.343
 17  20.526023   2.023146   330.366   330.366  2 52801.85887304 52.780
 18  20.527555   2.023023   330.920   330.918  3 52836.85893875 51.295
 19  20.527676   2.022994   330.476   330.476  2 52871.85897912 51.550
 20  20.527636   2.022337   331.410   331.410  2 52906.85897132 52.349
 21  20.529475   2.022681   331.226   331.241  3 52941.85890112 52.434
 23  20.521769   2.022715   330.955   330.972  3 53011.85895495 32.928
 24  20.523681   2.022813   330.898   330.895  3 53046.85892146 51.521
 25  20.519491   2.020296   330.521   330.516  4 53081.85895538 52.074
 26  20.520463   2.022374   330.565   330.547  3 53116.85892623 51.520
 27  20.519989   2.021679   330.297   330.290  3 53151.85897512 50.800
 28  20.532841   2.023531   329.764   329.764  4 53186.85896172 53.670
 29  20.526782   2.021848   329.525   329.528  3 53221.85898564 45.810
 30  20.521120   2.021733   330.138   330.258  3 53256.85896191 17.839
 31  20.517606   2.021579   330.184   330.097  4 53291.85897792 25.699
 32  20.528304   2.022892   331.255   331.260  3 53326.85895209 52.320
 33  20.529736   2.022274   331.605   331.615  3 53361.85890829 43.604
 35  20.528471   2.021488   327.858   327.898  3 53431.85892051  1.636
 36  20.524755   2.023683   330.822   330.824  3 53466.85895451 51.371
 37  20.519305   2.021543   330.124   330.144  4 53501.85900902 23.455
 38  20.525729   2.021369   330.107   330.106  3 53536.85900070 51.889
 39  20.520266   2.022260   329.640   329.651  4 53571.85900634 52.733
 40  20.525181   2.022960   330.336   330.336  2 53606.85895477 17.553
 41  20.522832   2.023085   330.256   330.256  3 53641.85895537 50.954
 42  20.520266   2.021611   331.171   331.169  4 53676.85897411 51.717
 43  20.529347   2.022516   331.323   331.315  3 53711.85890324 51.432
 44  20.528739   2.022832   330.290   330.288  3 53746.85881487 52.472
 45  20.529534   2.022560   330.083   330.083  3 53781.85884590 50.879
 46  20.528645   2.022967   330.145   330.092  3 53816.85881246 26.445
 47  20.521302   2.021000   330.818   330.843  3 53851.85888351 46.339
 48  20.533920   2.023162   331.246   331.247  3 53886.85888965 50.714
 49  20.516036   2.021102   329.346   329.282  5 53921.85896160 46.517
 50  20.517255   2.021880   329.755   329.755  4 53956.85895729 51.405
 51  20.528738   2.021834   329.972   329.970  3 53991.85887853 53.220
 52  20.526286   2.022947   330.314   330.300  3 54026.85894336 37.561
 53  20.530570   2.023141   331.987   331.988  4 54061.85893632 50.437
 55  20.526041   2.022053   331.192   331.230  3 54131.85885829 52.866
 56  20.524144   2.022248   330.587   330.587  2 54166.85888093 28.288
 57  20.524946   2.023008   330.575   330.579  3 54201.85886141 51.289
 58  20.526305   2.023319   331.193   331.196  3 54236.85889778 51.890
 59  20.526091   2.022850   330.960   330.956  3 54271.85891791 52.008
 60  20.525954   2.022882   330.090   330.094  3 54306.85891991 52.272
 61  20.526643   2.023482   330.693   330.699  3 54341.85890053 51.394
 62  20.525429   2.023190   330.720   330.707  3 54376.85885485 49.882
 63  20.525340   2.022297   331.532   331.528  3 54411.85884718 51.830
 64  20.525802   2.021572   331.906   331.911  3 54446.85881922 50.713
 66  20.526574   2.022623   330.877   330.882  3 54516.85883334 52.076
 67  20.525439   2.022449   330.250   330.250  2 54551.85885208 21.051
 68  20.526023   2.021478   330.803   330.819  3 54586.85882935 51.816
 69  20.525386   2.021802   330.567   330.575  3 54621.85884802 51.594
 70  20.523863   2.022773   329.561   329.563  3 54656.85885769 34.178
 71  20.525648   2.021593   330.148   330.138  3 54691.85884132 27.549
 72  20.526311   2.022414   330.320   330.320  2 54726.85881004 49.647
 73  20.524684   2.022751   330.966   330.966  2 54761.85881835 51.253
 74  20.524751   2.022313   332.254   332.258  3 54796.85880255 50.569
 75  20.524991   2.023257   331.055   331.058  3 54831.85881956 51.812
 76  20.526232   2.022188   330.974   330.974  2 54866.85879849 51.606
 77  20.524028   2.021169   330.739   330.740  3 54901.85881738 52.098
 78  20.526105   2.023341   330.825   330.816  3 54936.85878821 50.876
 79  20.525703   2.022194   331.221   331.221  2 54971.85882175 51.607
 80  20.523510   2.022829   330.204   330.204  3 55006.85883970 50.747
 81  20.525975   2.023565   329.789   329.786  3 55041.85882818 51.529
 82  20.525459   2.022247   330.103   330.103  2 55076.85880846 50.163
 83  20.525632   2.023077   330.495   330.508  3 55111.85876069 37.022
 84  20.524379   2.021123   331.283   331.273  3 55146.85876168 51.256
 85  20.525519   2.022628   331.689   331.689  2 55181.85873964 50.866
 86  20.525098   2.023689   331.617   331.625  3 55216.85875702 51.287
 87  20.527186   2.022730   330.861   330.888  3 55251.85873572 39.191
 88  20.524631   2.021447   331.475   331.462  3 55286.85874998 51.907
 89  20.523884   2.021461   331.393   331.402  3 55321.85872567 51.764
 90  20.524608   2.022428   330.962   330.962  3 55356.85872530 50.929
 91  20.524901   2.022148   330.382   330.383  3 55391.85872659 50.443
 92  20.526288   2.021819   330.384   330.387  3 55426.85874162 43.819
 93  20.527212   2.022321   330.846   330.838  3 55461.85870782 50.977
