# NaN NaN NaN ;Mean Elev.(m), Avg Gradient(m/km), RMS Gradient(m/km) - SRTM1     
# NaN NaN NaN ;Mean Elev.(m), Avg Gradient(m/km), RMS Gradient(m/km) - ASTER GDEM
#  304.091  -0.506   2.243 ;Mean Elev.(m), Avg Gradient(m/km), RMS Gradient(m/km) - GMTED2010 
  7   302.027 52457.86644186 39.14  18.124558  -0.132527 28.074
  7   301.874 52457.86644250 42.59  18.123828  -0.129217 28.074
  7   301.618 52457.86644315 43.82  18.123108  -0.125917 28.074
  8   301.422 52492.86641904 54.27  18.130633  -0.123628 15.510
  8   301.391 52492.86641969 51.63  18.129903  -0.120328 15.510
  8   301.491 52492.86642033 50.36  18.129179  -0.117020 45.366
 10   302.659 52562.86644063 47.79  18.127370  -0.129609 14.218
 10   303.384 52562.86644127 51.34  18.126650  -0.126309 14.218
 10   302.486 52562.86644192 50.46  18.125920  -0.123001 37.240
 13   302.962 52667.86642126 50.42  18.123637  -0.136518 27.302
 13   302.995 52667.86642190 51.23  18.122917  -0.133208 27.302
 13   303.062 52667.86642255 52.30  18.122187  -0.129898 27.302
 14   301.439 52702.86639865 47.88  18.129878  -0.127114 23.382
 14   301.348 52702.86639930 55.22  18.129158  -0.123804 23.382
 14   301.433 52702.86639994 50.82  18.128428  -0.120504 23.382
 16   302.452 52772.86639946 48.06  18.127443  -0.130213 16.996
 16   302.470 52772.86640010 52.24  18.126723  -0.126903 16.996
 16   302.440 52772.86640074 50.21  18.125993  -0.123603 16.996
 17   301.601 52807.86646001 30.65  18.123232  -0.137495  9.690
 17   301.642 52807.86646065 36.42  18.122512  -0.134195  9.690
 17   301.621 52807.86646129 34.71  18.121782  -0.130885  9.690
 17   301.663 52807.86646194 45.32  18.121052  -0.127575  9.690
 18   302.079 52842.86651888 53.52  18.124606  -0.133015 16.464
 18   302.144 52842.86651952 51.96  18.123876  -0.129715 16.464
 18   302.164 52842.86652017 49.69  18.123156  -0.126405 16.464
 19   301.706 52877.86655689 54.30  18.123434  -0.134468 18.839
 19   301.850 52877.86655754 50.95  18.122704  -0.131168 18.839
 19   301.762 52877.86655818 53.19  18.121984  -0.127868 18.839
 20   302.342 52912.86651688  7.03  18.129604  -0.124114  6.977
 20   302.201 52912.86651752  6.88  18.128874  -0.120804  6.977
 21   302.763 52947.86647368 49.45  18.128739  -0.127930 29.932
 21   302.812 52947.86647432 54.00  18.128009  -0.124620 29.932
 21   302.710 52947.86647497 51.65  18.127279  -0.121310 29.932
 23   303.501 53017.86650094 50.23  18.124814  -0.133263 30.899
 23   303.461 53017.86650159 52.89  18.124094  -0.129953 30.899
 23   303.448 53017.86650223 54.45  18.123364  -0.126643 30.899
 24   302.320 53052.86648314 51.68  18.127221  -0.128543 17.826
 24   302.314 53052.86648378 52.15  18.126491  -0.125243 17.826
 25   301.455 53087.86651719 52.85  18.118910  -0.143184 26.536
 25   301.345 53087.86651784 54.70  18.118190  -0.139874 26.536
 25   301.463 53087.86651848 53.35  18.117460  -0.136574 26.536
 25   301.449 53087.86651913 52.58  18.116740  -0.133264 26.536
 26   301.908 53122.86648933 22.50  18.124260  -0.132509  6.356
 26   301.675 53122.86648997 22.46  18.123540  -0.129199  6.356
 26   301.621 53122.86649062 22.67  18.122810  -0.125899  6.356
 27   301.428 53157.86654528 49.01  18.119777  -0.140827 24.565
 27   301.543 53157.86654592 49.83  18.119047  -0.137517 24.565
 27   301.205 53157.86654657 49.97  18.118327  -0.134207 24.565
 27   301.308 53157.86654721 49.74  18.117597  -0.130907 24.565
 28   301.258 53192.86654127 53.49  18.127514  -0.126317 13.487
 28   301.202 53192.86654191 54.15  18.126794  -0.123007 13.487
 30   301.357 53262.86650989 52.43  18.122891  -0.137342 30.354
 30   301.401 53262.86651053 52.30  18.122161  -0.134042 30.354
 30   301.517 53262.86651118 50.53  18.121441  -0.130732 30.354
 31   301.939 53297.86654782 52.10  18.117574  -0.142645 34.993
 31   302.002 53297.86654846 49.24  18.116844  -0.139345 34.993
 31   302.075 53297.86654911 53.87  18.116114  -0.136035 34.993
 31   302.117 53297.86654975 52.70  18.115394  -0.132725 34.993
 33   303.168 53367.86646512 49.24  18.126992  -0.130619 24.110
 33   303.226 53367.86646576 51.38  18.126262  -0.127309 24.110
 33   303.226 53367.86646641 49.38  18.125532  -0.124009 24.110
 34   301.773 53402.86649397 47.81  18.124991  -0.133168 11.304
 34   301.761 53402.86649461 50.43  18.124261  -0.129868 11.304
 34   301.472 53402.86649526 48.45  18.123531  -0.126558 11.304
 35   300.707 53437.86648286 48.34  18.125854  -0.131669 14.537
 35   300.553 53437.86648350 53.41  18.125124  -0.128369 14.537
 35   300.617 53437.86648415 47.37  18.124394  -0.125059 14.537
 36   301.719 53472.86653668 49.06  18.122304  -0.138993 23.813
 36   301.682 53472.86653732 51.60  18.121584  -0.135683 23.813
 36   301.671 53472.86653797 53.98  18.120854  -0.132383 23.813
 36   301.703 53472.86653861 50.62  18.120124  -0.129073 23.813
 37   301.557 53507.86656420 48.01  18.123490  -0.136691 26.781
 37   301.522 53507.86656485 55.03  18.122760  -0.133391 26.781
 37   301.662 53507.86656549 53.49  18.122040  -0.130081 26.781
 38   301.641 53542.86657377 52.53  18.121654  -0.136299 25.664
 38   301.817 53542.86657442 52.53  18.120934  -0.132989 25.664
 38   301.815 53542.86657506 54.83  18.120204  -0.129689 25.664
 39   301.996 53577.86655825 28.90  18.123662  -0.135616 17.662
 39   301.943 53577.86655889 15.37  18.122932  -0.132306 17.662
 39   300.220 53577.86655954 18.19  18.122212  -0.129006 17.662
 40   302.081 53612.86651079 52.65  18.122848  -0.136541 17.030
 40   301.893 53612.86651143 53.64  18.122128  -0.133241 17.030
 40   301.937 53612.86651207 52.43  18.121398  -0.129931 17.030
 41   302.333 53647.86651729 53.13  18.125856  -0.130152 44.088
 41   302.287 53647.86651794 54.05  18.125126  -0.126842 44.088
 42   302.912 53682.86653071 53.97  18.120709  -0.139254 31.425
 42   302.955 53682.86653135 50.59  18.119979  -0.135954 31.425
 42   302.911 53682.86653200 53.34  18.119259  -0.132644 31.425
 42   302.912 53682.86653264 52.75  18.118529  -0.129334 31.425
 43   303.299 53717.86645950 49.35  18.127509  -0.129938 25.115
 43   303.369 53717.86646015 51.13  18.126779  -0.126628 25.115
 43   303.410 53717.86646079 50.68  18.126059  -0.123328 25.115
 44   301.780 53752.86638074 51.93  18.129844  -0.125520 16.599
 44   301.892 53752.86638139 53.12  18.129114  -0.122210 16.599
 44   301.950 53752.86638203 49.87  18.128394  -0.118910 16.599
 45   301.176 53787.86641023 49.45  18.128106  -0.128919 15.331
 45   301.357 53787.86641087 56.60  18.127376  -0.125619 15.331
 45   301.209 53787.86641152 53.77  18.126656  -0.122309 15.331
 46   301.503 53822.86636491 49.81  18.127678  -0.129519 12.122
 46   301.464 53822.86636555 55.40  18.126948  -0.126219 12.122
 46   301.469 53822.86636620 52.06  18.126218  -0.122909 12.122
 47   301.615 53857.86645557 49.85  18.122035  -0.138227 29.300
 47   301.589 53857.86645622 55.20  18.121315  -0.134917 29.300
 47   301.573 53857.86645686 54.28  18.120585  -0.131617 29.300
 47   301.561 53857.86645751 52.09  18.119865  -0.128307 29.300
 48   302.165 53892.86647147 52.58  18.127938  -0.128726 17.243
 48   302.201 53892.86647211 53.18  18.127208  -0.125416 17.243
 48   302.199 53892.86647276 51.81  18.126488  -0.122116 17.243
 49   300.595 53927.86652846 51.00  18.116281  -0.141814 28.864
 49   300.571 53927.86652910 49.83  18.115551  -0.138514 28.864
 49   300.557 53927.86652975 51.84  18.114831  -0.135204 28.864
 50   300.977 53962.86651146 53.09  18.119554  -0.139872 30.355
 50   301.010 53962.86651211 52.68  18.118824  -0.136572 30.355
 50   301.009 53962.86651275 53.39  18.118104  -0.133262 30.355
 51   301.291 53997.86646005 51.44  18.126701  -0.129658 19.510
 51   301.356 53997.86646069 54.03  18.125971  -0.126348 19.510
 52   302.260 54032.86650982 49.68  18.126633  -0.129458 22.113
 52   302.268 54032.86651047 50.59  18.125903  -0.126158 22.113
 54   304.068 54102.86646174 50.16  18.124618  -0.133141 34.986
 54   304.077 54102.86646239 52.19  18.123898  -0.129831 34.986
 54   304.086 54102.86646303 49.86  18.123168  -0.126531 34.986
 55   302.241 54137.86643176 49.70  18.124783  -0.134434 22.458
 55   302.102 54137.86643240 55.29  18.124053  -0.131124 22.458
 55   302.152 54137.86643305 50.84  18.123323  -0.127824 22.458
 56   301.705 54172.86643948 52.71  18.124327  -0.133711 21.301
 56   301.746 54172.86644013 50.92  18.123607  -0.130411 21.301
 56   301.738 54172.86644077 48.63  18.122877  -0.127101 21.301
 57   301.469 54207.86643684 51.20  18.124072  -0.135424 21.196
 57   301.452 54207.86643749 53.83  18.123342  -0.132114 21.196
 57   301.446 54207.86643813 53.10  18.122622  -0.128814 21.196
 58   302.354 54242.86646997 52.25  18.124948  -0.132392 18.874
 58   302.349 54242.86647062 50.00  18.124218  -0.129082 18.874
 58   302.375 54242.86647126 51.38  18.123498  -0.125782 18.874
 59   302.327 54277.86648314 49.88  18.125287  -0.134727 21.387
 59   302.350 54277.86648379 51.45  18.124557  -0.131417 21.387
 59   302.386 54277.86648443 51.94  18.123827  -0.128117 21.387
 60   301.604 54312.86648378 52.31  18.125903  -0.131410 18.439
 60   301.651 54312.86648442 53.12  18.125173  -0.128100 18.439
 60   301.731 54312.86648506 50.30  18.124443  -0.124800 18.439
 61   302.174 54347.86645543 52.80  18.125168  -0.131464 19.950
 61   302.233 54347.86645608 51.05  18.124438  -0.128154 19.950
 62   303.053 54382.86642128 52.84  18.125221  -0.130976 23.048
 62   302.865 54382.86642193 51.57  18.124491  -0.127666 23.048
 63   303.526 54417.86640450 51.83  18.124493  -0.131980 30.857
 63   303.499 54417.86640514 53.05  18.123763  -0.128670 30.857
 64   303.920 54452.86639046 50.30  18.125390  -0.134172 28.552
 64   304.064 54452.86639111 50.83  18.124670  -0.130862 28.552
 64   303.969 54452.86639175 50.80  18.123940  -0.127562 28.552
 65   303.324 54487.86640244 48.98  18.126183  -0.131740 29.508
 65   303.231 54487.86640308 50.46  18.125453  -0.128430 29.508
 65   303.300 54487.86640372 50.90  18.124723  -0.125130 29.508
 66   302.098 54522.86640419 53.71  18.125887  -0.130393 13.200
 66   302.121 54522.86640484 50.37  18.125157  -0.127083 13.200
 67   302.215 54557.86641236 49.88  18.124603  -0.132005  9.325
 67   302.141 54557.86641301 49.09  18.123883  -0.128695  9.325
 68   302.120 54592.86639995 48.59  18.124745  -0.135350 17.021
 68   302.129 54592.86640059 55.24  18.124025  -0.132040 17.021
 68   302.031 54592.86640124 52.60  18.123295  -0.128740 17.021
 69   301.928 54627.86641501 50.81  18.124846  -0.134821 15.740
 69   301.928 54627.86641566 52.11  18.124126  -0.131511 15.740
 69   301.918 54627.86641630 52.77  18.123396  -0.128211 15.740
 70   300.807 54662.86642186 49.13  18.123651  -0.137038 16.404
 70   300.860 54662.86642250 54.19  18.122921  -0.133738 16.404
 70   300.806 54662.86642315 52.15  18.122201  -0.130428 16.404
 70   300.798 54662.86642379 50.29  18.121471  -0.127128 16.404
 71   301.712 54697.86639736 50.31  18.125945  -0.131336 16.105
 71   301.712 54697.86639801 53.48  18.125225  -0.128026 16.105
 71   301.796 54697.86639865 49.29  18.124495  -0.124726 16.105
 72   301.913 54732.86638008 52.78  18.124499  -0.132231 16.207
 72   301.841 54732.86638073 52.11  18.123779  -0.128931 16.207
 73   302.679 54767.86637622 27.94  18.125504  -0.132012  4.127
 73   302.329 54767.86637687 28.18  18.124784  -0.128702  4.127
 73   302.430 54767.86637751 30.58  18.124054  -0.125402  4.127
 74   303.584 54802.86637295 52.93  18.124039  -0.134158 21.062
 74   303.644 54802.86637360 51.41  18.123309  -0.130848 21.062
 74   303.579 54802.86637424 51.79  18.122589  -0.127548 21.062
 75   303.012 54837.86636943 49.21  18.125220  -0.133179 20.354
 75   303.054 54837.86637007 50.27  18.124500  -0.129869 20.354
 75   303.085 54837.86637072 50.63  18.123770  -0.126569 20.354
 76   302.237 54872.86637280 51.93  18.124322  -0.132161 18.515
 76   302.294 54872.86637345 51.79  18.123602  -0.128861 18.515
 77   301.768 54907.86637580 51.75  18.123752  -0.134927 21.297
 77   301.771 54907.86637644 51.27  18.123022  -0.131627 21.297
 77   301.876 54907.86637709 53.66  18.122302  -0.128317 21.297
 78   301.804 54942.86636517 51.40  18.124024  -0.135070 15.221
 78   301.744 54942.86636582 52.50  18.123304  -0.131760 15.221
 78   301.774 54942.86636646 50.61  18.122574  -0.128460 15.221
 79   302.384 54977.86639282 49.94  18.124265  -0.135976 19.793
 79   302.415 54977.86639347 51.87  18.123545  -0.132666 19.793
 79   302.453 54977.86639411 51.21  18.122815  -0.129366 19.793
 80   301.606 55012.86639976 51.22  18.124415  -0.133198 20.168
 80   301.586 55012.86640040 52.94  18.123695  -0.129888 20.168
 80   301.581 55012.86640104 50.70  18.122965  -0.126588 20.168
 81   301.116 55047.86639236 50.55  18.125458  -0.133180 17.634
 81   301.126 55047.86639301 52.39  18.124738  -0.129870 17.634
 81   301.280 55047.86639365 49.47  18.124008  -0.126570 17.634
 82   301.896 55082.86636343 52.63  18.124956  -0.132444 17.459
 82   301.908 55082.86636407 51.93  18.124226  -0.129134 17.459
 82   301.947 55082.86636472 49.83  18.123496  -0.125834 17.459
 83   302.116 55117.86632459 51.32  18.125375  -0.130263 15.275
 83   302.104 55117.86632523 51.94  18.124645  -0.126963 15.275
 84   303.046 55152.86632067 49.91  18.124515  -0.134841 25.264
 84   303.115 55152.86632131 51.45  18.123785  -0.131541 25.264
 84   303.158 55152.86632195 50.61  18.123065  -0.128231 25.264
 85   303.482 55187.86631159 48.82  18.124464  -0.135048 22.268
 85   303.568 55187.86631224 50.91  18.123744  -0.131738 22.268
 85   303.515 55187.86631288 51.16  18.123014  -0.128438 22.268
 86   302.914 55222.86632017 50.24  18.124503  -0.133469 18.364
 86   302.933 55222.86632082 50.72  18.123783  -0.130159 18.364
 86   302.899 55222.86632146 49.59  18.123053  -0.126859 18.364
 87   302.293 55257.86630731 48.80  18.125935  -0.133576 13.932
 87   302.319 55257.86630795 53.40  18.125215  -0.130266 13.932
 87   302.367 55257.86630860 48.11  18.124485  -0.126966 13.932
 88   302.700 55292.86630759 50.69  18.124803  -0.134209 21.112
 88   302.663 55292.86630823 53.52  18.124073  -0.130909 21.112
 88   302.633 55292.86630888 51.10  18.123353  -0.127599 21.112
 89   302.894 55327.86629116 50.02  18.123567  -0.137383 22.622
 89   303.016 55327.86629180 50.95  18.122837  -0.134083 22.622
 89   302.966 55327.86629244 51.55  18.122117  -0.130773 22.622
 89   302.907 55327.86629309 50.93  18.121387  -0.127473 22.622
 90   302.388 55362.86628707 51.46  18.124855  -0.133278 17.897
 90   302.492 55362.86628771 52.00  18.124135  -0.129968 17.897
 90   302.413 55362.86628836 50.12  18.123405  -0.126668 17.897
 91   302.575 55397.86629515 19.39  18.124727  -0.134148 11.386
 91   302.569 55397.86629580 17.13  18.124007  -0.130838 11.386
 91   302.224 55397.86629644 17.18  18.123277  -0.127538 11.386
 92   301.754 55432.86630351 54.71  18.125841  -0.129350 15.642
 92   301.948 55432.86630416 51.55  18.125111  -0.126050 15.642
 93   302.276 55467.86626101 51.34  18.125810  -0.131346 13.723
 93   302.293 55467.86626166 51.31  18.125080  -0.128036 13.723
 93   302.246 55467.86626230 44.67  18.124350  -0.124736 13.723
