#  339.003  -2.116   2.741 ;Mean Elev.(m), Avg Gradient(m/km), RMS Gradient(m/km) - SRTM1     
#  332.871  -1.999   6.307 ;Mean Elev.(m), Avg Gradient(m/km), RMS Gradient(m/km) - ASTER GDEM
#  339.720  -0.675   3.968 ;Mean Elev.(m), Avg Gradient(m/km), RMS Gradient(m/km) - GMTED2010 
  7  21.231814   2.068515   336.845   336.822  4 52467.85689812 18.866
  8  21.231594   2.069138   336.828   336.829  4 52502.85688809 51.554
  9  21.232909   2.069387   337.328   337.322  4 52537.85687287 53.186
 10  21.230564   2.067341   337.681   337.687  4 52572.85691181 53.511
 11  21.235341   2.069403   338.668   338.663  3 52607.85686981 50.239
 12  21.231639   2.069397   338.940   338.939  4 52642.85686682 52.346
 13  21.236055   2.069647   337.758   337.761  3 52677.85685075 52.924
 14  21.231316   2.067039   336.900   336.901  4 52712.85688616 51.705
 15  21.224016   2.067734   337.115   337.119  5 52747.85691249 51.694
 16  21.231160   2.067345   337.631   337.662  4 52782.85685262 49.249
 17  21.230513   2.067590   337.056   337.057  4 52817.85693094 51.619
 18  21.234004   2.069118   337.369   337.371  4 52852.85698111 50.759
 20  21.232755   2.068614   337.828   337.818  3 52922.85696952 53.068
 22  21.236327   2.069690   338.568   338.569  4 52992.85695937 51.990
 23  21.238473   2.068841   337.732   337.732  2 53027.85692465 51.043
 25  21.227954   2.067827   336.285   336.271  5 53097.85695225 33.684
 28  21.232132   2.067318   336.070   336.089  4 53202.85700671 46.218
 30  21.235394   2.069716   336.767   336.766  4 53272.85693421 52.869
 31  21.227806   2.068262   337.169   337.166  5 53307.85699535 44.998
 32  21.233020   2.068433   338.140   338.141  4 53342.85696198 52.485
 33  21.237342   2.068534   338.066   338.066  2 53377.85690035 51.105
 34  21.237539   2.068373   337.244   337.244  2 53412.85693776 53.077
 35  21.233139   2.068855   336.372   336.322  3 53447.85692466 12.771
 37  21.233881   2.069535   337.205   337.202  4 53517.85701101 51.401
 38  21.226884   2.067462   336.771   336.772  4 53552.85703213 50.792
 39  21.238021   2.067317   336.411   336.411  2 53587.85698262 51.387
 40  21.226562   2.068277   335.977   335.903  5 53622.85695291 25.094
 41  21.231470   2.067608   336.829   336.827  4 53657.85698011 52.332
 42  21.232320   2.067089   338.173   338.181  4 53692.85696255 53.072
 43  21.236454   2.068547   337.587   337.587  3 53727.85688608 50.755
 44  21.240247   2.069534   336.887   336.887  2 53762.85684300 51.527
 45  21.237457   2.068319   336.778   336.778  2 53797.85685332 41.951
 47  21.231636   2.066639   338.635   338.649  4 53867.85691268 46.603
 48  21.231969   2.067824   336.491   336.511  4 53902.85694423 23.232
 49  21.223385   2.066212   336.350   336.344  5 53937.85698114 49.885
 50  21.229961   2.068354   336.773   336.779  4 53972.85694429 52.728
 51  21.234716   2.069802   337.134   337.140  3 54007.85693205 41.732
 52  21.238298   2.068237   337.729   337.729  2 54042.85695517 51.189
 53  21.233629   2.069424   339.205   339.197  4 54077.85694903 39.672
 54  21.233231   2.068882   338.343   338.338  3 54112.85688779 53.462
 55  21.232776   2.068373   337.793   337.795  4 54147.85689314 51.218
 56  21.233575   2.068596   337.464   337.466  3 54182.85687620 52.555
 57  21.231945   2.069413   337.431   337.433  4 54217.85690166 51.359
 58  21.232511   2.068171   337.481   337.486  3 54252.85692739 51.669
 59  21.235223   2.068212   337.075   337.075  3 54287.85693162 51.752
 60  21.234935   2.069092   337.227   337.225  3 54322.85692876 50.675
 61  21.234761   2.069521   337.349   337.305  3 54357.85688666 30.982
 62  21.234216   2.069275   338.141   338.142  4 54392.85686918 51.373
 63  21.234865   2.069609   338.506   338.495  3 54427.85683657 51.676
 64  21.234509   2.068940   338.656   338.653  4 54462.85684722 51.733
 65  21.234924   2.069485   337.997   337.997  3 54497.85684534 52.097
 66  21.235358   2.069054   337.378   337.375  3 54532.85686060 51.140
 67  21.234548   2.068465   337.418   337.416  4 54567.85684986 51.640
 68  21.233167   2.068119   337.088   337.097  4 54602.85685619 51.312
 69  21.232417   2.069144   337.215   337.214  4 54637.85686712 52.928
 70  21.232582   2.068338   336.712   336.715  3 54672.85687007 53.237
 71  21.235282   2.070309   337.230   337.225  3 54707.85682958 50.648
 72  21.233604   2.068460   337.309   337.311  4 54742.85683568 48.889
 73  21.235231   2.070004   338.064   338.055  3 54777.85681079 52.185
 74  21.233867   2.068260   337.965   337.965  3 54812.85682869 50.897
 75  21.233962   2.068885   337.453   337.455  3 54847.85681111 51.420
 76  21.232541   2.068801   337.637   337.634  4 54882.85683222 50.474
 77  21.231831   2.068881   337.292   337.285  4 54917.85681327 51.836
 78  21.232382   2.068345   337.785   337.787  4 54952.85682669 51.409
 79  21.231018   2.067631   337.712   337.711  4 54987.85685093 51.157
 80  21.235308   2.068113   337.239   337.236  3 55022.85684270 51.272
 81  21.234125   2.068633   336.636   336.638  3 55057.85683879 51.160
 82  21.233535   2.068148   336.974   336.977  4 55092.85679420 50.988
 83  21.233680   2.069328   337.703   337.698  4 55127.85677885 51.161
 84  21.233807   2.069341   338.323   338.321  4 55162.85675536 51.709
 85  21.232943   2.069031   338.214   338.214  4 55197.85677033 51.370
 86  21.233170   2.068986   337.812   337.796  3 55232.85675962 51.786
 87  21.234044   2.068649   338.084   338.080  3 55267.85676444 51.345
 88  21.235159   2.069562   338.616   338.613  4 55302.85673988 52.468
 89  21.233238   2.069599   338.213   338.220  4 55337.85673929 51.825
 90  21.234594   2.069478   337.769   337.774  4 55372.85672908 50.640
 91  21.235037   2.069344   337.346   337.338  4 55407.85674962 43.272
 92  21.234249   2.068867   336.828   336.828  3 55442.85674785 51.643
 93  21.235290   2.069416   337.155   337.153  4 55477.85668735 48.754
