#  354.001  -2.712   8.968 ;Mean Elev.(m), Avg Gradient(m/km), RMS Gradient(m/km) - SRTM1     
#  366.846  -2.777   9.790 ;Mean Elev.(m), Avg Gradient(m/km), RMS Gradient(m/km) - ASTER GDEM
#  354.750  -2.765   7.699 ;Mean Elev.(m), Avg Gradient(m/km), RMS Gradient(m/km) - GMTED2010 
  7   350.268 52464.85287186 41.91  22.700710   1.934528 29.657
  7   350.296 52464.85287250 45.79  22.699980   1.937828 29.657
  7   350.183 52464.85287315 44.35  22.699250   1.941138 29.657
  8   350.012 52499.85286827 39.48  22.699756   1.937484 34.470
  8   349.879 52499.85286892 32.72  22.699026   1.940794 34.470
  9   350.698 52534.85285563 53.37  22.696460   1.936902 27.331
  9   350.650 52534.85285627 51.27  22.695730   1.940212 27.331
  9   350.523 52534.85285692 46.88  22.695010   1.943512 27.331
 10   351.066 52569.85288554 51.71  22.699914   1.935138 41.035
 10   350.943 52569.85288619 52.45  22.699184   1.938448 41.035
 10   350.906 52569.85288683 48.26  22.698464   1.941748 41.035
 11   352.097 52604.85286502 52.68  22.698160   1.937998 31.159
 11   352.048 52604.85286566 49.05  22.697430   1.941308 31.159
 12   352.425 52639.85284882 52.53  22.697109   1.937548 29.748
 12   352.227 52639.85284946 50.86  22.696379   1.940858 29.748
 12   352.183 52639.85285011 48.53  22.695649   1.944158 29.748
 13   351.164 52674.85284286 54.24  22.699786   1.936333 32.789
 13   351.205 52674.85284350 50.90  22.699056   1.939643 32.789
 14   350.563 52709.85286162 48.43  22.697928   1.938392 21.978
 14   350.358 52709.85286226 51.22  22.697198   1.941702 21.978
 15   350.668 52744.85289086 54.36  22.691068   1.943025 15.992
 15   350.656 52744.85289150 50.68  22.690338   1.946335 15.992
 15   350.694 52744.85289215 47.77  22.689618   1.949635 15.992
 16   351.113 52779.85282628 54.66  22.697154   1.938217 27.969
 16   351.128 52779.85282692 50.62  22.696424   1.941527 27.969
 17   350.307 52814.85290957 54.39  22.695545   1.938833 29.165
 17   350.225 52814.85291022 51.31  22.694815   1.942133 29.165
 17   350.150 52814.85291086 52.09  22.694085   1.945443 29.165
 18   350.705 52849.85296164 55.98  22.698882   1.937310 30.202
 18   350.752 52849.85296228 51.07  22.698152   1.940620 30.202
 19   351.108 52884.85299705 52.14  22.695432   1.938216 27.897
 19   351.048 52884.85299770 53.25  22.694702   1.941526 27.897
 19   351.049 52884.85299834 50.49  22.693972   1.944826 27.897
 20   351.118 52919.85295271 54.46  22.700061   1.936513 35.150
 20   351.173 52919.85295335 53.11  22.699341   1.939813 35.150
 21   351.595 52954.85291546 51.62  22.705349   1.933176 33.166
 21   351.574 52954.85291610 53.57  22.704619   1.936486 33.166
 22   351.970 52989.85292608 53.06  22.708563   1.932242 32.189
 22   351.935 52989.85292673 52.87  22.707843   1.935542 32.189
 23   351.026 53024.85290434 52.56  22.708181   1.932839 36.347
 23   351.033 53024.85290499 51.24  22.707461   1.936149 36.347
 24   350.512 53059.85290480 54.01  22.708847   1.933258 30.504
 24   350.567 53059.85290544 51.44  22.708117   1.936568 30.504
 25   350.176 53094.85294240 52.24  22.692011   1.940558 27.627
 25   350.193 53094.85294304 51.80  22.691281   1.943868 27.627
 25   350.197 53094.85294369 50.13  22.690551   1.947168 27.627
 26   351.024 53129.85291263 48.29  22.706433   1.931705 35.665
 26   350.892 53129.85291327 55.62  22.705703   1.935005 35.665
 28   349.421 53199.85298526 35.78  22.698953   1.937910 28.102
 28   349.274 53199.85298591 35.15  22.698223   1.941220 28.102
 29   349.733 53234.85295364 53.06  22.708769   1.932905 35.264
 29   349.805 53234.85295428 50.05  22.708039   1.936215 35.264
 30   349.893 53269.85291914 51.50  22.698664   1.937256 31.104
 30   349.918 53269.85291979 46.90  22.697934   1.940566 31.104
 31   350.113 53304.85298213 53.98  22.690779   1.942368 29.480
 31   350.222 53304.85298278 51.80  22.690049   1.945668 29.480
 31   350.137 53304.85298342 51.75  22.689319   1.948978 29.480
 32   351.363 53339.85294944 52.38  22.698698   1.937426 32.867
 32   351.326 53339.85295008 49.18  22.697978   1.940726 32.867
 33   351.382 53374.85287947 49.98  22.703488   1.933103 35.418
 33   351.405 53374.85288012 52.15  22.702758   1.936403 35.418
 33   351.459 53374.85288076 49.65  22.702028   1.939713 35.418
 34   350.507 53409.85292283 51.00  22.703076   1.933850 34.985
 34   350.469 53409.85292347 54.55  22.702346   1.937160 34.985
 35   350.216 53444.85290604 52.15  22.700482   1.935193 31.658
 35   350.389 53444.85290669 51.72  22.699752   1.938503 31.658
 35   349.982 53444.85290733 46.77  22.699032   1.941803 31.658
 36   350.521 53479.85298726 47.75  22.692546   1.939388 17.910
 36   350.773 53479.85298791 51.21  22.691816   1.942688 17.910
 36   350.403 53479.85298855 51.04  22.691096   1.945998 17.910
 37   350.717 53514.85299341 51.37  22.699573   1.935057 32.113
 37   350.603 53514.85299405 54.65  22.698853   1.938357 32.113
 37   350.642 53514.85299470 49.41  22.698123   1.941667 32.113
 38   350.069 53549.85301361 51.70  22.693252   1.939579 27.922
 38   350.028 53549.85301425 53.51  22.692522   1.942879 27.922
 38   350.055 53549.85301490 49.90  22.691802   1.946189 27.922
 39   349.571 53584.85297366 52.54  22.701587   1.935692 32.803
 39   349.405 53584.85297430 52.51  22.700857   1.939002 32.803
 40   350.336 53619.85293115 52.13  22.696553   1.937586 23.356
 40   350.393 53619.85293179 48.64  22.695833   1.940886 23.356
 40   350.132 53619.85293244 49.65  22.695103   1.944196 23.356
 41   350.131 53654.85295831 54.50  22.698242   1.937165 31.225
 41   350.239 53654.85295895 49.90  22.697512   1.940475 31.225
 41   350.110 53654.85295960 52.11  22.696782   1.943775 31.225
 42   351.632 53689.85295225 56.06  22.696718   1.937712 30.416
 42   351.582 53689.85295289 50.00  22.695998   1.941012 30.416
 42   351.586 53689.85295354 47.26  22.695268   1.944322 30.416
 43   350.974 53724.85287608 53.96  22.702549   1.935730 34.200
 43   350.918 53724.85287673 51.47  22.701819   1.939040 34.200
 44   350.296 53759.85281907 52.48  22.707982   1.931725 34.006
 44   350.371 53759.85281972 54.23  22.707252   1.935035 34.006
 45   350.125 53794.85283778 48.86  22.704050   1.934104 35.171
 45   350.034 53794.85283842 50.44  22.703320   1.937414 35.171
 46   350.800 53829.85281555 52.35  22.703224   1.935069 34.456
 46   350.784 53829.85281619 55.20  22.702494   1.938379 34.456
 47   350.406 53864.85289463 55.35  22.696240   1.938434 28.870
 47   350.373 53864.85289527 48.33  22.695510   1.941744 28.870
 47   350.316 53864.85289592 48.69  22.694790   1.945044 28.870
 48   350.200 53899.85292035 51.94  22.699076   1.936481 34.830
 48   350.186 53899.85292100 51.80  22.698346   1.939791 34.830
 48   350.131 53899.85292164 48.99  22.697616   1.943091 34.830
 49   349.839 53934.85296521 51.45  22.687703   1.943989 25.099
 49   349.748 53934.85296586 53.70  22.686973   1.947299 25.099
 49   349.675 53934.85296650 50.88  22.686243   1.950599 25.099
 50   349.913 53969.85293356 54.43  22.693785   1.940317 30.371
 50   349.876 53969.85293421 50.37  22.693055   1.943627 30.371
 50   349.902 53969.85293485 47.81  22.692335   1.946927 30.371
 51   350.306 54004.85290759 50.92  22.702357   1.934359 33.437
 51   350.399 54004.85290823 50.07  22.701627   1.937659 33.437
 52   350.895 54039.85293876 52.08  22.703574   1.933730 34.588
 52   350.790 54039.85293941 55.13  22.702854   1.937040 34.588
 53   352.798 54074.85293304 49.99  22.701188   1.934616 36.150
 53   352.849 54074.85293368 51.32  22.700468   1.937926 36.150
 53   352.832 54074.85293433 52.01  22.699738   1.941226 36.150
 54   351.981 54109.85287789 52.47  22.698982   1.936422 35.260
 54   351.820 54109.85287853 50.04  22.698262   1.939732 35.260
 54   351.778 54109.85287918 50.83  22.697532   1.943032 35.260
 55   351.169 54144.85287273 52.42  22.699023   1.937734 34.239
 55   351.055 54144.85287338 50.01  22.698293   1.941044 34.239
 56   351.050 54179.85286328 52.91  22.699014   1.937268 42.405
 56   351.023 54179.85286392 51.25  22.698294   1.940568 42.405
 57   350.766 54214.85287994 52.27  22.698573   1.936086 42.561
 57   350.843 54214.85288058 53.69  22.697843   1.939396 42.561
 57   350.750 54214.85288123 50.50  22.697123   1.942696 42.561
 58   350.883 54249.85290794 34.43  22.698727   1.936053 30.172
 58   350.679 54249.85290858 30.50  22.698007   1.939353 30.172
 58   350.641 54249.85290923 29.12  22.697277   1.942663 30.172
 59   350.382 54284.85291491 50.08  22.700993   1.935071 42.153
 59   350.462 54284.85291556 51.13  22.700263   1.938381 42.153
 60   350.416 54319.85291173 52.52  22.701703   1.934421 40.308
 60   350.586 54319.85291237 52.64  22.700983   1.937721 40.308
 61   350.766 54354.85287436  9.08  22.701467   1.933831 18.825
 61   350.770 54354.85287500 10.22  22.700747   1.937131 18.825
 61   350.619 54354.85287565  8.46  22.700017   1.940441 18.825
 62   351.552 54389.85285227 52.19  22.700963   1.935326 41.038
 62   351.665 54389.85285292 49.52  22.700233   1.938636 41.038
 63   351.644 54424.85282470 28.18  22.700067   1.937106 30.718
 63   351.594 54424.85282534 28.34  22.699337   1.940416 30.718
 64   351.879 54459.85282800 50.80  22.700987   1.935101 42.444
 64   352.051 54459.85282865 53.62  22.700257   1.938411 42.444
 65   351.487 54494.85282992 52.50  22.700956   1.936874 31.610
 65   351.333 54494.85283057 54.97  22.700236   1.940174 31.610
 66   350.549 54529.85284075 50.79  22.702101   1.935418 27.712
 66   350.533 54529.85284139 53.01  22.701371   1.938718 27.712
 67   350.979 54564.85283670 53.14  22.699787   1.937203 29.394
 67   350.949 54564.85283735 53.26  22.699057   1.940503 29.394
 68   350.475 54599.85283737 52.50  22.699189   1.937601 28.804
 68   350.442 54599.85283801 51.59  22.698469   1.940911 28.804
 69   350.759 54634.85284963 52.17  22.697967   1.938313 29.086
 69   350.671 54634.85285027 49.63  22.697247   1.941623 29.086
 70   349.946 54669.85285354 50.14  22.698862   1.935669 28.008
 70   349.770 54669.85285418 51.42  22.698132   1.938969 28.008
 70   349.866 54669.85285483 49.72  22.697412   1.942279 28.008
 71   350.462 54704.85281635 51.09  22.701744   1.934521 28.798
 71   350.469 54704.85281699 53.42  22.701014   1.937831 28.798
 72   350.598 54739.85281693 54.15  22.699811   1.937172 28.247
 72   350.641 54739.85281758 51.79  22.699081   1.940482 28.247
 73   351.370 54774.85279705 47.96  22.701695   1.935191 20.613
 73   351.321 54774.85279770 49.71  22.700965   1.938501 20.613
 74   351.255 54809.85280963 49.82  22.699668   1.935569 26.698
 74   351.225 54809.85281027 51.89  22.698938   1.938869 26.698
 74   351.187 54809.85281092 52.65  22.698208   1.942179 26.698
 75   350.656 54844.85279622 47.73  22.700365   1.934838 29.537
 75   350.761 54844.85279687 52.79  22.699635   1.938148 29.537
 75   350.766 54844.85279751 52.19  22.698905   1.941448 29.537
 76   351.041 54879.85281333 51.36  22.698389   1.936962 27.946
 76   351.097 54879.85281398 50.64  22.697669   1.940272 27.946
 76   351.133 54879.85281462 51.53  22.696939   1.943572 27.946
 77   350.884 54914.85280004 52.22  22.697917   1.937768 29.950
 77   350.753 54914.85280069 50.59  22.697187   1.941068 29.950
 79   351.078 54984.85283129 50.19  22.697596   1.936231 29.144
 79   351.220 54984.85283193 51.07  22.696876   1.939541 29.144
 79   351.003 54984.85283258 51.92  22.696146   1.942841 29.144
 80   350.324 55019.85282590 52.85  22.700911   1.936617 25.652
 80   350.443 55019.85282655 52.72  22.700181   1.939917 25.652
 81   349.800 55054.85282252 52.20  22.700845   1.936169 28.646
 81   349.943 55054.85282316 51.56  22.700115   1.939469 28.646
 82   350.090 55089.85278253 51.31  22.699134   1.936740 29.258
 82   350.125 55089.85278318 54.43  22.698404   1.940040 29.258
 83   350.713 55124.85275969 34.69  22.700988   1.935407 19.054
 83   350.630 55124.85276034 31.99  22.700258   1.938707 19.054
 84   351.752 55159.85274324 51.90  22.698890   1.937843 29.869
 84   351.649 55159.85274388 55.03  22.698160   1.941143 29.869
 85   351.723 55194.85275061 52.41  22.699268   1.937151 27.835
 85   351.699 55194.85275126 51.34  22.698538   1.940461 27.835
 86   351.119 55229.85274563 25.12  22.699069   1.936298 13.902
 86   351.086 55229.85274627 25.00  22.698339   1.939598 13.902
 86   350.928 55229.85274692 28.13  22.697619   1.942908 13.902
 87   351.641 55264.85274503 52.10  22.700606   1.936264 27.933
 87   351.578 55264.85274568 53.94  22.699876   1.939564 27.933
 88   351.949 55299.85272804 51.32  22.700839   1.935320 24.390
 88   351.904 55299.85272868 54.45  22.700109   1.938630 24.390
 89   351.666 55334.85272326 52.04  22.698494   1.937909 28.099
 89   351.739 55334.85272391 51.38  22.697774   1.941219 28.099
 90   350.954 55369.85271333 50.93  22.700571   1.936619 27.692
 90   350.909 55369.85271398 52.57  22.699841   1.939919 27.692
 91   350.368 55404.85273066 52.49  22.700917   1.935557 26.724
 91   350.517 55404.85273131 50.91  22.700187   1.938857 26.724
 92   349.897 55439.85273203 50.86  22.701074   1.936095 26.720
 92   349.960 55439.85273267 52.04  22.700344   1.939395 26.720
 93   350.472 55474.85267685 50.49  22.701401   1.934918 28.410
 93   350.586 55474.85267750 52.43  22.700671   1.938228 28.410
