#  383.124  -2.214   5.382 ;Mean Elev.(m), Avg Gradient(m/km), RMS Gradient(m/km) - SRTM1     
#  428.052  -2.214   7.374 ;Mean Elev.(m), Avg Gradient(m/km), RMS Gradient(m/km) - ASTER GDEM
#  385.198  -2.261   5.679 ;Mean Elev.(m), Avg Gradient(m/km), RMS Gradient(m/km) - GMTED2010 
  7   377.211 52477.84662353 38.46  25.164946   0.501084 10.513
  7   376.131 52477.84662417 42.21  25.164219   0.504394 14.729
  7   375.730 52477.84662482 48.10  25.163489   0.507694 14.729
  9   377.103 52547.84660654 30.70  25.168303   0.503277 10.451
  9   376.416 52547.84660718 27.60  25.167573   0.506587 10.451
 10   376.956 52582.84661066 42.06  25.172125   0.504085 11.605
 10   377.328 52582.84661130 40.30  25.171405   0.507395 11.605
 11   378.504 52617.84658417 33.41  25.166301   0.502841  9.154
 11   378.234 52617.84658481 31.52  25.165581   0.506151  9.154
 12   380.098 52652.84655839 19.96  25.178484   0.504589  8.463
 12   380.536 52652.84655904 20.25  25.177764   0.507899  8.463
 13   377.449 52687.84655768 31.03  25.171716   0.502973 10.099
 13   377.360 52687.84655833 31.23  25.170986   0.506273 10.099
 13   377.052 52687.84655897 31.41  25.170266   0.509583 10.099
 14   377.358 52722.84660479 30.96  25.169642   0.503774  4.873
 14   377.629 52722.84660543 28.67  25.168922   0.507074  4.873
 15   377.880 52757.84662617 33.48  25.158281   0.501992 10.227
 15   378.024 52757.84662681 33.94  25.157551   0.505302 10.227
 16   376.995 52792.84657917 38.87  25.171549   0.506370 10.766
 16   376.560 52792.84657982 39.96  25.170819   0.509680 10.766
 17   377.245 52827.84664674 32.82  25.174000   0.504904  8.775
 17   377.305 52827.84664739 37.91  25.173280   0.508204  8.775
 18   375.979 52862.84669200 44.70  25.175494   0.505971 10.558
 18   375.824 52862.84669265 42.74  25.174774   0.509271 10.558
 19   376.406 52897.84672131 49.56  25.167974   0.503297 13.663
 19   376.969 52897.84672196 44.55  25.167254   0.506597 13.663
 20   376.916 52932.84666689 42.21  25.167211   0.501762 14.245
 20   376.204 52932.84666753 46.67  25.166481   0.505062 14.245
 20   376.283 52932.84666818 47.38  25.165751   0.508372 14.245
 21   376.800 52967.84667358 43.83  25.170949   0.504761 11.397
 21   377.066 52967.84667423 45.25  25.170219   0.508071 11.397
 22   378.464 53002.84669720 33.27  25.163440   0.502007 10.617
 22   377.586 53002.84669784 34.53  25.162710   0.505317 10.617
 23   377.816 53037.84664646 27.47  25.166631   0.501103  6.099
 23   377.760 53037.84664710 26.43  25.165901   0.504413  6.099
 23   377.501 53037.84664775 27.26  25.165181   0.507713  6.099
 24   377.391 53072.84667266 37.60  25.168482   0.501742 11.420
 24   377.132 53072.84667330 38.30  25.167762   0.505042 11.420
 24   376.863 53072.84667394 39.62  25.167032   0.508352 11.420
 25   377.581 53107.84664691 35.22  25.166537   0.502149 10.479
 25   377.504 53107.84664755 37.30  25.165807   0.505459 10.479
 25   377.202 53107.84664820 36.65  25.165087   0.508759 10.479
 26   376.556 53142.84668246 43.80  25.169027   0.503514 13.190
 26   376.652 53142.84668310 41.48  25.168297   0.506824 13.190
 27   375.365 53177.84670491 48.40  25.171188   0.504982 14.557
 27   375.900 53177.84670555 46.31  25.170458   0.508282 14.557
 28   375.023 53212.84672518 33.24  25.167530   0.504264 12.452
 28   375.066 53212.84672583 38.42  25.166800   0.507574 12.452
 29   375.180 53247.84669400 48.20  25.170325   0.504748 13.197
 29   375.520 53247.84669464 46.80  25.169605   0.508048 13.197
 30   376.151 53282.84668440 40.68  25.166202   0.503559  9.763
 30   375.881 53282.84668504 42.56  25.165472   0.506869  9.763
 31   377.147 53317.84668501 41.02  25.173002   0.504262 10.143
 31   377.374 53317.84668566 42.57  25.172282   0.507572 10.143
 32   381.022 53352.84665119 20.04  25.174410   0.505792  5.977
 32   385.426 53352.84665183 22.23  25.173680   0.509102  5.977
 33   377.185 53387.84664525 33.20  25.169243   0.502530 10.509
 33   377.214 53387.84664590 32.12  25.168513   0.505840 10.509
 33   377.012 53387.84664654 35.66  25.167793   0.509140 10.509
 34   376.610 53422.84664634 30.10  25.176289   0.505498  7.771
 34   376.649 53422.84664699 33.15  25.175569   0.508798  7.771
 35   380.825 53457.84665147 21.84  25.174258   0.504672  5.210
 35   380.101 53457.84665212 21.83  25.173538   0.507972  5.210
 36   377.361 53492.84673630 41.30  25.163112   0.500089 13.224
 36   377.244 53492.84673695 43.62  25.162382   0.503399 13.224
 36   377.094 53492.84673759 44.27  25.161662   0.506699 13.224
 37   376.356 53527.84671654 30.61  25.174154   0.506114  7.640
 37   376.449 53527.84671719 32.36  25.173434   0.509414  7.640
 38   375.478 53562.84674520 48.88  25.163802   0.501429 15.756
 38   375.289 53562.84674585 50.44  25.163072   0.504739 15.756
 38   375.089 53562.84674649 51.92  25.162352   0.508039 15.756
 39   375.205 53597.84668553 47.45  25.173595   0.505283 11.627
 39   375.324 53597.84668618 45.32  25.172875   0.508583 11.627
 40   393.773 53632.84668095 24.09  25.165576   0.503177  8.531
 40   395.729 53632.84668159 22.85  25.164856   0.506477  8.531
 41   377.560 53667.84670293 47.29  25.165331   0.502839 16.230
 41   376.346 53667.84670358 49.06  25.164611   0.506139 16.230
 42   377.684 53702.84664765 25.75  25.174251   0.505838  6.057
 42   378.157 53702.84664829 25.78  25.173521   0.509148  6.057
 43   376.588 53737.84655741 29.27  25.174906   0.506144 10.609
 43   376.497 53737.84655806 29.15  25.174176   0.509454 10.609
 44   376.345 53772.84656915 27.16  25.175693   0.505025  6.603
 44   376.757 53772.84656979 30.13  25.174963   0.508325  6.603
 47   377.160 53877.84662620 18.59  25.172622   0.505477  5.145
 47   376.877 53877.84662685 20.04  25.171902   0.508777  5.145
 48   376.500 53912.84667822 45.91  25.163861   0.501510 13.016
 48   375.467 53912.84667886 45.86  25.163131   0.504810 13.016
 48   375.128 53912.84667951 45.69  25.162401   0.508120 13.016
 49   375.410 53947.84669252 46.77  25.161777   0.500183 14.878
 49   374.973 53947.84669317 49.68  25.161057   0.503493 14.878
 49   375.217 53947.84669381 49.69  25.160327   0.506793 14.878
 50   375.757 53982.84663462 39.09  25.168919   0.504280 10.973
 50   375.962 53982.84663526 42.31  25.168199   0.507590 10.973
 51   375.678 54017.84666304 42.84  25.171833   0.503283 10.584
 51   375.859 54017.84666368 43.04  25.171103   0.506583 10.584
 51   374.392 54017.84666433 43.70  25.170373   0.509893 10.584
 52   380.488 54052.84665726 22.22  25.178557   0.504929  8.135
 52   380.146 54052.84665791 22.16  25.177837   0.508239  8.135
 53   379.494 54087.84664894 26.41  25.171491   0.504599 11.055
 53   380.248 54087.84664958 26.62  25.170771   0.507909 11.055
 54   378.211 54122.84657248 25.07  25.170258   0.504575 10.306
 54   379.925 54122.84657313 19.19  25.169538   0.507885 10.306
 55   378.442 54157.84661195 21.61  25.169446   0.504197  7.639
 55   380.109 54157.84661260 19.88  25.168716   0.507497  7.639
 56   377.481 54192.84657166 27.34  25.170840   0.502551  7.874
 56   377.901 54192.84657231 21.13  25.170120   0.505861  7.874
 56   380.136 54192.84657295 21.24  25.169390   0.509161  7.874
 57   377.917 54227.84662364 27.49  25.169857   0.503515  6.779
 57   378.077 54227.84662428 21.46  25.169127   0.506825  6.779
 58   377.494 54262.84664330 27.14  25.170249   0.505260  7.547
 58   377.645 54262.84664395 25.90  25.169529   0.508560  7.547
 59   376.119 54297.84664801 43.79  25.170632   0.505593 11.694
 59   376.481 54297.84664865 41.19  25.169902   0.508903 11.694
 60   376.078 54332.84663778 47.18  25.171366   0.505818 12.604
 60   375.900 54332.84663843 45.31  25.170636   0.509128 12.604
 62   377.112 54402.84658061 23.79  25.170857   0.504689  9.029
 62   377.976 54402.84658125 24.84  25.170127   0.507999  9.029
 63   378.200 54437.84653751 23.23  25.169527   0.504185  5.672
 63   378.445 54437.84653816 21.61  25.168807   0.507485  5.672
 64   378.317 54472.84656597 19.92  25.172523   0.504167  6.682
 64   379.470 54472.84656662 19.12  25.171793   0.507477  6.682
 65   378.000 54507.84654827 22.70  25.170986   0.503227  6.725
 65   378.289 54507.84654891 21.21  25.170256   0.506537  6.725
 65   380.145 54507.84654955 21.78  25.169536   0.509837  6.725
 66   377.690 54542.84658058 22.40  25.171385   0.505342  7.444
 66   379.251 54542.84658123 22.48  25.170655   0.508642  7.444
 67   377.340 54577.84655138 29.14  25.170105   0.505209  8.773
 67   377.578 54577.84655202 29.16  25.169385   0.508509  8.773
 68   377.247 54612.84657158 35.68  25.171368   0.503274 10.652
 68   377.193 54612.84657222 36.13  25.170638   0.506574 10.652
 68   376.708 54612.84657287 38.65  25.169918   0.509884 10.652
 69   375.943 54647.84657833 45.45  25.169836   0.504366 13.434
 69   376.066 54647.84657897 42.04  25.169106   0.507666 13.434
 70   375.508 54682.84657907 43.76  25.170067   0.505024 11.585
 70   376.413 54682.84657971 38.64  25.169337   0.508324 11.585
 71   375.943 54717.84652702 20.55  25.170766   0.505874  6.433
 71   385.088 54717.84652766 20.02  25.170036   0.509174  6.433
 72   376.540 54752.84655139 43.26  25.170071   0.504053 12.673
 72   376.787 54752.84655203 39.43  25.169341   0.507353 12.673
 73   378.369 54787.84651629 30.25  25.170456   0.503281  7.667
 73   379.202 54787.84651694 22.35  25.169726   0.506591  7.667
 73   379.492 54787.84651758 22.66  25.168996   0.509891  7.667
 74   377.281 54822.84654571 26.77  25.171093   0.503704  8.148
 74   377.451 54822.84654636 26.08  25.170363   0.507004  8.148
 75   378.567 54857.84651318 20.12  25.170827   0.505586  6.857
 75   385.537 54857.84651383 20.21  25.170097   0.508886  6.857
 76   377.603 54892.84654827 25.90  25.168923   0.504725  7.733
 76   377.572 54892.84654892 27.05  25.168193   0.508025  7.733
 77   378.364 54927.84651013 29.24  25.169261   0.502311  6.753
 77   377.462 54927.84651078 26.85  25.168531   0.505621  6.753
 77   379.296 54927.84651142 25.89  25.167801   0.508921  6.753
 79   376.818 54997.84656858 41.04  25.168115   0.502368 12.631
 79   376.699 54997.84656923 41.07  25.167385   0.505668 12.631
 79   376.550 54997.84656987 41.61  25.166665   0.508978 12.631
 80   376.034 55032.84655803 42.87  25.169492   0.504159 13.938
 80   376.153 55032.84655868 44.17  25.168762   0.507459 13.938
 81   376.037 55067.84654687 43.36  25.170796   0.505054 12.224
 81   376.258 55067.84654752 43.38  25.170076   0.508354 12.224
 82   377.401 55102.84648516 41.19  25.169278   0.502093 11.341
 82   377.280 55102.84648581 40.82  25.168548   0.505403 11.341
 82   377.328 55102.84648645 44.66  25.167818   0.508703 11.341
 83   377.054 55137.84649295 37.61  25.170515   0.504849 11.185
 83   377.535 55137.84649360 37.48  25.169785   0.508149 11.185
 84   377.996 55172.84645393 25.21  25.170749   0.503231  8.064
 84   378.677 55172.84645458 20.21  25.170019   0.506541  8.064
 84   379.454 55172.84645522 23.46  25.169289   0.509841  8.064
 85   377.824 55207.84648746 30.01  25.170549   0.503282  8.525
 85   378.638 55207.84648810 19.59  25.169819   0.506582  8.525
 85   379.751 55207.84648875 20.94  25.169099   0.509892  8.525
 86   377.755 55242.84645844 25.32  25.169728   0.503581  6.943
 86   378.401 55242.84645908 21.24  25.168998   0.506891  6.943
 87   378.753 55277.84648065 30.49  25.170327   0.502422  7.587
 87   379.130 55277.84648130 20.63  25.169597   0.505732  7.587
 87   379.593 55277.84648194 26.58  25.168867   0.509032  7.587
 88   379.318 55312.84644496 20.60  25.170001   0.505586  8.500
 88   379.646 55312.84644560 25.44  25.169271   0.508886  8.500
 89   377.290 55347.84645178 27.13  25.171091   0.503472  8.268
 89   377.525 55347.84645242 24.03  25.170361   0.506772  8.268
 89   379.577 55347.84645307 25.12  25.169641   0.510082  8.268
 90   376.804 55382.84644238 39.92  25.169852   0.505207 11.695
 90   376.989 55382.84644302 42.07  25.169122   0.508507 11.695
 91   376.198 55417.84647063 44.67  25.170966   0.503686 11.428
 91   376.371 55417.84647127 43.97  25.170236   0.506986 11.428
 92   376.771 55452.84645209 43.62  25.170926   0.504993 12.603
 92   377.322 55452.84645274 44.86  25.170196   0.508293 12.603
 93   376.914 55487.84637338 38.15  25.171604   0.505089 10.335
 93   376.586 55487.84637403 40.45  25.170884   0.508389 10.335
