#  328.084  -1.318   5.920 ;Mean Elev.(m), Avg Gradient(m/km), RMS Gradient(m/km) - SRTM1     
#  324.858  -0.974   6.658 ;Mean Elev.(m), Avg Gradient(m/km), RMS Gradient(m/km) - ASTER GDEM
#  333.166  -1.301   5.639 ;Mean Elev.(m), Avg Gradient(m/km), RMS Gradient(m/km) - GMTED2010 
  8   331.752 52488.36002840 46.51  20.715954   2.011635 40.247
  8   331.612 52488.36002904 51.04  20.715234   2.008325 40.247
  8   331.663 52488.36002968 52.15  20.714504   2.005025 40.247
  8   331.769 52488.36003033 49.21  20.713774   2.001715 40.247
  9   331.934 52523.36000257 52.19  20.712442   2.010094 36.512
  9   331.962 52523.36000322 51.20  20.711722   2.006784 36.512
  9   331.929 52523.36000386 50.88  20.710992   2.003484 36.512
 10   331.792 52558.36005230 25.56  20.709929   2.013781 22.353
 10   331.664 52558.36005294 17.16  20.709199   2.010471 22.353
 10   331.849 52558.36005359 16.74  20.708469   2.007171 22.353
 10   331.948 52558.36005423 15.98  20.707747   2.003858  9.398
 11   332.921 52593.36005225 49.77  20.707899   2.013702 50.657
 11   332.995 52593.36005290 50.49  20.707169   2.010402 50.657
 12   333.680 52628.35997609 52.50  20.719359   2.010018 46.333
 12   333.686 52628.35997674 54.31  20.718639   2.006718 46.333
 12   333.697 52628.35997738 52.14  20.717909   2.003408 46.333
 12   333.704 52628.35997803 50.80  20.717179   2.000108 46.333
 13   332.639 52663.36001437 19.21  20.712008   2.013097 15.209
 13   332.428 52663.36001501 16.92  20.711278   2.009787 15.209
 13   332.316 52663.36001566 17.30  20.710548   2.006487 15.209
 13   332.512 52663.36001630 20.63  20.709818   2.003177 15.209
 14   331.876 52698.35999026 49.41  20.717519   2.009429 46.798
 14   331.914 52698.35999090 53.53  20.716789   2.006119 46.798
 14   331.918 52698.35999155 52.55  20.716069   2.002819 46.798
 15   332.014 52733.36001222 18.10  20.720780   2.008141  8.716
 15   332.028 52733.36001287 16.49  20.720060   2.004831  8.716
 15   332.201 52733.36001351 16.79  20.719330   2.001531  8.716
 16   332.901 52768.36001711 54.02  20.709994   2.010766 39.796
 16   332.915 52768.36001776 53.63  20.709274   2.007456 39.796
 16   332.861 52768.36001840 53.30  20.708544   2.004146 39.796
 17   331.930 52803.36003669 49.75  20.713734   2.012486 38.537
 17   331.990 52803.36003733 52.10  20.713004   2.009176 38.537
 17   332.009 52803.36003798 50.31  20.712274   2.005876 38.537
 17   332.029 52803.36003862 51.53  20.711544   2.002566 38.537
 18   331.739 52838.36010068 20.43  20.715288   2.010446 18.906
 18   331.472 52838.36010132 16.70  20.714568   2.007146 18.906
 18   332.010 52838.36010197 15.79  20.713838   2.003836 18.906
 19   332.049 52873.36014040 50.43  20.714754   2.011553 39.845
 19   332.037 52873.36014104 52.65  20.714034   2.008253 39.845
 19   332.079 52873.36014169 52.06  20.713304   2.004943 39.845
 19   332.078 52873.36014233 51.79  20.712574   2.001643 39.845
 20   332.661 52908.36012353 20.39  20.716806   2.009085 16.641
 20   332.516 52908.36012418 17.58  20.716076   2.005785 16.641
 20   332.843 52908.36012482 20.91  20.715346   2.002475 16.641
 21   332.733 52943.36005087 50.81  20.721204   2.009084 42.742
 21   332.758 52943.36005151 50.66  20.720474   2.005774 42.742
 21   332.837 52943.36005216 53.40  20.719754   2.002474 42.742
 23   332.638 53013.36010826 48.96  20.710843   2.013098 42.212
 23   332.696 53013.36010890 53.18  20.710113   2.009798 42.212
 23   332.685 53013.36010955 52.45  20.709393   2.006488 42.212
 23   332.757 53013.36011019 51.35  20.708663   2.003188 42.212
 24   332.318 53048.36007853 48.51  20.713344   2.011524 44.321
 24   332.397 53048.36007917 53.84  20.712624   2.008224 44.321
 24   332.413 53048.36007982 49.20  20.711894   2.004914 44.321
 25   331.965 53083.36011384 52.65  20.706522   2.012620 43.599
 25   332.037 53083.36011449 52.72  20.705802   2.009310 43.599
 26   332.006 53118.36008349 46.81  20.710245   2.013524 33.136
 26   332.123 53118.36008413 41.04  20.709515   2.010214 33.136
 26   331.965 53118.36008478 35.97  20.708785   2.006914 33.136
 26   332.049 53118.36008542 34.51  20.708065   2.003604 33.136
 27   331.631 53153.36013399 50.35  20.708390   2.013856 45.709
 27   331.672 53153.36013463 51.68  20.707660   2.010546 45.709
 28   331.524 53188.36012325 49.93  20.719531   2.007953 42.414
 28   331.542 53188.36012390 51.31  20.718801   2.004643 42.414
 28   331.548 53188.36012454 51.29  20.718081   2.001343 42.414
 29   330.969 53223.36014033 50.16  20.715396   2.011543 37.731
 29   330.992 53223.36014097 50.38  20.714666   2.008233 37.731
 29   331.026 53223.36014162 53.06  20.713936   2.004933 37.731
 29   331.065 53223.36014226 49.49  20.713206   2.001623 37.731
 30   331.033 53258.36011548 16.32  20.709518   2.014099  9.296
 30   331.073 53258.36011612 14.68  20.708788   2.010799  9.296
 30   331.043 53258.36011677 13.96  20.708068   2.007489  9.296
 31   331.818 53293.36013715 46.08  20.706458   2.014895 34.883
 31   331.909 53293.36013779 45.96  20.705728   2.011595 34.883
 32   332.697 53328.36011160 51.19  20.714991   2.009968 46.229
 32   332.683 53328.36011224 50.66  20.714261   2.006658 46.229
 32   332.755 53328.36011288 51.61  20.713541   2.003358 46.229
 33   333.114 53363.36006463 48.03  20.717104   2.011050 49.565
 33   333.130 53363.36006528 51.68  20.716374   2.007750 49.565
 33   333.136 53363.36006592 54.29  20.715644   2.004440 49.565
 33   333.133 53363.36006657 49.95  20.714924   2.001140 49.565
 34   331.755 53398.36008749 50.43  20.712126   2.009918 44.991
 34   331.811 53398.36008813 53.82  20.711396   2.006608 44.991
 34   331.838 53398.36008878 49.88  20.710676   2.003308 44.991
 35   331.421 53433.36007815 50.91  20.715694   2.010737 41.889
 35   331.461 53433.36007880 53.07  20.714964   2.007437 41.889
 35   331.471 53433.36007944 52.90  20.714234   2.004127 41.889
 36   332.331 53468.36011704 50.89  20.712424   2.011758 41.717
 36   332.329 53468.36011769 51.95  20.711694   2.008448 41.717
 36   332.346 53468.36011833 50.77  20.710974   2.005148 41.717
 37   331.737 53503.36016449 51.06  20.708466   2.012109 46.806
 37   331.869 53503.36016514 52.95  20.707736   2.008809 46.806
 38   331.709 53538.36016049 47.07  20.712502   2.010762 38.839
 38   331.643 53538.36016114 49.43  20.711772   2.007452 38.839
 38   331.605 53538.36016178 50.52  20.711052   2.004152 38.839
 39   331.195 53573.36016110 45.80  20.709265   2.012128 25.363
 39   331.148 53573.36016175 36.07  20.708535   2.008828 25.363
 39   330.880 53573.36016239 29.51  20.707805   2.005518 25.363
 40   331.562 53608.36011051 20.44  20.712180   2.010902 21.927
 40   331.314 53608.36011116 16.89  20.711450   2.007602 21.927
 40   331.738 53608.36011180 16.93  20.710720   2.004292 21.927
 41   331.813 53643.36011198 49.13  20.712670   2.012532 41.441
 41   331.813 53643.36011263 51.05  20.711940   2.009232 41.441
 41   331.861 53643.36011327 52.17  20.711210   2.005922 41.441
 41   331.829 53643.36011392 50.69  20.710490   2.002622 41.441
 42   332.712 53678.36013049 50.56  20.708461   2.013124 45.878
 42   332.716 53678.36013113 50.42  20.707731   2.009824 45.878
 43   332.655 53713.36005917 52.46  20.716679   2.011035 45.988
 43   332.695 53713.36005981 50.76  20.715949   2.007735 45.988
 43   332.705 53713.36006046 53.56  20.715219   2.004425 45.988
 43   332.630 53713.36006110 47.09  20.714499   2.001125 45.988
 44   331.964 53748.35997287 50.16  20.718146   2.011006 41.682
 44   332.016 53748.35997352 51.56  20.717416   2.007706 41.682
 44   332.012 53748.35997416 50.78  20.716686   2.004396 41.682
 44   332.018 53748.35997481 48.91  20.715966   2.001096 41.682
 45   331.599 53783.36000412 45.98  20.716801   2.008632 29.753
 45   331.493 53783.36000476 43.11  20.716071   2.005322 29.753
 45   331.587 53783.36000540 47.85  20.715351   2.002022 29.753
 46   331.738 53818.35996652 49.68  20.716466   2.011339 41.708
 46   331.829 53818.35996717 50.87  20.715736   2.008029 41.708
 46   331.796 53818.35996781 53.47  20.715016   2.004719 41.708
 46   331.783 53818.35996846 51.29  20.714286   2.001419 41.708
 47   332.200 53853.36004338 46.36  20.709600   2.012634 40.975
 47   332.244 53853.36004403 47.03  20.708870   2.009324 40.975
 47   332.227 53853.36004467 42.59  20.708140   2.006024 40.975
 48   332.816 53888.36005092 48.23  20.721065   2.009497 46.613
 48   332.850 53888.36005157 50.52  20.720335   2.006187 46.613
 48   332.800 53888.36005221 49.85  20.719615   2.002887 46.613
 48   332.835 53888.36005286 48.11  20.718885   1.999577 46.613
 49   331.258 53923.36011909 12.88  20.704643   2.015546  8.256
 49   331.027 53923.36011973 12.99  20.703913   2.012246  8.256
 50   331.301 53958.36011205 48.11  20.706583   2.014732 42.718
 50   331.262 53958.36011270 48.71  20.705853   2.011432 42.718
 51   331.415 53993.36004029 30.18  20.716712   2.009983 19.222
 51   331.511 53993.36004093 35.47  20.715982   2.006683 19.222
 51   331.553 53993.36004158 44.12  20.715262   2.003373 19.222
 52   331.931 54028.36010147 31.91  20.715170   2.010624 20.048
 52   331.638 54028.36010211 26.69  20.714450   2.007314 20.048
 52   332.013 54028.36010276 26.72  20.713720   2.004014 20.048
 53   333.597 54063.36009543 39.27  20.717338   2.010121 26.233
 53   333.599 54063.36009608 34.70  20.716618   2.006811 26.233
 53   333.600 54063.36009672 37.22  20.715888   2.003511 26.233
 54   333.529 54098.36006302 50.29  20.713249   2.012526 41.190
 54   333.534 54098.36006367 51.23  20.712519   2.009216 41.190
 54   333.536 54098.36006431 50.99  20.711799   2.005906 41.190
 54   333.546 54098.36006496 50.41  20.711069   2.002606 41.190
 55   332.768 54133.36001825 50.25  20.714184   2.011231 48.283
 55   332.674 54133.36001889 51.39  20.713454   2.007921 48.283
 55   332.752 54133.36001954 52.74  20.712724   2.004621 48.283
 56   332.064 54168.36003776 25.54  20.711775   2.010306 31.819
 56   332.220 54168.36003841 26.42  20.711045   2.006996 31.819
 56   332.326 54168.36003905 34.83  20.710325   2.003696 31.819
 57   331.987 54203.36002210 52.46  20.713145   2.011039 42.498
 57   331.981 54203.36002274 50.66  20.712415   2.007739 42.498
 57   332.049 54203.36002339 52.03  20.711695   2.004429 42.498
 58   332.584 54238.36005660 50.98  20.714720   2.011843 42.368
 58   332.611 54238.36005724 51.59  20.714000   2.008543 42.368
 58   332.651 54238.36005788 51.11  20.713270   2.005233 42.368
 58   332.721 54238.36005853 51.07  20.712540   2.001933 42.368
 59   332.181 54273.36007523 24.50  20.714396   2.011608 19.883
 59   332.035 54273.36007587 22.39  20.713666   2.008298 19.883
 59   332.355 54273.36007652 22.92  20.712936   2.004998 19.883
 60   331.801 54308.36007763 51.35  20.713826   2.009486 36.532
 60   331.792 54308.36007827 51.87  20.713096   2.006186 36.532
 60   331.822 54308.36007892 50.55  20.712376   2.002876 36.532
 61   332.032 54343.36005571 16.64  20.714604   2.010133 14.055
 61   331.963 54343.36005636 14.63  20.713874   2.006823 14.055
 61   332.145 54343.36005700 15.73  20.713144   2.003523 14.055
 62   332.253 54378.36001300 51.00  20.713639   2.010510 39.806
 62   332.312 54378.36001364 53.22  20.712909   2.007210 39.806
 62   332.272 54378.36001429 52.73  20.712189   2.003900 39.806
 63   333.144 54413.36000374 52.82  20.713144   2.010184 43.524
 63   333.145 54413.36000438 52.42  20.712414   2.006884 43.524
 63   333.169 54413.36000503 51.91  20.711694   2.003574 43.524
 64   333.218 54448.35997911 31.26  20.713656   2.010938 28.329
 64   333.111 54448.35997975 32.01  20.712926   2.007638 28.329
 64   333.154 54448.35998040 32.39  20.712206   2.004328 28.329
 65   332.719 54483.35999716 51.76  20.715056   2.010341 46.420
 65   332.710 54483.35999780 50.57  20.714326   2.007031 46.420
 65   332.664 54483.35999845 49.76  20.713606   2.003731 46.420
 66   332.348 54518.35999283 53.10  20.714859   2.011370 43.451
 66   332.334 54518.35999347 51.87  20.714139   2.008070 43.451
 66   332.334 54518.35999412 51.13  20.713409   2.004760 43.451
 67   332.179 54553.36000906 20.41  20.712987   2.009766 17.707
 67   332.316 54553.36000970 22.63  20.712257   2.006466 17.707
 67   332.381 54553.36001035 30.67  20.711527   2.003156 17.707
 68   332.391 54588.35998833 51.84  20.713725   2.010437 43.941
 68   332.371 54588.35998897 52.71  20.712995   2.007127 43.941
 68   332.329 54588.35998962 51.89  20.712275   2.003827 43.941
 69   332.023 54623.36000633 50.39  20.713514   2.011881 40.741
 69   332.065 54623.36000697 52.12  20.712784   2.008571 40.741
 69   332.130 54623.36000762 51.97  20.712064   2.005271 40.741
 70   331.387 54658.36001532 52.38  20.711844   2.011158 42.268
 70   331.415 54658.36001597 53.09  20.711114   2.007858 42.268
 70   331.450 54658.36001661 47.81  20.710384   2.004548 42.268
 71   331.660 54693.35999649 22.44  20.714042   2.011843 12.907
 71   331.632 54693.35999713 19.20  20.713312   2.008533 12.907
 71   331.977 54693.35999778 19.92  20.712592   2.005223 12.907
 71   331.993 54693.35999842 27.44  20.711862   2.001923 12.907
 72   331.923 54728.35996939 52.27  20.714053   2.009209 41.637
 72   331.999 54728.35997003 51.21  20.713333   2.005909 41.637
 72   332.056 54728.35997068 48.48  20.712603   2.002599 41.637
 73   332.492 54763.35997479 39.44  20.713113   2.012192 35.804
 73   332.606 54763.35997544 41.85  20.712383   2.008892 35.804
 73   332.621 54763.35997608 42.25  20.711653   2.005582 35.804
 73   332.679 54763.35997672 47.04  20.710933   2.002282 35.804
 74   333.843 54798.35996230 51.25  20.713023   2.011121 45.392
 74   333.858 54798.35996294 52.63  20.712303   2.007821 45.392
 74   333.865 54798.35996359 49.47  20.711573   2.004511 45.392
 75   332.536 54833.35996486 50.25  20.713048   2.010522 42.006
 75   332.589 54833.35996551 49.41  20.712318   2.007222 42.006
 75   332.583 54833.35996615 50.39  20.711588   2.003912 42.006
 76   332.555 54868.35995895 48.87  20.714371   2.010994 39.246
 76   332.622 54868.35995960 50.41  20.713641   2.007684 39.246
 76   332.478 54868.35996024 48.19  20.712911   2.004384 39.246
 77   332.313 54903.35997447 47.35  20.711572   2.012656 39.678
 77   332.330 54903.35997512 52.44  20.710842   2.009346 39.678
 77   332.352 54903.35997576 48.74  20.710112   2.006036 39.678
 77   332.339 54903.35997641 50.13  20.709392   2.002736 39.678
 78   332.475 54938.35994881 52.54  20.714028   2.010487 44.403
 78   332.457 54938.35994945 51.16  20.713308   2.007187 44.403
 78   332.352 54938.35995010 53.73  20.712578   2.003877 44.403
 79   332.967 54973.35998048 49.41  20.713698   2.012362 42.973
 79   332.972 54973.35998113 51.15  20.712968   2.009052 42.973
 79   332.933 54973.35998177 49.29  20.712248   2.005752 42.973
 79   332.942 54973.35998242 52.01  20.711518   2.002442 42.973
 80   331.808 55008.35999620 46.86  20.712301   2.012038 23.692
 80   331.713 55008.35999684 50.40  20.711574   2.008725 30.129
 80   331.823 55008.35999749 48.48  20.710854   2.005425 30.129
 81   331.429 55043.35998535 48.71  20.714107   2.010618 39.282
 81   331.462 55043.35998599 48.79  20.713387   2.007308 39.282
 81   331.427 55043.35998664 45.11  20.712657   2.004008 39.282
 82   331.718 55078.35996323 51.31  20.713872   2.012112 40.331
 82   331.685 55078.35996387 53.53  20.713142   2.008802 40.331
 82   331.697 55078.35996452 50.83  20.712422   2.005492 40.331
 82   331.741 55078.35996516 48.60  20.711692   2.002192 40.331
 83   332.363 55113.35991837 50.80  20.713944   2.010914 42.299
 83   332.343 55113.35991901 55.03  20.713214   2.007604 42.299
 83   332.204 55113.35991966 51.91  20.712494   2.004304 42.299
 84   332.954 55148.35991869 50.19  20.712427   2.012258 42.952
 84   332.969 55148.35991933 52.29  20.711697   2.008958 42.952
 84   333.000 55148.35991998 50.77  20.710967   2.005648 42.952
 84   332.952 55148.35992062 50.18  20.710247   2.002348 42.952
 85   333.308 55183.35989960 52.67  20.713571   2.010934 45.211
 85   333.233 55183.35990025 51.86  20.712851   2.007634 45.211
 85   333.130 55183.35990089 49.69  20.712121   2.004324 45.211
 86   332.846 55218.35991661 38.93  20.712463   2.012124 32.119
 86   332.645 55218.35991726 39.00  20.711743   2.008814 32.119
 86   332.428 55218.35991790 38.38  20.711013   2.005504 32.119
 87   332.601 55253.35989615 51.63  20.714909   2.010031 42.395
 87   332.666 55253.35989680 46.39  20.714179   2.006721 42.395
 87   332.726 55253.35989744 48.70  20.713449   2.003421 42.395
 88   333.085 55288.35990621 48.80  20.712355   2.010811 43.153
 88   333.122 55288.35990686 47.96  20.711635   2.007501 43.153
 88   333.142 55288.35990750 45.37  20.710905   2.004201 43.153
 89   332.987 55323.35988328 35.24  20.711917   2.011342 38.533
 89   333.025 55323.35988392 47.53  20.711187   2.008042 38.533
 89   332.960 55323.35988457 45.73  20.710457   2.004732 38.533
 90   332.295 55358.35988219 25.99  20.712911   2.012663 17.904
 90   331.860 55358.35988284 24.61  20.712181   2.009363 17.904
 90   331.584 55358.35988348 23.95  20.711451   2.006053 17.904
 90   332.054 55358.35988413 22.09  20.710731   2.002753 17.904
 91   331.900 55393.35988544 54.48  20.713207   2.010581 34.621
 91   331.902 55393.35988608 51.18  20.712477   2.007271 34.621
 91   331.992 55393.35988673 50.87  20.711747   2.003971 34.621
 92   331.997 55428.35989795 40.73  20.714575   2.011107 20.068
 92   332.053 55428.35989860 42.11  20.713855   2.007797 20.068
 92   331.919 55428.35989924 40.52  20.713125   2.004497 20.068
 93   332.292 55463.35986201 50.47  20.715372   2.011294 40.115
 93   332.361 55463.35986266 53.89  20.714642   2.007994 40.115
 93   332.376 55463.35986330 50.32  20.713912   2.004684 40.115
 93   332.335 55463.35986395 49.09  20.713192   2.001374 40.115
