# NaN NaN NaN ;Mean Elev.(m), Avg Gradient(m/km), RMS Gradient(m/km) - SRTM1     
# NaN NaN NaN ;Mean Elev.(m), Avg Gradient(m/km), RMS Gradient(m/km) - ASTER GDEM
#  305.001  -0.899   3.751 ;Mean Elev.(m), Avg Gradient(m/km), RMS Gradient(m/km) - GMTED2010 
  7  18.109667  -0.064764   301.975   301.975  2 52457.86645507 52.639
  8  18.116106  -0.057523   301.854   301.855  3 52492.86643194 51.668
 10  18.112120  -0.060198   302.930   302.961  3 52562.86645417 51.618
 13  18.108751  -0.068752   303.373   303.373  4 52667.86643447 52.865
 14  18.114624  -0.057699   301.883   301.878  3 52702.86641219 51.547
 16  18.112200  -0.060795   302.773   302.751  3 52772.86641299 23.790
 17  18.108340  -0.069735   301.899   301.885  4 52807.86647322 21.908
 18  18.109345  -0.063607   302.578   302.580  3 52842.86653242 52.089
 19  18.108176  -0.065058   302.047   302.043  3 52877.86657043 52.171
 20  18.115080  -0.058005   302.870   302.887  3 52912.86652977 18.142
 21  18.113840  -0.060168   303.082   303.082  2 52947.86648689 49.148
 23  18.109569  -0.063845   303.692   303.695  3 53017.86651448 51.671
 24  18.112687  -0.062437   302.672   302.651  3 53052.86649603 52.460
 25  18.104756  -0.078724   301.667   301.645  6 53087.86652976 52.972
 26  18.109375  -0.064752   302.466   302.466  2 53122.86650254 24.126
 27  18.105611  -0.076364   301.488   301.514  6 53157.86655785 45.031
 28  18.112991  -0.060208   301.561   301.564  3 53192.86655416 52.660
 30  18.108007  -0.069581   301.773   301.774  4 53262.86652310 52.133
 31  18.103768  -0.079842   302.315   302.323  7 53297.86656007 51.301
 33  18.111745  -0.061203   303.470   303.460  3 53367.86647865 51.964
 34  18.109732  -0.063752   301.786   301.795  3 53402.86650751 41.920
 35  18.110603  -0.062257   301.159   301.162  3 53437.86649640 51.564
 36  18.107775  -0.072886   301.984   301.983  5 53472.86654957 50.508
 37  18.108599  -0.068933   301.960   301.962  4 53507.86657742 51.363
 38  18.107498  -0.071844   302.042   302.017  4 53542.86658634 53.258
 39  18.108774  -0.067856   302.055   302.204  4 53577.86657146 21.970
 40  18.108329  -0.070432   302.277   302.289  5 53612.86652368 51.907
 41  18.111322  -0.064041   302.552   302.557  3 53647.86653018 51.777
 42  18.106546  -0.074800   303.075   303.077  6 53682.86654328 52.683
 43  18.112258  -0.060522   303.605   303.598  3 53717.86647304 51.490
 44  18.115312  -0.059410   302.216   302.218  3 53752.86639364 52.756
 45  18.112854  -0.059508   301.700   301.690  3 53787.86642377 46.845
 46  18.112412  -0.060112   301.970   301.928  3 53822.86637844 31.044
 47  18.107511  -0.072116   301.857   301.854  5 53857.86646847 53.054
 48  18.113050  -0.060964   302.601   302.601  2 53892.86648469 52.708
 49  18.102845  -0.080665   300.895   300.898  6 53927.86654038 52.194
 50  18.105394  -0.075416   301.342   301.324  6 53962.86652403 51.798
 51  18.111799  -0.061897   301.491   301.491  2 53997.86647327 53.217
 52  18.111743  -0.061698   302.353   302.353  2 54032.86652304 52.683
 54  18.109375  -0.063725   304.296   304.292  3 54102.86647528 51.122
 55  18.109523  -0.065022   302.587   302.584  3 54137.86644529 50.962
 56  18.109082  -0.064301   302.094   302.124  3 54172.86645302 28.848
 57  18.109179  -0.067661   301.885   301.882  4 54207.86645006 50.874
 58  18.109694  -0.062972   302.566   302.567  3 54242.86648351 52.178
 59  18.110027  -0.065310   302.580   302.585  3 54277.86649668 52.027
 60  18.110648  -0.061994   302.040   302.013  3 54312.86649731 51.815
 61  18.110283  -0.063701   302.471   302.471  2 54347.86646865 52.003
 62  18.110327  -0.063212   303.187   303.187  2 54382.86643450 51.382
 63  18.109605  -0.064216   303.821   303.821  2 54417.86641771 51.681
 64  18.110135  -0.064757   304.270   304.259  3 54452.86640400 50.215
 65  18.110930  -0.062327   303.506   303.502  3 54487.86641597 53.142
 66  18.110988  -0.062626   302.467   302.467  2 54522.86641741 51.841
 67  18.109720  -0.064242   301.904   301.904  2 54557.86642558 24.147
 68  18.109495  -0.065935   302.389   302.389  3 54592.86641349 51.682
 69  18.109597  -0.065404   302.246   302.249  3 54627.86642855 51.685
 70  18.108761  -0.069280   301.202   301.198  4 54662.86643508 51.687
 71  18.110703  -0.061920   302.134   302.136  3 54697.86641090 51.825
 72  18.109609  -0.064471   302.197   302.197  2 54732.86639330 51.258
 73  18.110255  -0.062596   302.804   302.827  3 54767.86638976 32.977
 74  18.108782  -0.064749   303.970   303.967  3 54802.86638649 50.926
 75  18.109972  -0.063763   303.275   303.267  3 54837.86638297 50.651
 76  18.109437  -0.064402   302.582   302.582  2 54872.86638602 52.175
 77  18.108504  -0.065516   302.191   302.198  3 54907.86638934 52.527
 78  18.108772  -0.065657   302.042   302.043  3 54942.86637871 52.016
 79  18.109379  -0.068212   302.641   302.644  4 54977.86640604 51.209
 80  18.109166  -0.063782   302.057   302.037  3 55012.86641329 50.095
 81  18.110208  -0.063765   301.592   301.596  3 55047.86640590 51.505
 82  18.109703  -0.063026   302.250   302.250  3 55082.86637697 51.875
 83  18.110842  -0.064158   302.431   302.416  3 55117.86633748 52.583
 84  18.109264  -0.065430   303.452   303.451  3 55152.86633420 44.039
 85  18.109211  -0.065633   303.893   303.897  3 55187.86632513 50.751
 86  18.109255  -0.064053   303.115   303.106  3 55222.86633371 48.965
 87  18.110685  -0.064162   302.658   302.662  3 55257.86632085 51.740
 88  18.109555  -0.064802   303.023   303.026  3 55292.86632113 51.834
 89  18.108678  -0.069624   303.290   303.292  4 55327.86630437 50.760
 90  18.109609  -0.063861   302.749   302.753  3 55362.86630061 50.293
 91  18.109474  -0.064738   302.399   302.383  3 55397.86630869 21.506
 92  18.111312  -0.063244   302.230   302.229  3 55432.86631640 51.612
 93  18.110561  -0.061928   302.497   302.478  3 55467.86627455 52.346
