#  175.631 -11.111  11.074 ;Mean Elev.(m), Avg Gradient(m/km), RMS Gradient(m/km) - SRTM1     
#  167.003 -11.831  11.666 ;Mean Elev.(m), Avg Gradient(m/km), RMS Gradient(m/km) - ASTER GDEM
#  175.853  -9.659  16.905 ;Mean Elev.(m), Avg Gradient(m/km), RMS Gradient(m/km) - GMTED2010 
  8  14.154777  -4.950609   210.506   214.553  7 52485.87947735  3.998
  9  14.154811  -4.950314   171.889   171.712  7 52520.87944370 32.048
 10  14.151961  -4.958539   219.706   218.633  5 52555.87949324  0.737
 11  14.151486  -4.947233   177.031   176.681  4 52590.87948578 42.689
 12  14.160316  -4.945668   183.329   183.459  8 52625.87941026 41.933
 13  14.156011  -4.954366   177.825   177.103  5 52660.87944925 39.037
 14  14.158494  -4.951027   172.488   172.652  5 52695.87942899 44.923
 15  14.160135  -4.945935   170.318   170.310  8 52730.87945830 51.481
 17  14.156785  -4.943336   178.338   174.199  5 52800.87946531 47.361
 18  14.157900  -4.945080   178.588   176.460  7 52835.87953205 45.400
 19  14.159329  -4.950457   184.878   188.284  6 52870.87957190 37.466
 22  14.154533  -4.949741   180.531   180.947  7 52975.87954971 41.607
 23  14.154124  -4.962166   180.129   180.129  2 53010.87955072 30.442
 24  14.154144  -4.950712   214.981   219.233  8 53045.87951698  6.045
 25  14.152065  -4.961832   170.799   170.804  4 53080.87954883 44.965
 26  14.153401  -4.961915   169.763   169.961  3 53115.87951929 43.010
 27  14.152900  -4.961150   168.852   168.748  3 53150.87956737 44.951
 28  14.162559  -4.946157   179.620   180.331  6 53185.87955798 41.559
 29  14.156048  -4.949680   168.407   168.302  7 53220.87958344 28.192
 31  14.149483  -4.954774   220.907   220.951  7 53290.87957126  0.717
 32  14.159790  -4.951691   177.834   177.699  4 53325.87954622 16.610
 33  14.160559  -4.954106   178.405   178.405  2 53360.87950417 14.053
 36  14.155799  -4.945984   176.978   176.411  6 53465.87954726 42.503
 37  14.149954  -4.955079   171.940   171.048  8 53500.87960481 44.299
 40  14.156038  -4.953500   179.174   183.434  5 53605.87955066 41.898
 41  14.153723  -4.951710   196.936   199.775  7 53640.87955094 16.173
 42  14.150157  -4.949426   179.764   178.442  6 53675.87957084 43.014
 43  14.158332  -4.945596   186.143   185.888  6 53710.87950107 43.639
 44  14.158075  -4.944029   179.490   178.037  6 53745.87941146 41.873
 45  14.158148  -4.942009   176.547   175.023  6 53780.87944316 43.776
 46  14.155215  -4.937956   183.472   183.472  2 53815.87941272 25.980
 47  14.154182  -4.960244   171.314   171.435  3 53850.87947585 46.685
 48  14.162043  -4.943208   170.400   170.062  8 53885.87948810 45.834
 49  14.147851  -4.956744   169.173   168.387  9 53920.87955555 43.459
 50  14.148019  -4.955524   167.000   166.970  8 53955.87955337 43.702
 51  14.158742  -4.948664   201.185   203.182  7 53990.87947304 10.103
 52  14.156384  -4.947388   174.967   174.849  7 54025.87953909 23.748
 53  14.160360  -4.944857   179.007   179.127  8 54060.87953230 32.259
 54  14.154766  -4.949499   180.000   179.997  8 54095.87950530 27.877
 55  14.158327  -4.955568   175.405   175.617  3 54130.87945129 48.139
 57  14.154828  -4.944998   169.831   170.034  5 54200.87945601 47.035
 58  14.156614  -4.947929   215.214   218.218  7 54235.87949276  4.188
 59  14.156198  -4.949308   180.244   180.735  6 54270.87951348 43.444
 60  14.156229  -4.949059   177.896   177.390  6 54305.87951582 41.729
 61  14.155381  -4.944728   178.085   173.650  5 54340.87949853 43.878
 62  14.156924  -4.952930   194.016   188.388  5 54375.87944954 25.124
 63  14.155098  -4.949100   179.352   179.362  7 54410.87944414 33.215
 64  14.155435  -4.944153   183.034   183.654  5 54445.87941490 45.156
 65  14.156704  -4.948311   178.981   179.192  8 54480.87943570 44.803
 66  14.157219  -4.948677   201.154   202.465  7 54515.87942817 14.970
 67  14.154995  -4.948732   170.996   170.814  8 54550.87944858 11.657
 68  14.155368  -4.945149   172.148   172.298  5 54585.87942506 35.225
 69  14.155295  -4.948882   170.417   170.496  8 54620.87944352 21.546
 70  14.152476  -4.942011   193.884   189.628  3 54655.87945482  6.798
 71  14.154578  -4.946764   177.143   172.883  5 54690.87943921 41.791
 72  14.157959  -4.953465   172.535   172.719  5 54725.87940388 10.709
 73  14.154664  -4.949354   174.488   174.684  8 54760.87941521 23.405
 74  14.155374  -4.948610   185.795   185.777  7 54795.87939731 41.664
 75  14.154631  -4.946165   183.898   182.689  6 54830.87941623 45.448
 76  14.157834  -4.953900   177.146   176.244  3 54865.87939190 42.143
 77  14.153521  -4.948891   179.039   177.367  6 54900.87941425 38.465
 78  14.156315  -4.949288   171.321   171.053  6 54935.87938361 40.547
 80  14.155117  -4.957809   170.755   171.157  4 55005.87943444 47.115
 81  14.155448  -4.944625   172.512   172.459  5 55040.87942473 40.428
 82  14.154481  -4.946998   208.645   206.188  5 55075.87940630  3.427
 83  14.157176  -4.954003   209.782   212.563  3 55110.87935559  3.158
 84  14.154283  -4.950585   176.910   176.866  7 55145.87935830 24.497
 85  14.156404  -4.948282   180.300   180.451  8 55180.87933388 40.852
 86  14.155285  -4.949863   177.115   176.546  8 55215.87935339 13.203
 87  14.158781  -4.953504   172.409   173.008  4 55250.87932934 41.655
 88  14.154312  -4.950468   175.576   175.646  8 55285.87934666 42.948
 90  14.154937  -4.950559   171.174   171.018  8 55355.87932124 13.257
 91  14.155709  -4.951998   186.008   186.192  5 55390.87932116 30.196
 92  14.156556  -4.950796   180.644   183.222  7 55425.87933789 45.088
 93  14.156134  -4.947757   179.948   180.253  6 55460.87930632 36.664
