#  280.987   0.177   1.529 ;Mean Elev.(m), Avg Gradient(m/km), RMS Gradient(m/km) - SRTM1     
#  264.128   0.343   2.199 ;Mean Elev.(m), Avg Gradient(m/km), RMS Gradient(m/km) - ASTER GDEM
#  281.027  -0.019   0.299 ;Mean Elev.(m), Avg Gradient(m/km), RMS Gradient(m/km) - GMTED2010 
  8  16.159884  -2.332710   281.816   281.812  9 52478.37088042 52.178
  9  16.172508  -2.337351   281.905   281.897 12 52513.37082427 44.459
 10  16.162914  -2.330828   282.915   282.834 11 52548.37086600 35.252
 11  16.171002  -2.321182   284.352   284.341 19 52583.37086239 52.607
 12  16.161417  -2.333753   285.798   285.793  8 52618.37084009 53.118
 13  16.172204  -2.340436   285.085   285.062 12 52653.37081689 31.792
 14  16.169655  -2.318295   282.897   282.908 18 52688.37081232 42.667
 15  16.168193  -2.318805   281.885   281.928 18 52723.37085877 37.020
 16  16.157781  -2.312877   282.221   282.221 15 52758.37087854 52.607
 17  16.170978  -2.318959   282.697   282.699 19 52793.37083219 50.937
 18  16.171319  -2.326627   281.943   281.902 16 52828.37090137 22.754
 19  16.171691  -2.333200   282.289   282.267 13 52863.37094760 17.310
 20  16.165250  -2.324515   283.249   283.233 13 52898.37097562 51.776
 21  16.162543  -2.332065   283.969   283.942  9 52933.37092249 51.273
 22  16.168913  -2.318757   284.982   284.971 19 52968.37092918 51.046
 23  16.158604  -2.331522   284.509   284.498  9 53003.37095409 38.413
 24  16.161036  -2.333855   282.984   282.988  8 53038.37090367 52.537
 25  16.164057  -2.327350   281.826   281.804 11 53073.37093019 52.146
 26  16.160916  -2.335674   281.454   281.443  8 53108.37090412 51.439
 27  16.167036  -2.318730   282.115   282.110 16 53143.37093773 47.461
 28  16.170153  -2.319616   281.696   281.697 19 53178.37095793 51.443
 29  16.164574  -2.325571   281.278   281.254 11 53213.37098014 31.595
 30  16.169038  -2.318317   282.169   282.199 19 53248.37094766 30.474
 31  16.160794  -2.333453   282.770   282.781  8 53283.37094289 50.979
 32  16.171058  -2.324082   284.122   284.115 18 53318.37093810 53.028
 33  16.171453  -2.328194   284.306   284.290 15 53353.37090521 27.399
 34  16.167594  -2.316580   283.311   283.310 17 53388.37090039 51.557
 35  16.171573  -2.333171   281.516   281.574 14 53423.37090356 18.440
 36  16.171246  -2.326605   281.504   281.485 16 53458.37090735 52.705
 37  16.157997  -2.331368   281.753   281.752 10 53493.37099358 51.990
 38  16.171525  -2.328350   281.862   281.823 16 53528.37097061 19.983
 39  16.159082  -2.331439   281.765   281.755  9 53563.37100171 20.998
 40  16.171137  -2.323232   281.376   281.324 18 53598.37094025 22.528
 41  16.160337  -2.334843   282.495   282.400  8 53633.37093854 19.016
 42  16.160147  -2.332984   283.231   283.232  9 53668.37096039 47.764
 43  16.171377  -2.328470   284.568   284.568 15 53703.37090177 52.077
 44  16.171355  -2.331224   282.944   282.950 15 53738.37081173 23.558
 45  16.171722  -2.330056   281.643   281.656 15 53773.37082588 16.332
 46  16.170912  -2.324351   281.478   281.456 18 53808.37081111 19.804
 48  16.170879  -2.322099   281.732   281.731 19 53878.37088019 50.171
 49  16.158864  -2.332036   282.123   282.120 10 53913.37093566 53.234
 51  16.168257  -2.316278   282.323   282.319 18 53983.37088693 50.551
 52  16.169935  -2.318940   282.604   282.697 19 54018.37091765 24.762
 53  16.172554  -2.340292   283.807   283.818 12 54053.37091497 29.217
 54  16.169981  -2.319179   285.374   285.382 19 54088.37090246 48.342
 55  16.168920  -2.318397   283.565   283.658 18 54123.37082453 42.572
 56  16.168005  -2.318064   282.127   282.163 18 54158.37086605 24.323
 57  16.168691  -2.318641   281.904   281.886 18 54193.37082570 52.274
 58  16.168654  -2.318056   282.164   282.160 19 54228.37087731 51.832
 59  16.169103  -2.319358   282.126   282.101 18 54263.37089649 17.306
 60  16.169624  -2.318594   282.067   282.060 18 54298.37090140 48.876
 61  16.169988  -2.319870   282.230   282.282 19 54333.37089119 22.123
 63  16.169157  -2.318922   284.410   284.408 18 54403.37083471 52.813
 65  16.170551  -2.319740   284.823   284.818 19 54473.37082065 51.774
 66  16.168930  -2.318723   282.981   282.981 19 54508.37080259 52.338
 67  16.169721  -2.319897   281.885   281.929 19 54543.37083490 24.532
 68  16.168924  -2.318744   282.024   282.039 18 54578.37080409 29.970
 69  16.169933  -2.318731   282.107   282.126 19 54613.37082526 24.914
 70  16.168478  -2.317646   282.396   282.400 18 54648.37083233 46.711
 71  16.169077  -2.318363   282.007   281.997 19 54683.37083210 45.672
 72  16.169469  -2.319376   282.729   282.732 19 54718.37077941 26.647
 73  16.168881  -2.316586   283.421   283.449 18 54753.37080539 39.073
 74  16.168095  -2.319025   284.274   284.420 18 54788.37077094 28.957
 75  16.169444  -2.318723   284.754   284.805 19 54823.37080004 43.606
 76  16.169336  -2.319206   282.810   282.923 19 54858.37076622 45.211
 77  16.168033  -2.315697   282.575   282.565 18 54893.37080227 24.359
 78  16.167513  -2.317034   281.935   281.910 18 54928.37076349 51.015
 80  16.165137  -2.323676   282.477   282.426 12 54998.37082387 28.039
 81  16.168230  -2.318301   282.501   282.499 18 55033.37081139 51.297
 82  16.169462  -2.319825   281.897   281.878 19 55068.37079991 21.435
 83  16.167075  -2.318709   283.032   283.023 17 55103.37073884 51.677
 84  16.168900  -2.318912   283.803   283.908 19 55138.37074728 28.657
 85  16.168986  -2.318137   285.248   285.237 18 55173.37070729 52.321
 86  16.168801  -2.318619   283.832   284.007 19 55208.37074178 28.665
 87  16.167836  -2.317863   282.693   282.714 18 55243.37071244 26.927
 88  16.168628  -2.317870   282.338   282.298 19 55278.37073498 25.441
 89  16.168898  -2.318566   282.960   282.950 18 55313.37069767 52.493
 90  16.169363  -2.319230   282.751   282.751 19 55348.37070610 52.232
 91  16.168368  -2.317984   282.607   282.596 18 55383.37069638 45.919
 92  16.169737  -2.317914   282.298   282.305 19 55418.37072431 20.915
 93  16.169546  -2.319594   282.470   282.460 19 55453.37070513 46.029
 94  16.170194  -2.319846   283.206   283.324 19 55488.37062642 35.235
