#    1.006  -2.889   3.388 ;Mean Elev.(m), Avg Gradient(m/km), RMS Gradient(m/km) - SRTM1     
#    2.302  -3.197   4.319 ;Mean Elev.(m), Avg Gradient(m/km), RMS Gradient(m/km) - ASTER GDEM
#    1.107  -3.803   4.358 ;Mean Elev.(m), Avg Gradient(m/km), RMS Gradient(m/km) - GMTED2010 
  6     3.349 52418.88325427 25.03  12.939317  -5.968734  5.209
  6     3.117 52418.88325491 23.74  12.938587  -5.965434  5.209
  6     2.430 52418.88325556 21.11  12.937847  -5.962134  5.209
  6     3.971 52418.88325620 21.51  12.937117  -5.958824  5.209
  6     3.117 52418.88325685 21.03  12.936387  -5.955524  5.209
  6     2.707 52418.88325749 17.86  12.935657  -5.952214  5.209
  6     2.860 52418.88325814 16.11  12.934927  -5.948914  5.209
  6     2.826 52418.88325878 15.33  12.934187  -5.945614  5.209
  6     2.600 52418.88325943 15.63  12.933457  -5.942304  5.209
  6     2.587 52418.88326007 14.98  12.932727  -5.939004  5.209
  6     2.658 52418.88326072 14.71  12.931997  -5.935704  5.209
  6     2.656 52418.88326136 14.44  12.931267  -5.932394  5.209
  6     2.521 52418.88326200 14.72  12.930537  -5.929094  5.209
  6     2.661 52418.88326265 14.61  12.929797  -5.925794  5.209
  6     2.560 52418.88326329 14.45  12.929067  -5.922484  5.209
  6     2.571 52418.88326394 14.22  12.928337  -5.919184  5.209
  6     2.530 52418.88326458 14.23  12.927607  -5.915874  5.209
  6     2.514 52418.88326523 14.98  12.926876  -5.912569 21.176
  6     2.516 52418.88326587 15.14  12.926146  -5.909269 21.176
  6     2.736 52418.88326652 15.98  12.925416  -5.905969 21.176
  7     9.277 52453.88327999 21.51  12.938556  -5.969516 22.919
  7     9.419 52453.88328064 19.67  12.937826  -5.966216 22.919
  7     8.883 52453.88328128 18.42  12.937096  -5.962916 22.919
  7     7.971 52453.88328193 17.27  12.936366  -5.959606 22.919
  7     7.208 52453.88328257 16.45  12.935636  -5.956306 22.919
  7     7.690 52453.88328322 15.81  12.934906  -5.952996 22.919
  7     7.411 52453.88328386 15.25  12.934166  -5.949696 22.919
  7     7.383 52453.88328451 15.52  12.933436  -5.946396 22.919
  7     7.082 52453.88328515 14.78  12.932706  -5.943086 22.919
  7     6.836 52453.88328580 13.79  12.931976  -5.939790 15.063
  7     6.337 52453.88328644 14.01  12.931246  -5.936480 15.063
  7     6.479 52453.88328708 13.13  12.930516  -5.933180 15.063
  7     6.474 52453.88328773 12.82  12.929776  -5.929880 15.063
  7     6.451 52453.88328837 12.67  12.929046  -5.926570 15.063
  7     4.960 52453.88328902 12.03  12.928316  -5.923270 15.063
  7     4.639 52453.88328966 12.74  12.927586  -5.919960 15.063
  7     4.149 52453.88329031 13.02  12.926856  -5.916660 15.063
  7     4.395 52453.88329095 13.61  12.926126  -5.913360 15.063
  7     4.820 52453.88329160 13.37  12.925396  -5.910050 15.063
  7     7.042 52453.88329224 13.46  12.924656  -5.906750 15.063
  8     1.764 52488.88326283 27.19  12.941303  -5.944124 14.519
  8     1.548 52488.88326412 16.71  12.939843  -5.937514 14.519
  8     1.597 52488.88326476 14.62  12.939113  -5.934214 14.519
  8     1.607 52488.88326541 14.01  12.938383  -5.930904 14.519
  8     1.612 52488.88326605 13.50  12.937653  -5.927604 14.519
  8     1.800 52488.88326670 12.96  12.936923  -5.924304 14.519
  8     1.867 52488.88326734 12.49  12.936183  -5.920994 14.519
  8     1.822 52488.88326799 12.43  12.935453  -5.917694 14.519
  8     1.696 52488.88326863 12.20  12.934723  -5.914384 14.519
  8     1.783 52488.88326927 12.12  12.933996  -5.911088 13.120
  8     1.617 52488.88326992 12.05  12.933266  -5.907778 13.120
  8     1.673 52488.88327056 12.10  12.932526  -5.904478 13.120
  9     2.432 52523.88323289 18.54  12.943116  -5.970051  7.701
  9     2.098 52523.88323353 21.55  12.942376  -5.966751  7.701
  9     2.060 52523.88323418 22.83  12.941646  -5.963451  7.701
  9     2.045 52523.88323482 21.93  12.940916  -5.960141  7.701
  9     2.263 52523.88323546 22.89  12.940191  -5.956844  6.301
  9     1.951 52523.88323804 20.07  12.937261  -5.943624  6.301
  9     1.713 52523.88323869 18.06  12.936531  -5.940324  6.301
  9     1.696 52523.88323933 16.16  12.935801  -5.937014  6.301
  9     1.959 52523.88323998 13.40  12.935071  -5.933714  6.301
  9     1.982 52523.88324062 12.91  12.934341  -5.930414  6.301
  9     2.003 52523.88324127 12.30  12.933611  -5.927104  6.301
  9     2.092 52523.88324191 12.14  12.932871  -5.923804  6.301
  9     2.048 52523.88324256 12.25  12.932141  -5.920504  6.301
  9     1.895 52523.88324320 12.58  12.931411  -5.917194  6.301
  9     1.988 52523.88324385 12.83  12.930681  -5.913894  6.301
  9     1.856 52523.88324449 13.56  12.929951  -5.910584  6.301
  9     2.091 52523.88324513 14.21  12.929221  -5.907284  6.301
  9     2.113 52523.88324578 15.43  12.928491  -5.903984  6.301
 10     3.374 52558.88328286 16.61  12.940614  -5.969422  6.262
 10     2.952 52558.88328351 16.28  12.939884  -5.966122  6.262
 10     2.759 52558.88328415 18.61  12.939154  -5.962812  6.262
 10     2.882 52558.88328737 17.28  12.935500  -5.946297 11.384
 10     2.540 52558.88328802 16.55  12.934770  -5.942987 11.384
 10     2.639 52558.88328866 16.00  12.934030  -5.939687 11.384
 10     2.822 52558.88328931 15.70  12.933300  -5.936387 11.384
 10     2.844 52558.88328995 15.03  12.932570  -5.933077 11.384
 10     2.742 52558.88329060 14.67  12.931840  -5.929777 11.384
 10     2.560 52558.88329124 14.05  12.931110  -5.926477 11.384
 10     2.528 52558.88329189 14.07  12.930380  -5.923167 11.384
 10     2.440 52558.88329253 14.30  12.929640  -5.919867 11.384
 10     2.253 52558.88329318 14.77  12.928910  -5.916567 11.384
 10     2.267 52558.88329382 16.07  12.928180  -5.913257 11.384
 10     2.153 52558.88329447 18.38  12.927450  -5.909957 11.384
 10     2.632 52558.88329511 20.31  12.926720  -5.906647 11.384
 11     3.252 52593.88328908 18.71  12.932611  -5.947002  8.199
 11     3.085 52593.88328973 19.28  12.931881  -5.943692  8.199
 11     3.518 52593.88329037 18.10  12.931151  -5.940392  8.199
 11     3.502 52593.88329102 18.01  12.930421  -5.937092  8.199
 11     4.206 52593.88329166 18.41  12.929691  -5.933782  8.199
 11     4.690 52593.88329231 16.76  12.928951  -5.930482  8.199
 11     3.195 52593.88329295 16.75  12.928221  -5.927172  8.199
 11     3.292 52593.88329360 16.59  12.927491  -5.923872  8.199
 11     3.188 52593.88329424 16.61  12.926761  -5.920572  8.199
 11     2.839 52593.88329489 17.63  12.926031  -5.917262  8.199
 11     2.684 52593.88329553 18.64  12.925301  -5.913962  8.199
 11     2.680 52593.88329618 20.31  12.924571  -5.910662  8.199
 11     2.886 52593.88329682 25.53  12.923831  -5.907352  8.199
 12     4.080 52628.88321154 49.45  12.948461  -5.964524  7.671
 12     4.164 52628.88321218 46.44  12.947725  -5.961231 30.521
 12     4.305 52628.88321734 48.01  12.941875  -5.934791 30.521
 12     4.475 52628.88321798 49.29  12.941145  -5.931491 30.521
 12     4.286 52628.88321863 47.83  12.940405  -5.928191 30.521
 12     4.261 52628.88321927 48.63  12.939675  -5.924881 30.521
 12     4.149 52628.88321992 49.78  12.938945  -5.921581 30.521
 12     4.151 52628.88322056 48.70  12.938215  -5.918281 30.521
 12     4.418 52628.88322121 48.02  12.937485  -5.914971 30.521
 12     4.225 52628.88322185 44.15  12.936755  -5.911671 30.521
 12     4.045 52628.88322250 42.28  12.936015  -5.908371 30.521
 12     4.074 52628.88322314 42.91  12.935285  -5.905061 30.521
 13     4.197 52663.88324632 34.81  12.942240  -5.970442 11.358
 13     3.854 52663.88324696 28.50  12.941500  -5.967132 11.358
 13     3.596 52663.88324761 25.40  12.940770  -5.963832 11.358
 13     3.644 52663.88324825 22.88  12.940040  -5.960522 11.358
 13     3.968 52663.88325083 21.38  12.937111  -5.947307 10.633
 13     4.004 52663.88325148 20.19  12.936381  -5.944007 10.633
 13     3.871 52663.88325212 20.64  12.935651  -5.940707 10.633
 13     3.992 52663.88325276 20.36  12.934921  -5.937397 10.633
 13     4.173 52663.88325341 20.44  12.934191  -5.934097 10.633
 13     3.974 52663.88325405 20.03  12.933461  -5.930787 10.633
 13     3.843 52663.88325470 20.43  12.932721  -5.927487 10.633
 13     3.584 52663.88325534 20.26  12.931991  -5.924187 10.633
 13     3.627 52663.88325599 20.72  12.931261  -5.920877 10.633
 13     3.495 52663.88325663 21.13  12.930531  -5.917577 10.633
 13     3.328 52663.88325728 21.26  12.929801  -5.914277 10.633
 13     3.335 52663.88325792 22.29  12.929071  -5.910967 10.633
 13     3.446 52663.88325857 25.77  12.928341  -5.907667 10.633
 13     3.882 52663.88325921 33.71  12.927601  -5.904367 10.633
 14     2.870 52698.88322214 48.15  12.948378  -5.965407 11.812
 14     2.800 52698.88322279 49.93  12.947648  -5.962097 11.812
 14     2.760 52698.88322343 50.96  12.946918  -5.958797 11.812
 14     2.733 52698.88322408 44.66  12.946188  -5.955487 11.812
 14     2.782 52698.88322472 47.47  12.945451  -5.952192 33.840
 14     3.017 52698.88322537 48.50  12.944721  -5.948882 33.840
 14     2.840 52698.88322601 49.45  12.943991  -5.945582 33.840
 14     2.774 52698.88322666 49.14  12.943261  -5.942272 33.840
 14     2.867 52698.88322730 51.34  12.942531  -5.938972 33.840
 14     2.911 52698.88322794 50.39  12.941791  -5.935672 33.840
 14     2.944 52698.88322859 48.77  12.941061  -5.932362 33.840
 14     2.954 52698.88322923 48.14  12.940331  -5.929062 33.840
 14     2.831 52698.88322988 47.08  12.939601  -5.925762 33.840
 14     2.818 52698.88323052 47.13  12.938871  -5.922452 33.840
 14     2.797 52698.88323117 47.61  12.938131  -5.919152 33.840
 14     2.803 52698.88323181 41.81  12.937401  -5.915842 33.840
 14     2.734 52698.88323246 44.09  12.936671  -5.912542 33.840
 14     2.677 52698.88323310 49.63  12.935941  -5.909242 33.840
 14     2.793 52698.88323375 50.06  12.935211  -5.905932 33.840
 15     2.912 52733.88324697 47.21  12.949546  -5.963123 14.954
 15     3.155 52733.88324761 44.91  12.948816  -5.959813 14.954
 15     2.552 52733.88324826 46.60  12.948086  -5.956513 14.954
 15     2.971 52733.88324890 39.41  12.947356  -5.953213 14.954
 15     2.891 52733.88324955 40.85  12.946626  -5.949903 14.954
 15     2.849 52733.88325019 41.55  12.945896  -5.946603 14.954
 15     2.827 52733.88325083 44.27  12.945166  -5.943293 14.954
 15     2.731 52733.88325148 48.99  12.944426  -5.939993 14.954
 15     2.790 52733.88325212 49.84  12.943696  -5.936693 14.954
 15     2.833 52733.88325277 48.85  12.942966  -5.933383 14.954
 15     2.749 52733.88325341 50.83  12.942238  -5.930087 18.016
 15     2.659 52733.88325406 49.28  12.941508  -5.926777 18.016
 15     2.664 52733.88325470 49.76  12.940778  -5.923477 18.016
 15     2.672 52733.88325535 50.94  12.940038  -5.920177 18.016
 15     2.735 52733.88325599 50.99  12.939308  -5.916867 18.016
 15     2.828 52733.88325664 49.53  12.938578  -5.913567 18.016
 15     2.739 52733.88325728 49.43  12.937848  -5.910257 18.016
 15     2.761 52733.88325793 48.98  12.937118  -5.906957 18.016
 15     2.769 52733.88325857 48.34  12.936388  -5.903657 18.016
 16     2.670 52768.88324812 25.89  12.938498  -5.958568  9.275
 16     2.892 52768.88324877 25.15  12.937775  -5.955272  5.619
 16     2.774 52768.88324941 27.04  12.937035  -5.951962  5.619
 16     2.639 52768.88325006 23.66  12.936305  -5.948662  5.619
 16     2.289 52768.88325070 23.03  12.935575  -5.945352  5.619
 16     2.148 52768.88325134 22.84  12.934845  -5.942052  5.619
 16     2.110 52768.88325199 23.09  12.934115  -5.938752  5.619
 16     2.273 52768.88325263 22.59  12.933385  -5.935442  5.619
 16     2.313 52768.88325328 22.51  12.932655  -5.932142  5.619
 16     2.434 52768.88325392 21.95  12.931925  -5.928842  5.619
 16     2.493 52768.88325457 21.91  12.931195  -5.925532  5.619
 16     2.398 52768.88325521 22.15  12.930455  -5.922232  5.619
 16     2.324 52768.88325586 22.56  12.929725  -5.918932  5.619
 16     2.462 52768.88325650 21.38  12.928995  -5.915622  5.619
 16     2.171 52768.88325715 21.79  12.928265  -5.912322  5.619
 16     2.257 52768.88325779 21.16  12.927535  -5.909012  5.619
 16     2.387 52768.88325844 20.73  12.926805  -5.905712  5.619
 17     1.542 52803.88327244 25.47  12.942364  -5.962454 10.601
 17     1.989 52803.88327309 24.87  12.941634  -5.959154 10.601
 17     2.243 52803.88327373 27.66  12.940904  -5.955844 10.601
 17     2.184 52803.88327438 35.87  12.940174  -5.952544 10.601
 17     2.827 52803.88327502 30.36  12.939434  -5.949244 10.601
 17     1.964 52803.88327566 24.61  12.938704  -5.945934 10.601
 17     1.848 52803.88327631 19.59  12.937974  -5.942634 10.601
 17     1.892 52803.88327695 15.94  12.937244  -5.939324 10.601
 17     1.924 52803.88327760 15.50  12.936514  -5.936024 10.601
 17     2.008 52803.88327824 13.78  12.935774  -5.932724 10.601
 17     2.005 52803.88327889 13.38  12.935044  -5.929414 10.601
 17     2.184 52803.88327953 12.77  12.934314  -5.926114 10.601
 17     2.201 52803.88328018 12.67  12.933584  -5.922814 10.601
 17     2.066 52803.88328082 13.00  12.932854  -5.919504 10.601
 17     2.122 52803.88328147 13.25  12.932124  -5.916204 10.601
 17     2.030 52803.88328211 13.78  12.931384  -5.912904 10.601
 17     2.054 52803.88328276 13.71  12.930654  -5.909594 10.601
 17     2.298 52803.88328340 14.32  12.929924  -5.906294 10.601
 18     2.050 52838.88333526 24.98  12.944413  -5.962764  9.736
 18     2.059 52838.88333590 25.71  12.943683  -5.959454  9.736
 18     2.284 52838.88333655 30.84  12.942953  -5.956154  9.736
 18     2.314 52838.88333719 33.93  12.942223  -5.952844  9.736
 18     2.946 52838.88333784 31.57  12.941483  -5.949544  9.736
 18     2.374 52838.88333848 26.40  12.940753  -5.946244  9.736
 18     2.214 52838.88333912 20.65  12.940023  -5.942934  9.736
 18     2.036 52838.88333977 17.60  12.939293  -5.939634  9.736
 18     2.005 52838.88334041 16.69  12.938563  -5.936334  9.736
 18     1.977 52838.88334106 15.88  12.937833  -5.933024  9.736
 18     2.027 52838.88334170 16.06  12.937093  -5.929724  9.736
 18     2.044 52838.88334235 15.17  12.936363  -5.926424  9.736
 18     2.129 52838.88334299 15.33  12.935633  -5.923114  9.736
 18     1.859 52838.88334364 16.88  12.934903  -5.919814  9.736
 18     1.884 52838.88334428 17.02  12.934173  -5.916504  9.736
 18     1.890 52838.88334493 16.54  12.933433  -5.913204  9.736
 18     1.410 52838.88334557 17.85  12.932703  -5.909904  9.736
 18     1.560 52838.88334622 18.61  12.931973  -5.906594  9.736
 18     1.681 52838.88334686 18.47  12.931243  -5.903294  9.736
 19     3.559 52873.88337754 30.29  12.940286  -5.948823  7.940
 19     1.942 52873.88337819 25.60  12.939556  -5.945523  7.940
 19     1.997 52873.88337883 19.36  12.938826  -5.942213  7.940
 19     1.772 52873.88337948 19.41  12.938096  -5.938913  7.940
 19     1.764 52873.88338012 19.14  12.937366  -5.935603  7.940
 19     1.588 52873.88338077 18.90  12.936636  -5.932303  7.940
 19     1.847 52873.88338141 18.81  12.935896  -5.929003  7.940
 19     1.942 52873.88338206 18.35  12.935166  -5.925693  7.940
 19     1.928 52873.88338270 18.73  12.934436  -5.922393  7.940
 19     1.969 52873.88338335 18.19  12.933706  -5.919093  7.940
 19     1.905 52873.88338399 18.91  12.932976  -5.915783  7.940
 19     1.816 52873.88338464 18.55  12.932246  -5.912483  7.940
 19     1.872 52873.88338528 18.16  12.931506  -5.909183  7.940
 19     1.586 52873.88338593 19.34  12.930776  -5.905873  7.940
 20     3.535 52908.88335394 29.34  12.946841  -5.963809 13.060
 20     2.165 52908.88335459 27.34  12.946111  -5.960509 13.060
 20     3.021 52908.88335523 25.09  12.945381  -5.957199 13.060
 20     2.931 52908.88335588 38.28  12.944653  -5.953903 15.655
 20     3.244 52908.88335652 29.77  12.943923  -5.950593 15.655
 20     2.926 52908.88335717 26.76  12.943193  -5.947293 15.655
 20     2.819 52908.88335781 25.83  12.942453  -5.943983 15.655
 20     2.785 52908.88335846 16.35  12.941723  -5.940683 15.655
 20     2.555 52908.88335910 14.89  12.940993  -5.937383 15.655
 20     2.692 52908.88335974 13.82  12.940263  -5.934073 15.655
 20     2.696 52908.88336039 13.24  12.939533  -5.930773 15.655
 20     2.811 52908.88336103 12.62  12.938803  -5.927463 15.655
 20     2.790 52908.88336168 13.03  12.938073  -5.924163 15.655
 20     2.817 52908.88336232 12.47  12.937333  -5.920863 15.655
 20     2.786 52908.88336297 12.89  12.936603  -5.917553 15.655
 20     2.629 52908.88336361 13.29  12.935873  -5.914253 15.655
 20     2.657 52908.88336426 14.32  12.935143  -5.910953 15.655
 20     2.587 52908.88336490 15.52  12.934413  -5.907643 15.655
 20     2.775 52908.88336555 21.14  12.933683  -5.904343 15.655
 21     2.574 52943.88329001 23.94  12.945482  -5.939529  9.113
 21     2.089 52943.88329065 23.34  12.944752  -5.936219  9.113
 21     1.700 52943.88329130 23.21  12.944022  -5.932919  9.113
 21     2.271 52943.88329194 23.14  12.943292  -5.929609  9.113
 21     2.512 52943.88329259 22.31  12.942562  -5.926309  9.113
 21     2.641 52943.88329323 21.89  12.941822  -5.923009  9.113
 21     2.695 52943.88329388 21.39  12.941092  -5.919699  9.113
 21     2.848 52943.88329452 21.28  12.940362  -5.916399  9.113
 21     2.807 52943.88329517 21.55  12.939632  -5.913099  9.113
 21     2.891 52943.88329581 21.17  12.938902  -5.909789  9.113
 21     3.193 52943.88329646 20.68  12.938162  -5.906489  9.113
 21     3.393 52943.88329710 29.21  12.937432  -5.903179  9.113
 22     3.875 52978.88334924 44.91  12.934538  -5.922086 31.339
 22     5.156 52978.88334989 44.46  12.933808  -5.918786 31.339
 22     4.611 52978.88335053 43.13  12.933078  -5.915486 31.339
 22     3.778 52978.88335118 43.93  12.932348  -5.912176 31.339
 22     3.760 52978.88335182 44.62  12.931608  -5.908876 31.339
 22     3.811 52978.88335247 37.35  12.930878  -5.905576 31.339
 23     3.573 53013.88333834 27.77  12.941331  -5.970530  8.161
 23     3.343 53013.88333899 23.56  12.940591  -5.967220  8.161
 23     3.088 53013.88333963 23.18  12.939861  -5.963920  8.161
 23     3.710 53013.88334027 20.58  12.939131  -5.960610  8.161
 23     3.929 53013.88334092 36.49  12.938404  -5.957315 10.495
 23     4.333 53013.88334156 31.23  12.937674  -5.954005 10.495
 23     4.165 53013.88334221 20.73  12.936944  -5.950705 10.495
 23     3.357 53013.88334285 17.52  12.936204  -5.947405 10.495
 23     3.224 53013.88334350 17.33  12.935474  -5.944095 10.495
 23     3.214 53013.88334414 17.47  12.934744  -5.940795 10.495
 23     3.350 53013.88334479 16.61  12.934014  -5.937485 10.495
 23     3.572 53013.88334543 15.96  12.933284  -5.934185 10.495
 23     3.472 53013.88334608 16.27  12.932554  -5.930885 10.495
 23     3.469 53013.88334672 15.57  12.931824  -5.927575 10.495
 23     3.385 53013.88334737 15.72  12.931084  -5.924275 10.495
 23     3.376 53013.88334801 16.12  12.930354  -5.920965 10.495
 23     3.248 53013.88334866 16.66  12.929624  -5.917665 10.495
 23     3.234 53013.88334930 17.07  12.928894  -5.914365 10.495
 23     3.175 53013.88334994 17.91  12.928164  -5.911055 10.495
 23     3.178 53013.88335059 22.00  12.927434  -5.907755 10.495
 23     3.644 53013.88335123 25.06  12.926704  -5.904455 10.495
 24     2.829 53048.88331156 24.90  12.942807  -5.961672  8.506
 24     3.064 53048.88331221 25.10  12.942071  -5.958376 15.133
 24     3.139 53048.88331285 31.19  12.941341  -5.955066 15.133
 24     3.787 53048.88331349 30.52  12.940611  -5.951766 15.133
 24     4.175 53048.88331414 32.42  12.939881  -5.948466 15.133
 24     3.273 53048.88331478 27.97  12.939151  -5.945156 15.133
 24     3.059 53048.88331543 32.69  12.938411  -5.941856 15.133
 24     2.982 53048.88331607 36.00  12.937681  -5.938546 15.133
 24     3.045 53048.88331672 37.34  12.936951  -5.935246 15.133
 24     3.018 53048.88331736 38.04  12.936221  -5.931946 15.133
 24     2.885 53048.88331801 41.26  12.935491  -5.928636 15.133
 24     3.211 53048.88331865 39.56  12.934751  -5.925336 15.133
 24     2.956 53048.88331930 38.91  12.934021  -5.922026 15.133
 24     2.892 53048.88331994 43.46  12.933291  -5.918726 15.133
 24     3.074 53048.88332059 41.84  12.932561  -5.915426 15.133
 24     2.974 53048.88332123 41.87  12.931831  -5.912116 15.133
 24     2.849 53048.88332188 35.47  12.931101  -5.908816 15.133
 24     2.941 53048.88332252 36.17  12.930361  -5.905516 15.133
 25     1.790 53083.88334685 25.92  12.934901  -5.962257  7.813
 25     1.851 53083.88334750 23.85  12.934173  -5.958961  4.867
 25     1.998 53083.88334814 21.78  12.933443  -5.955651  4.867
 25     1.957 53083.88334879 21.80  12.932713  -5.952351  4.867
 25     1.781 53083.88334943 21.40  12.931973  -5.949051  4.867
 25     1.680 53083.88335008 21.34  12.931243  -5.945741  4.867
 25     1.613 53083.88335072 21.27  12.930513  -5.942441  4.867
 25     1.380 53083.88335137 20.70  12.929783  -5.939131  4.867
 25     1.501 53083.88335201 20.87  12.929053  -5.935831  4.867
 25     1.730 53083.88335330 20.15  12.927593  -5.929221  4.867
 25     1.804 53083.88335395 19.51  12.926853  -5.925921  4.867
 25     1.842 53083.88335459 19.49  12.926123  -5.922611  4.867
 25     1.841 53083.88335523 19.50  12.925393  -5.919311  4.867
 25     1.938 53083.88335588 19.44  12.924663  -5.916011  4.867
 25     1.875 53083.88335652 19.40  12.923933  -5.912701  4.867
 25     1.873 53083.88335717 20.24  12.923203  -5.909401  4.867
 25     2.083 53083.88335781 20.37  12.922473  -5.906101  4.867
 26     2.463 53118.88331555 19.23  12.940958  -5.970043  4.328
 26     2.256 53118.88331620 18.68  12.940228  -5.966743  4.328
 26     2.111 53118.88331684 18.76  12.939498  -5.963443  4.328
 26     2.165 53118.88331748 18.96  12.938764  -5.960139  4.079
 26     2.339 53118.88331813 21.60  12.938034  -5.956829  4.079
 26     2.463 53118.88331877 31.97  12.937304  -5.953529  4.079
 26     3.108 53118.88331942 25.63  12.936574  -5.950219  4.079
 26     2.300 53118.88332006 20.47  12.935834  -5.946919  4.079
 26     2.121 53118.88332071 18.43  12.935104  -5.943619  4.079
 26     1.998 53118.88332135 18.19  12.934374  -5.940309  4.079
 26     2.077 53118.88332200 18.23  12.933644  -5.937009  4.079
 26     2.038 53118.88332264 17.64  12.932914  -5.933699  4.079
 26     2.057 53118.88332329 18.24  12.932184  -5.930399  4.079
 26     2.080 53118.88332393 18.07  12.931444  -5.927099  4.079
 26     2.088 53118.88332458 18.51  12.930714  -5.923789  4.079
 26     2.044 53118.88332522 18.20  12.929984  -5.920489  4.079
 26     2.154 53118.88332587 18.22  12.929254  -5.917189  4.079
 26     1.978 53118.88332651 18.72  12.928524  -5.913879  4.079
 26     1.964 53118.88332715 18.60  12.927794  -5.910579  4.079
 26     2.010 53118.88332780 18.81  12.927054  -5.907279  4.079
 27     2.539 53153.88336851 26.32  12.936788  -5.963304  6.460
 27     0.960 53153.88336916 24.28  12.936058  -5.959994  6.460
 27     1.937 53153.88336980 25.45  12.935328  -5.956694  6.460
 27     2.593 53153.88337045 22.55  12.934598  -5.953384  6.460
 27     1.523 53153.88337109 19.37  12.933858  -5.950084  6.460
 27     1.368 53153.88337173 17.83  12.933128  -5.946784  6.460
 27     1.208 53153.88337238 18.14  12.932398  -5.943474  6.460
 27     1.428 53153.88337302 16.05  12.931668  -5.940174  6.460
 27     1.520 53153.88337367 14.92  12.930938  -5.936864  6.460
 27     1.447 53153.88337431 15.10  12.930208  -5.933564  6.460
 27     1.523 53153.88337496 13.92  12.929468  -5.930264  6.460
 27     1.648 53153.88337560 13.77  12.928738  -5.926954  6.460
 27     1.657 53153.88337625 13.53  12.928008  -5.923654  6.460
 27     1.654 53153.88337689 13.53  12.927278  -5.920354  6.460
 27     1.648 53153.88337754 13.55  12.926548  -5.917044  6.460
 27     1.655 53153.88337818 13.62  12.925818  -5.913744  6.460
 27     1.463 53153.88337883 14.48  12.925078  -5.910434  6.460
 27     1.640 53153.88337947 14.88  12.924348  -5.907134  6.460
 28     1.257 53188.88335728 24.19  12.948793  -5.962302 14.708
 28     1.696 53188.88335922 40.74  12.946603  -5.952382 14.708
 28     2.578 53188.88335986 38.74  12.945863  -5.949082 14.708
 28     2.564 53188.88336051 35.21  12.945133  -5.945782 14.708
 28     1.867 53188.88336115 32.54  12.944403  -5.942472 14.708
 28     1.669 53188.88336179 20.87  12.943673  -5.939172 14.708
 28     1.481 53188.88336244 16.62  12.942943  -5.935872 14.708
 28     1.366 53188.88336308 15.85  12.942213  -5.932562 14.708
 28     1.553 53188.88336373 13.56  12.941473  -5.929262 14.708
 28     1.601 53188.88336437 13.52  12.940743  -5.925952 14.708
 28     1.639 53188.88336502 13.65  12.940013  -5.922652 14.708
 28     1.632 53188.88336566 13.35  12.939283  -5.919352 14.708
 28     1.594 53188.88336631 13.57  12.938553  -5.916042 14.708
 28     1.504 53188.88336695 14.39  12.937823  -5.912742 14.708
 28     1.397 53188.88336760 14.67  12.937093  -5.909442 14.708
 28     1.422 53188.88336824 15.18  12.936353  -5.906132 14.708
 29     1.697 53223.88337135 19.47  12.945540  -5.967853  5.214
 29     1.722 53223.88337199 16.50  12.944810  -5.964553  5.214
 29     1.954 53223.88337264 19.64  12.944080  -5.961243  5.214
 29     1.938 53223.88337328 23.93  12.943352  -5.957947  7.986
 29     2.176 53223.88337392 26.84  12.942622  -5.954637  7.986
 29     1.678 53223.88337457 40.36  12.941892  -5.951337  7.986
 29     2.290 53223.88337521 30.38  12.941152  -5.948027  7.986
 29     2.264 53223.88337586 22.07  12.940422  -5.944727  7.986
 29     1.627 53223.88337650 17.76  12.939692  -5.941427  7.986
 29     1.516 53223.88337715 14.96  12.938962  -5.938117  7.986
 29     1.501 53223.88337779 14.07  12.938232  -5.934817  7.986
 29     1.489 53223.88337844 14.15  12.937502  -5.931507  7.986
 29     1.611 53223.88337908 12.87  12.936772  -5.928207  7.986
 29     1.661 53223.88337973 12.01  12.936032  -5.924907  7.986
 29     1.725 53223.88338037 12.08  12.935302  -5.921597  7.986
 29     1.730 53223.88338102 12.20  12.934572  -5.918297  7.986
 29     1.764 53223.88338166 12.10  12.933842  -5.914997  7.986
 29     1.719 53223.88338231 12.01  12.933112  -5.911687  7.986
 29     1.609 53223.88338295 12.12  12.932382  -5.908387  7.986
 29     1.414 53223.88338359 11.92  12.931652  -5.905087  7.986
 30     1.739 53258.88335052 20.06  12.934492  -5.948427  6.649
 30     1.649 53258.88335116 19.41  12.933762  -5.945127  6.649
 30     1.672 53258.88335181 17.47  12.933032  -5.941827  6.649
 30     1.905 53258.88335245 15.89  12.932302  -5.938517  6.649
 30     2.254 53258.88335310 18.60  12.931572  -5.935217  6.649
 30     2.173 53258.88335374 16.18  12.930842  -5.931917  6.649
 30     1.998 53258.88335439 14.14  12.930112  -5.928607  6.649
 30     1.935 53258.88335503 13.70  12.929372  -5.925307  6.649
 30     1.973 53258.88335568 14.10  12.928642  -5.921997  6.649
 30     1.741 53258.88335632 15.04  12.927912  -5.918697  6.649
 30     1.724 53258.88335697 14.95  12.927182  -5.915397  6.649
 30     1.634 53258.88335761 15.87  12.926452  -5.912087  6.649
 30     1.782 53258.88335826 16.23  12.925722  -5.908787  6.649
 30     1.947 53258.88335890 16.89  12.924992  -5.905487  6.649
 31     3.107 53293.88337026 15.14  12.936299  -5.969429  6.152
 31     2.771 53293.88337090 15.03  12.935569  -5.966119  6.152
 31     2.571 53293.88337155 15.43  12.934834  -5.962824  9.810
 31     2.765 53293.88337219 16.00  12.934104  -5.959514  9.810
 31     2.747 53293.88337284 17.80  12.933374  -5.956214  9.810
 31     2.573 53293.88337348 17.41  12.932644  -5.952914  9.810
 31     2.626 53293.88337413 15.89  12.931914  -5.949604  9.810
 31     2.258 53293.88337477 16.25  12.931174  -5.946304  9.810
 31     2.608 53293.88337542 15.90  12.930444  -5.942994  9.810
 31     2.941 53293.88337606 15.80  12.929714  -5.939694  9.810
 31     3.718 53293.88337799 19.60  12.927514  -5.929784  9.810
 31     2.214 53293.88337864 13.98  12.926784  -5.926484  9.810
 31     2.303 53293.88337928 13.66  12.926054  -5.923174  9.810
 31     2.274 53293.88337993 12.93  12.925324  -5.919874  9.810
 31     2.266 53293.88338057 13.49  12.924594  -5.916564  9.810
 31     2.062 53293.88338122 14.19  12.923864  -5.913264  9.810
 31     2.425 53293.88338186 16.20  12.923124  -5.909964  9.810
 31     2.564 53293.88338251 21.36  12.922394  -5.906654  9.810
 32     2.128 53328.88334379 50.86  12.944971  -5.967299  7.315
 32     4.390 53328.88334444 47.13  12.944241  -5.963989  7.315
 32     3.537 53328.88335282 49.95  12.934731  -5.921043 29.668
 32     3.677 53328.88335346 49.84  12.934001  -5.917743 29.668
 32     3.660 53328.88335411 50.18  12.933271  -5.914433 29.668
 32     3.493 53328.88335475 52.50  12.932541  -5.911133 29.668
 32     3.762 53328.88335540 47.74  12.931811  -5.907833 29.668
 32     3.440 53328.88335604 53.19  12.931071  -5.904523 29.668
 33     3.310 53363.88330253 36.37  12.939243  -5.933022 11.016
 33     3.131 53363.88330317 35.80  12.938513  -5.929722 11.016
 33     3.313 53363.88330382 33.72  12.937783  -5.926412 11.016
 33     3.352 53363.88330446 32.62  12.937043  -5.923112 11.016
 33     3.553 53363.88330510 31.20  12.936313  -5.919802 11.016
 33     3.478 53363.88330575 30.28  12.935583  -5.916502 11.016
 33     3.431 53363.88330639 29.34  12.934853  -5.913202 11.016
 33     3.394 53363.88330704 29.08  12.934123  -5.909892 11.016
 33     3.498 53363.88330768 29.26  12.933393  -5.906592 11.016
 33     3.758 53363.88330833 31.70  12.932663  -5.903292 11.016
 34     4.300 53398.88331879 37.32  12.943345  -5.970130  7.931
 34     3.652 53398.88331944 30.82  12.942615  -5.966830  7.931
 34     3.141 53398.88332008 25.67  12.941885  -5.963520  7.931
 34     3.051 53398.88332073 25.82  12.941151  -5.960224  9.052
 34     3.123 53398.88332137 40.88  12.940421  -5.956914  9.052
 34     2.896 53398.88332202 39.85  12.939691  -5.953614  9.052
 34     3.927 53398.88332266 26.20  12.938951  -5.950304  9.052
 34     2.645 53398.88332331 25.75  12.938221  -5.947004  9.052
 34     2.641 53398.88332395 21.38  12.937491  -5.943704  9.052
 34     2.522 53398.88332459 21.03  12.936761  -5.940394  9.052
 34     2.540 53398.88332524 21.40  12.936031  -5.937094  9.052
 34     2.600 53398.88332588 21.44  12.935301  -5.933794  9.052
 34     2.711 53398.88332653 20.96  12.934571  -5.930484  9.052
 34     2.836 53398.88332717 20.90  12.933831  -5.927184  9.052
 34     2.883 53398.88332782 20.56  12.933101  -5.923874  9.052
 34     2.961 53398.88332846 21.19  12.932371  -5.920574  9.052
 34     3.000 53398.88332911 21.42  12.931641  -5.917274  9.052
 34     2.973 53398.88332975 21.90  12.930911  -5.913964  9.052
 34     2.874 53398.88333040 21.84  12.930181  -5.910664  9.052
 34     2.970 53398.88333104 22.73  12.929441  -5.907364  9.052
 34     3.455 53398.88333169 23.66  12.928711  -5.904054  9.052
 35     1.663 53433.88331007 28.35  12.945172  -5.965596 11.235
 35     1.771 53433.88331072 21.32  12.944442  -5.962286 11.235
 35     2.192 53433.88331136 21.79  12.943716  -5.958990  6.882
 35     2.189 53433.88331201 26.85  12.942986  -5.955680  6.882
 35     2.102 53433.88331265 34.74  12.942256  -5.952380  6.882
 35     2.273 53433.88331330 31.53  12.941516  -5.949070  6.882
 35     2.250 53433.88331394 23.87  12.940786  -5.945770  6.882
 35     2.012 53433.88331459 18.36  12.940056  -5.942470  6.882
 35     1.991 53433.88331523 16.96  12.939326  -5.939160  6.882
 35     1.970 53433.88331588 16.59  12.938596  -5.935860  6.882
 35     2.043 53433.88331652 16.27  12.937866  -5.932560  6.882
 35     2.101 53433.88331717 15.77  12.937136  -5.929250  6.882
 35     2.078 53433.88331781 16.17  12.936406  -5.925950  6.882
 35     2.073 53433.88331845 16.52  12.935666  -5.922640  6.882
 35     2.098 53433.88331910 16.57  12.934936  -5.919340  6.882
 35     1.983 53433.88331974 17.15  12.934206  -5.916040  6.882
 35     1.782 53433.88332039 17.73  12.933476  -5.912730  6.882
 35     1.755 53433.88332103 18.16  12.932746  -5.909430  6.882
 35     2.100 53433.88332168 18.72  12.932016  -5.906120  6.882
 36     2.547 53468.88335225 23.97  12.940699  -5.959923  7.229
 36     2.403 53468.88335290 33.75  12.939969  -5.956623  7.229
 36     2.262 53468.88335354 30.28  12.939239  -5.953313  7.229
 36     2.171 53468.88335419 22.95  12.938509  -5.950013  7.229
 36     2.151 53468.88335483 21.65  12.937769  -5.946713  7.229
 36     2.133 53468.88335548 19.64  12.937039  -5.943403  7.229
 36     1.959 53468.88335612 17.72  12.936309  -5.940103  7.229
 36     1.802 53468.88335677 18.57  12.935579  -5.936803  7.229
 36     2.068 53468.88335741 16.74  12.934849  -5.933493  7.229
 36     2.128 53468.88335806 16.06  12.934109  -5.930193  7.229
 36     2.145 53468.88335870 16.11  12.933379  -5.926893  7.229
 36     2.086 53468.88335934 15.85  12.932649  -5.923583  7.229
 36     2.100 53468.88335999 15.92  12.931919  -5.920283  7.229
 36     2.087 53468.88336063 16.09  12.931189  -5.916973  7.229
 36     2.002 53468.88336128 15.88  12.930459  -5.913673  7.229
 36     2.006 53468.88336192 16.30  12.929719  -5.910373  7.229
 36     2.251 53468.88336257 16.30  12.928989  -5.907063  7.229
 36     2.501 53468.88336321 18.99  12.928259  -5.903763  7.229
 38     1.650 53538.88339482 29.96  12.940946  -5.962514  7.306
 38     1.876 53538.88339546 25.85  12.940216  -5.959204  7.306
 38     1.948 53538.88339611 30.80  12.939486  -5.955904  7.306
 38     1.813 53538.88339675 28.02  12.938746  -5.952594  7.306
 38     1.854 53538.88339740 23.73  12.938016  -5.949294  7.306
 38     1.702 53538.88339804 21.66  12.937286  -5.945994  7.306
 38     1.660 53538.88339869 19.12  12.936556  -5.942684  7.306
 38     1.511 53538.88339933 19.27  12.935826  -5.939384  7.306
 38     1.263 53538.88339998 20.14  12.935096  -5.936084  7.306
 38     1.611 53538.88340062 18.32  12.934366  -5.932774  7.306
 38     1.662 53538.88340127 17.03  12.933626  -5.929474  7.306
 38     1.651 53538.88340191 16.79  12.932896  -5.926164  7.306
 38     1.807 53538.88340255 16.88  12.932166  -5.922864  7.306
 38     1.664 53538.88340320 18.15  12.931436  -5.919564  7.306
 38     1.627 53538.88340384 17.97  12.930706  -5.916254  7.306
 38     1.674 53538.88340449 17.68  12.929976  -5.912954  7.306
 38     1.562 53538.88340513 18.27  12.929246  -5.909654  7.306
 38     1.385 53538.88340578 18.76  12.928506  -5.906344  7.306
 39     2.690 53573.88339212 19.43  12.939522  -5.968430  6.222
 39     2.712 53573.88339276 21.94  12.938792  -5.965130  6.222
 39     2.038 53573.88339341 18.55  12.938062  -5.961820  6.222
 39     1.973 53573.88339405 20.42  12.937334  -5.958523  6.261
 39     1.895 53573.88339470 19.68  12.936604  -5.955213  6.261
 39     1.900 53573.88339534 19.59  12.935874  -5.951913  6.261
 39     2.027 53573.88339599 18.89  12.935134  -5.948613  6.261
 39     1.675 53573.88339663 17.57  12.934404  -5.945303  6.261
 39     1.710 53573.88339728 15.02  12.933674  -5.942003  6.261
 39     1.774 53573.88339792 13.81  12.932944  -5.938693  6.261
 39     2.023 53573.88339857 12.76  12.932214  -5.935393  6.261
 39     2.007 53573.88339921 12.67  12.931484  -5.932093  6.261
 39     1.917 53573.88339986 12.41  12.930754  -5.928783  6.261
 39     1.914 53573.88340050 11.99  12.930014  -5.925483  6.261
 39     2.016 53573.88340114 11.67  12.929284  -5.922173  6.261
 39     1.971 53573.88340179 11.86  12.928554  -5.918873  6.261
 39     1.916 53573.88340243 11.56  12.927824  -5.915573  6.261
 39     1.888 53573.88340308 11.90  12.927094  -5.912263  6.261
 39     1.849 53573.88340372 11.94  12.926364  -5.908963  6.261
 39     1.806 53573.88340437 12.31  12.925634  -5.905663  6.261
 40     1.974 53608.88334396 24.47  12.939331  -5.957164  4.584
 40     1.723 53608.88334460 25.39  12.938591  -5.953854  4.584
 40     1.701 53608.88334525 22.39  12.937861  -5.950554  4.584
 40     1.842 53608.88334589 21.59  12.937131  -5.947244  4.584
 40     1.452 53608.88334654 19.06  12.936401  -5.943944  4.584
 40     1.538 53608.88334718 17.55  12.935671  -5.940644  4.584
 40     1.277 53608.88334783 17.30  12.934941  -5.937334  4.584
 40     1.522 53608.88334847 16.31  12.934211  -5.934034  4.584
 40     1.646 53608.88334912 15.47  12.933481  -5.930734  4.584
 40     1.764 53608.88334976 14.78  12.932751  -5.927424  4.584
 40     1.740 53608.88335041 13.78  12.932011  -5.924124  4.584
 40     1.704 53608.88335105 13.72  12.931281  -5.920824  4.584
 40     1.633 53608.88335170 14.31  12.930551  -5.917514  4.584
 40     1.552 53608.88335234 14.52  12.929821  -5.914214  4.584
 40     1.530 53608.88335299 14.19  12.929091  -5.910904  4.584
 40     1.422 53608.88335363 14.96  12.928361  -5.907604  4.584
 40     1.134 53608.88335427 15.60  12.927631  -5.904304  4.584
 41     2.600 53643.88334365 12.52  12.943697  -5.970022  4.919
 41     2.532 53643.88334429 13.88  12.942967  -5.966722  4.919
 41     2.397 53643.88334494 15.87  12.942237  -5.963412  4.919
 41     3.004 53643.88334558 18.22  12.941501  -5.960117  8.661
 41     2.566 53643.88334623 30.45  12.940771  -5.956807  8.661
 41     2.590 53643.88334687 27.40  12.940041  -5.953507  8.661
 41     2.711 53643.88334752 25.59  12.939311  -5.950207  8.661
 41     2.593 53643.88334816 20.13  12.938581  -5.946897  8.661
 41     2.373 53643.88334881 16.50  12.937841  -5.943597  8.661
 41     2.106 53643.88334945 15.38  12.937111  -5.940287  8.661
 41     2.273 53643.88335010 12.81  12.936381  -5.936987  8.661
 41     2.172 53643.88335074 13.60  12.935651  -5.933687  8.661
 41     2.447 53643.88335138 12.08  12.934921  -5.930377  8.661
 41     2.203 53643.88335203 12.29  12.934181  -5.927077  8.661
 41     2.382 53643.88335267 12.01  12.933451  -5.923767  8.661
 41     2.407 53643.88335332 11.34  12.932721  -5.920467  8.661
 41     2.340 53643.88335396 11.24  12.931991  -5.917167  8.661
 41     2.290 53643.88335461 11.77  12.931261  -5.913857  8.661
 41     2.255 53643.88335525 11.95  12.930521  -5.910557  8.661
 41     2.496 53643.88335590 15.80  12.929791  -5.907257  8.661
 41     2.594 53643.88335654 18.73  12.929061  -5.903947  8.661
 42     2.923 53678.88336175 30.92  12.938504  -5.969281  5.823
 42     2.702 53678.88336239 28.09  12.937774  -5.965981  5.823
 42     3.599 53678.88336304 23.49  12.937044  -5.962671  5.823
 42     3.096 53678.88336626 21.38  12.933384  -5.946155  6.824
 42     2.689 53678.88336691 22.05  12.932654  -5.942855  6.824
 42     2.806 53678.88336755 22.09  12.931924  -5.939545  6.824
 42     3.221 53678.88336819 21.83  12.931194  -5.936245  6.824
 42     2.821 53678.88336884 21.55  12.930464  -5.932945  6.824
 42     2.683 53678.88336948 20.84  12.929734  -5.929635  6.824
 42     2.798 53678.88337013 20.57  12.928994  -5.926335  6.824
 42     2.896 53678.88337077 20.37  12.928264  -5.923025  6.824
 42     2.916 53678.88337142 20.44  12.927534  -5.919725  6.824
 42     2.990 53678.88337206 20.00  12.926804  -5.916425  6.824
 42     2.718 53678.88337271 20.40  12.926074  -5.913115  6.824
 42     2.680 53678.88337335 20.65  12.925344  -5.909815  6.824
 42     2.880 53678.88337400 21.19  12.924614  -5.906515  6.824
 43     2.655 53713.88329024 31.67  12.946497  -5.967472  7.776
 43     3.267 53713.88329089 21.86  12.945767  -5.964172  7.776
 43     3.254 53713.88329540 18.99  12.940652  -5.941046  9.627
 43     2.912 53713.88329604 17.57  12.939922  -5.937736  9.627
 43     3.063 53713.88329669 17.76  12.939192  -5.934436  9.627
 43     2.986 53713.88329733 17.78  12.938462  -5.931126  9.627
 43     3.063 53713.88329798 17.99  12.937732  -5.927826  9.627
 43     3.102 53713.88329862 17.69  12.936992  -5.924526  9.627
 43     3.147 53713.88329927 17.94  12.936262  -5.921216  9.627
 43     3.162 53713.88329991 18.08  12.935532  -5.917916  9.627
 43     3.195 53713.88330056 18.50  12.934802  -5.914616  9.627
 43     3.050 53713.88330120 19.03  12.934072  -5.911306  9.627
 43     3.124 53713.88330184 19.65  12.933342  -5.908006  9.627
 43     3.216 53713.88330249 20.98  12.932612  -5.904696  9.627
 44     3.017 53748.88320515 28.91  12.948580  -5.965232  8.082
 44     2.669 53748.88320579 23.75  12.947850  -5.961922  8.082
 44     3.013 53748.88320644 27.53  12.947111  -5.958618  9.774
 44     2.519 53748.88320708 41.79  12.946381  -5.955318  9.774
 44     3.445 53748.88320773 37.28  12.945651  -5.952018  9.774
 44     2.786 53748.88320837 41.05  12.944921  -5.948708  9.774
 44     3.561 53748.88320902 36.32  12.944191  -5.945408  9.774
 44     2.599 53748.88320966 23.31  12.943451  -5.942108  9.774
 44     2.437 53748.88321031 17.65  12.942721  -5.938798  9.774
 44     2.339 53748.88321095 17.21  12.941991  -5.935498  9.774
 44     2.373 53748.88321160 17.80  12.941261  -5.932188  9.774
 44     2.608 53748.88321224 17.30  12.940531  -5.928888  9.774
 44     2.663 53748.88321289 17.20  12.939791  -5.925588  9.774
 44     2.536 53748.88321353 17.64  12.939061  -5.922278  9.774
 44     2.579 53748.88321417 18.09  12.938331  -5.918978  9.774
 44     2.649 53748.88321482 18.58  12.937601  -5.915678  9.774
 44     2.682 53748.88321546 18.84  12.936871  -5.912368  9.774
 44     2.576 53748.88321611 18.93  12.936131  -5.909068  9.774
 44     2.597 53748.88321675 19.24  12.935401  -5.905768  9.774
 45     1.570 53783.88323556 36.38  12.947218  -5.966702 10.571
 45     1.942 53783.88323621 26.14  12.946488  -5.963402 10.571
 45     2.894 53783.88323685 18.44  12.945758  -5.960092 10.571
 45     2.502 53783.88324072 15.27  12.941370  -5.940276  6.442
 45     2.554 53783.88324136 14.36  12.940640  -5.936966  6.442
 45     2.510 53783.88324201 13.82  12.939910  -5.933666  6.442
 45     2.458 53783.88324265 14.10  12.939180  -5.930356  6.442
 45     2.378 53783.88324330 14.25  12.938450  -5.927056  6.442
 45     2.495 53783.88324394 14.49  12.937710  -5.923756  6.442
 45     2.435 53783.88324459 13.86  12.936980  -5.920446  6.442
 45     2.386 53783.88324523 14.32  12.936250  -5.917146  6.442
 45     2.433 53783.88324588 14.39  12.935520  -5.913846  6.442
 45     2.376 53783.88324652 13.95  12.934790  -5.910536  6.442
 45     2.343 53783.88324717 14.32  12.934060  -5.907236  6.442
 45     2.428 53783.88324781 14.56  12.933330  -5.903936  6.442
 46     2.059 53818.88319829 49.03  12.944901  -5.962395 14.658
 46     2.063 53818.88319894 50.04  12.944171  -5.959085 14.658
 46     2.202 53818.88319958 49.16  12.943441  -5.955785 14.658
 46     2.320 53818.88320023 48.12  12.942711  -5.952475 14.658
 46     2.206 53818.88320087 51.43  12.941970  -5.949178 39.403
 46     2.328 53818.88320151 49.72  12.941240  -5.945868 39.403
 46     2.192 53818.88320216 50.18  12.940510  -5.942568 39.403
 46     2.234 53818.88320280 52.84  12.939780  -5.939258 39.403
 46     2.268 53818.88320345 51.52  12.939050  -5.935958 39.403
 46     2.234 53818.88320409 51.34  12.938320  -5.932658 39.403
 46     2.341 53818.88320474 51.07  12.937590  -5.929348 39.403
 46     2.229 53818.88320538 51.30  12.936860  -5.926048 39.403
 46     2.343 53818.88320603 49.88  12.936130  -5.922748 39.403
 46     2.333 53818.88320667 50.60  12.935400  -5.919438 39.403
 46     2.188 53818.88320732 53.61  12.934660  -5.916138 39.403
 46     2.232 53818.88320796 51.61  12.933930  -5.912828 39.403
 46     2.263 53818.88320861 49.63  12.933200  -5.909528 39.403
 46     2.302 53818.88320925 50.46  12.932470  -5.906228 39.403
 47     2.525 53853.88327648 21.46  12.939709  -5.968287  6.441
 47     2.293 53853.88327712 19.23  12.938979  -5.964977  6.441
 47     2.387 53853.88327776 18.01  12.938249  -5.961677  6.441
 47     2.387 53853.88327841 19.06  12.937519  -5.958367  6.441
 47     2.405 53853.88327905 19.94  12.936784  -5.955072  4.069
 47     2.399 53853.88327970 18.64  12.936054  -5.951762  4.069
 47     2.399 53853.88328034 17.95  12.935324  -5.948462  4.069
 47     2.231 53853.88328099 17.47  12.934594  -5.945152  4.069
 47     2.278 53853.88328163 17.39  12.933864  -5.941852  4.069
 47     2.363 53853.88328228 15.87  12.933124  -5.938552  4.069
 47     2.430 53853.88328292 15.49  12.932394  -5.935242  4.069
 47     2.274 53853.88328357 15.99  12.931664  -5.931942  4.069
 47     2.351 53853.88328421 15.20  12.930934  -5.928642  4.069
 47     2.376 53853.88328486 14.75  12.930204  -5.925332  4.069
 47     2.233 53853.88328550 15.50  12.929464  -5.922032  4.069
 47     2.263 53853.88328615 15.01  12.928734  -5.918722  4.069
 47     2.205 53853.88328679 15.09  12.928004  -5.915422  4.069
 47     2.208 53853.88328743 14.95  12.927274  -5.912122  4.069
 47     2.099 53853.88328808 15.41  12.926544  -5.908812  4.069
 47     2.247 53853.88328872 15.56  12.925814  -5.905512  4.069
 48     1.646 53888.88328560 22.95  12.949697  -5.961204 10.837
 48     3.509 53888.88328753 32.10  12.947507  -5.951294 10.837
 48     2.295 53888.88328818 31.73  12.946767  -5.947994 10.837
 48     3.040 53888.88328882 25.57  12.946037  -5.944694 10.837
 48     2.087 53888.88328947 18.82  12.945307  -5.941384 10.837
 48     2.095 53888.88329011 13.73  12.944577  -5.938084 10.837
 48     1.996 53888.88329076 13.42  12.943847  -5.934774 10.837
 48     1.976 53888.88329140 13.36  12.943117  -5.931474 10.837
 48     2.106 53888.88329205 13.10  12.942377  -5.928174 10.837
 48     2.224 53888.88329269 12.77  12.941647  -5.924864 10.837
 48     2.100 53888.88329334 12.91  12.940917  -5.921564 10.837
 48     2.288 53888.88329398 13.27  12.940187  -5.918264 10.837
 48     2.158 53888.88329462 12.84  12.939457  -5.914954 10.837
 48     2.088 53888.88329527 12.74  12.938727  -5.911654 10.837
 48     2.075 53888.88329591 12.45  12.937997  -5.908344 10.837
 48     1.994 53888.88329656 12.79  12.937257  -5.905044 10.837
 49     1.400 53923.88335589 18.53  12.930144  -5.952387  3.033
 49     1.230 53923.88335654 18.77  12.929414  -5.949087  3.033
 49     1.105 53923.88335718 17.49  12.928674  -5.945777  3.033
 49     1.286 53923.88335783 17.64  12.927944  -5.942477  3.033
 49     1.055 53923.88335847 17.34  12.927214  -5.939177  3.033
 49     1.221 53923.88335976 16.91  12.925754  -5.932567  3.033
 49     1.393 53923.88336040 16.26  12.925024  -5.929267  3.033
 49     1.331 53923.88336105 16.44  12.924294  -5.925957  3.033
 49     1.436 53923.88336169 15.56  12.923554  -5.922657  3.033
 49     1.416 53923.88336234 15.39  12.922824  -5.919357  3.033
 49     1.533 53923.88336298 14.84  12.922094  -5.916047  3.033
 49     1.563 53923.88336363 14.61  12.921364  -5.912747  3.033
 49     1.562 53923.88336427 14.53  12.920634  -5.909437  3.033
 49     1.561 53923.88336492 14.60  12.919904  -5.906137  3.033
 50     1.916 53958.88334700 16.26  12.932680  -5.953324  3.860
 50     1.886 53958.88334765 15.53  12.931950  -5.950014  3.860
 50     1.891 53958.88334829 15.14  12.931220  -5.946714  3.860
 50     1.874 53958.88334894 14.14  12.930480  -5.943414  3.860
 50     1.776 53958.88334958 14.21  12.929750  -5.940104  3.860
 50     1.805 53958.88335023 14.29  12.929020  -5.936804  3.860
 50     1.897 53958.88335152 13.88  12.927560  -5.930194  3.860
 50     1.768 53958.88335216 13.79  12.926830  -5.926894  3.860
 50     1.850 53958.88335281 13.27  12.926100  -5.923584  3.860
 50     1.871 53958.88335345 12.80  12.925360  -5.920284  3.860
 50     1.827 53958.88335410 12.67  12.924630  -5.916984  3.860
 50     1.650 53958.88335474 12.55  12.923900  -5.913674  3.860
 50     1.818 53958.88335539 12.50  12.923170  -5.910374  3.860
 50     1.847 53958.88335603 12.39  12.922440  -5.907064  3.860
 51     1.849 53993.88327442 21.92  12.946757  -5.964435  8.098
 51     2.452 53993.88327507 19.23  12.946027  -5.961135  8.098
 51     1.994 53993.88327958 15.34  12.940897  -5.938012  7.790
 51     1.964 53993.88328023 12.25  12.940167  -5.934702  7.790
 51     2.150 53993.88328087 11.91  12.939437  -5.931402  7.790
 51     2.143 53993.88328152 11.88  12.938707  -5.928102  7.790
 51     2.157 53993.88328216 11.56  12.937977  -5.924792  7.790
 51     2.165 53993.88328281 11.27  12.937237  -5.921492  7.790
 51     2.132 53993.88328345 11.23  12.936507  -5.918182  7.790
 51     2.150 53993.88328409 11.16  12.935777  -5.914882  7.790
 51     2.294 53993.88328474 10.75  12.935047  -5.911582  7.790
 51     2.126 53993.88328538 10.95  12.934317  -5.908272  7.790
 51     2.104 53993.88328603 11.32  12.933577  -5.904972  7.790
 52     3.273 54028.88333382 35.49  12.945631  -5.966719  8.382
 52     1.960 54028.88333447 24.33  12.944901  -5.963409  8.382
 52     3.217 54028.88333511 22.15  12.944171  -5.960109  8.382
 52     2.801 54028.88333898 16.83  12.939776  -5.940283 11.630
 52     2.459 54028.88333963 16.04  12.939046  -5.936983 11.630
 52     2.764 54028.88334027 14.50  12.938316  -5.933673 11.630
 52     2.728 54028.88334092 13.50  12.937586  -5.930373 11.630
 52     2.633 54028.88334156 13.84  12.936856  -5.927073 11.630
 52     2.710 54028.88334220 13.44  12.936126  -5.923763 11.630
 52     2.700 54028.88334285 14.12  12.935386  -5.920463 11.630
 52     2.666 54028.88334349 13.83  12.934656  -5.917153 11.630
 52     2.438 54028.88334414 14.21  12.933926  -5.913853 11.630
 52     2.608 54028.88334478 14.68  12.933196  -5.910553 11.630
 52     2.579 54028.88334543 16.61  12.932466  -5.907243 11.630
 52     2.663 54028.88334607 20.59  12.931726  -5.903943 11.630
 53     4.674 54063.88332738 46.17  12.946886  -5.964908 10.169
 53     3.854 54063.88333576 47.91  12.937377  -5.921951 28.723
 53     3.856 54063.88333640 48.66  12.936637  -5.918651 28.723
 53     3.782 54063.88333705 47.56  12.935907  -5.915351 28.723
 53     3.709 54063.88333769 49.64  12.935177  -5.912041 28.723
 53     3.929 54063.88333834 48.65  12.934447  -5.908741 28.723
 53     3.688 54063.88333898 46.52  12.933717  -5.905431 28.723
 54     8.834 54098.88329359 27.36  12.943411  -5.969757 12.337
 54     3.968 54098.88329424 27.52  12.942681  -5.966457 12.337
 54     3.990 54098.88329488 26.39  12.941951  -5.963157 12.337
 54     4.054 54098.88329553 28.37  12.941211  -5.959847 12.337
 54     4.230 54098.88329617 43.00  12.940481  -5.956547 12.337
 54     4.524 54098.88329682 39.59  12.939751  -5.953237 12.337
 54     4.596 54098.88329746 28.24  12.939026  -5.949941 16.136
 54     3.479 54098.88329811 25.96  12.938296  -5.946631 16.136
 54     3.498 54098.88329875 25.06  12.937556  -5.943331 16.136
 54     3.553 54098.88329939 21.70  12.936826  -5.940021 16.136
 54     3.720 54098.88330004 20.02  12.936096  -5.936721 16.136
 54     3.727 54098.88330068 20.26  12.935366  -5.933421 16.136
 54     3.786 54098.88330133 19.31  12.934636  -5.930111 16.136
 54     3.837 54098.88330197 19.43  12.933906  -5.926811 16.136
 54     3.725 54098.88330262 19.20  12.933176  -5.923501 16.136
 54     3.851 54098.88330326 19.07  12.932446  -5.920201 16.136
 54     3.790 54098.88330391 19.33  12.931706  -5.916901 16.136
 54     3.784 54098.88330455 19.39  12.930976  -5.913591 16.136
 54     3.646 54098.88330520 20.41  12.930246  -5.910291 16.136
 54     3.702 54098.88330584 24.91  12.929516  -5.906991 16.136
 54     3.900 54098.88330649 32.00  12.928786  -5.903681 16.136
 55     3.179 54133.88325249 45.14  12.943088  -5.961590 10.885
 55     3.264 54133.88325314 43.15  12.942358  -5.958280 10.885
 55     3.156 54133.88325378 41.24  12.941622  -5.954984 25.263
 55     3.963 54133.88325443 37.98  12.940892  -5.951674 25.263
 55     3.293 54133.88325507 38.18  12.940162  -5.948374 25.263
 55     3.274 54133.88325572 38.67  12.939432  -5.945074 25.263
 55     3.283 54133.88325636 40.29  12.938702  -5.941764 25.263
 55     3.216 54133.88325701 40.24  12.937962  -5.938464 25.263
 55     3.313 54133.88325765 37.69  12.937232  -5.935154 25.263
 55     3.309 54133.88325830 37.03  12.936502  -5.931854 25.263
 55     3.224 54133.88325894 38.78  12.935772  -5.928554 25.263
 55     3.172 54133.88325959 42.32  12.935042  -5.925244 25.263
 55     3.331 54133.88326023 42.66  12.934302  -5.921944 25.263
 55     3.234 54133.88326088 44.56  12.933572  -5.918644 25.263
 55     3.313 54133.88326152 44.16  12.932842  -5.915334 25.263
 55     3.154 54133.88326216 46.07  12.932112  -5.912034 25.263
 55     3.269 54133.88326281 44.61  12.931382  -5.908724 25.263
 55     3.092 54133.88326345 42.40  12.930652  -5.905424 25.263
 57     3.254 54203.88325582 47.76  12.942533  -5.962872 23.573
 57     2.302 54203.88325647 51.65  12.941803  -5.959562 23.573
 57     3.018 54203.88325711 40.44  12.941073  -5.956262 23.573
 57     2.253 54203.88325776 37.97  12.940343  -5.952962 23.573
 57     2.464 54203.88325840 45.78  12.939613  -5.949652 23.573
 57     2.434 54203.88325905 46.76  12.938883  -5.946352 23.573
 57     2.494 54203.88325969 45.19  12.938143  -5.943052 23.573
 57     2.462 54203.88326034 46.13  12.937413  -5.939742 23.573
 57     2.471 54203.88326098 47.10  12.936683  -5.936442 23.573
 57     2.393 54203.88326163 45.06  12.935953  -5.933132 23.573
 57     2.407 54203.88326227 48.64  12.935219  -5.929828 29.040
 57     2.461 54203.88326292 45.34  12.934489  -5.926528 29.040
 57     2.348 54203.88326356 45.89  12.933759  -5.923228 29.040
 57     2.487 54203.88326420 42.85  12.933029  -5.919918 29.040
 57     2.310 54203.88326485 43.31  12.932289  -5.916618 29.040
 57     2.385 54203.88326549 39.41  12.931559  -5.913318 29.040
 57     2.419 54203.88326614 36.36  12.930829  -5.910008 29.040
 57     2.345 54203.88326678 34.12  12.930099  -5.906708 29.040
 57     2.314 54203.88326743 26.75  12.929369  -5.903408 29.040
 58     2.445 54238.88329099 43.06  12.943438  -5.963232 12.051
 58     2.524 54238.88329163 43.22  12.942708  -5.959932 12.051
 58     2.317 54238.88329228 45.33  12.941978  -5.956632 12.051
 58     3.035 54238.88329292 36.78  12.941248  -5.953322 12.051
 58     2.653 54238.88329356 38.30  12.940518  -5.950022 12.051
 58     2.658 54238.88329421 38.36  12.939788  -5.946722 12.051
 58     2.686 54238.88329485 38.19  12.939048  -5.943412 12.051
 58     2.512 54238.88329550 34.90  12.938318  -5.940112 12.051
 58     2.543 54238.88329614 34.19  12.937588  -5.936802 12.051
 58     2.496 54238.88329679 33.43  12.936858  -5.933507  7.717
 58     2.408 54238.88329743 33.04  12.936128  -5.930197  7.717
 58     2.578 54238.88329808 32.45  12.935398  -5.926897  7.717
 58     2.601 54238.88329872 33.05  12.934658  -5.923587  7.717
 58     2.660 54238.88329937 31.71  12.933928  -5.920287  7.717
 58     2.483 54238.88330001 31.68  12.933198  -5.916987  7.717
 58     2.519 54238.88330066 30.32  12.932468  -5.913677  7.717
 58     2.573 54238.88330130 29.25  12.931738  -5.910377  7.717
 58     2.336 54238.88330195 28.59  12.931008  -5.907077  7.717
 58     2.510 54238.88330259 28.69  12.930278  -5.903767  7.717
 59     2.087 54273.88330883 24.99  12.943147  -5.963188 13.390
 59     2.289 54273.88330948 26.97  12.942417  -5.959888 13.390
 59     2.175 54273.88331012 36.73  12.941687  -5.956588 13.390
 59     2.201 54273.88331077 32.22  12.940957  -5.953278 13.390
 59     2.215 54273.88331141 29.54  12.940227  -5.949978 13.390
 59     2.138 54273.88331206 24.79  12.939497  -5.946678 13.390
 59     2.159 54273.88331270 20.01  12.938757  -5.943368 13.390
 59     1.892 54273.88331334 18.74  12.938027  -5.940068 13.390
 59     1.948 54273.88331399 18.46  12.937297  -5.936758 13.390
 59     1.881 54273.88331463 18.22  12.936567  -5.933461 12.542
 59     1.988 54273.88331528 18.83  12.935837  -5.930151 12.542
 59     2.063 54273.88331592 17.80  12.935107  -5.926851 12.542
 59     2.075 54273.88331657 17.79  12.934377  -5.923551 12.542
 59     2.138 54273.88331721 17.37  12.933637  -5.920241 12.542
 59     2.005 54273.88331786 18.33  12.932907  -5.916941 12.542
 59     2.122 54273.88331850 17.82  12.932177  -5.913631 12.542
 59     2.045 54273.88331915 17.94  12.931447  -5.910331 12.542
 59     1.962 54273.88331979 18.22  12.930717  -5.907031 12.542
 59     1.732 54273.88332044 19.43  12.929987  -5.903721 12.542
 60     1.878 54308.88331020 47.99  12.943351  -5.963081 18.725
 60     1.716 54308.88331084 49.54  12.942621  -5.959771 18.725
 60     2.731 54308.88331149 42.57  12.941891  -5.956471 18.725
 60     1.814 54308.88331213 39.14  12.941161  -5.953171 18.725
 60     1.934 54308.88331278 43.42  12.940431  -5.949861 18.725
 60     2.315 54308.88331342 43.31  12.939701  -5.946561 18.725
 60     1.876 54308.88331407 43.31  12.938961  -5.943261 18.725
 60     2.022 54308.88331471 42.38  12.938231  -5.939951 18.725
 60     2.074 54308.88331536 41.11  12.937501  -5.936651 18.725
 60     2.001 54308.88331600 40.70  12.936771  -5.933341 18.725
 60     1.982 54308.88331665 41.84  12.936041  -5.930045 23.097
 60     2.003 54308.88331729 43.64  12.935311  -5.926735 23.097
 60     2.041 54308.88331794 44.90  12.934581  -5.923435 23.097
 60     1.957 54308.88331858 46.17  12.933841  -5.920125 23.097
 60     2.071 54308.88331923 44.59  12.933111  -5.916825 23.097
 60     2.058 54308.88331987 42.52  12.932381  -5.913525 23.097
 60     2.023 54308.88332051 43.84  12.931651  -5.910215 23.097
 60     1.871 54308.88332116 40.70  12.930921  -5.906915 23.097
 60     1.925 54308.88332180 37.79  12.930191  -5.903615 23.097
 61     2.117 54343.88328651 26.63  12.944914  -5.969402 12.190
 61     2.273 54343.88328715 21.11  12.944184  -5.966092 12.190
 61     1.849 54343.88328779 20.45  12.943444  -5.962792 12.190
 61     2.711 54343.88328844 19.46  12.942714  -5.959482 12.190
 61     2.493 54343.88328908 32.64  12.941984  -5.956182 12.190
 61     3.018 54343.88328973 31.27  12.941254  -5.952882 12.190
 61     2.556 54343.88329037 26.61  12.940524  -5.949572 12.190
 61     2.621 54343.88329102 20.60  12.939794  -5.946272 12.190
 61     2.441 54343.88329166 17.36  12.939064  -5.942972 12.190
 61     2.283 54343.88329231 12.95  12.938334  -5.939662 12.190
 61     2.239 54343.88329295 12.77  12.937594  -5.936362 12.190
 61     2.280 54343.88329360 12.41  12.936864  -5.933052 12.190
 61     2.309 54343.88329424 12.35  12.936140  -5.929756 12.773
 61     2.462 54343.88329489 12.20  12.935400  -5.926446 12.773
 61     2.454 54343.88329553 12.36  12.934670  -5.923146 12.773
 61     2.410 54343.88329618 12.58  12.933940  -5.919846 12.773
 61     2.312 54343.88329682 12.28  12.933210  -5.916536 12.773
 61     2.300 54343.88329747 12.87  12.932480  -5.913236 12.773
 61     2.267 54343.88329811 13.16  12.931750  -5.909926 12.773
 61     2.237 54343.88329875 13.50  12.931020  -5.906626 12.773
 61     2.464 54343.88329940 17.59  12.930290  -5.903326 12.773
 62     2.808 54378.88324470 22.19  12.944472  -5.969154 12.481
 62     2.368 54378.88324535 21.71  12.943732  -5.965854 12.481
 62     2.272 54378.88324599 20.56  12.943002  -5.962544 12.481
 62     2.895 54378.88324664 24.91  12.942272  -5.959244 12.481
 62     2.891 54378.88324728 33.65  12.941542  -5.955944 12.481
 62     2.901 54378.88324793 39.38  12.940812  -5.952634 12.481
 62     3.380 54378.88324857 34.57  12.940082  -5.949334 12.481
 62     2.558 54378.88324922 23.29  12.939342  -5.946024 12.481
 62     2.206 54378.88324986 17.71  12.938612  -5.942724 12.481
 62     2.191 54378.88325050 15.44  12.937882  -5.939424 12.481
 62     2.467 54378.88325115 12.47  12.937152  -5.936114 12.481
 62     2.277 54378.88325179 13.64  12.936419  -5.932818 14.632
 62     2.537 54378.88325244 12.37  12.935689  -5.929508 14.632
 62     2.566 54378.88325308 12.77  12.934959  -5.926208 14.632
 62     2.749 54378.88325373 12.36  12.934219  -5.922898 14.632
 62     2.722 54378.88325437 12.69  12.933489  -5.919598 14.632
 62     2.661 54378.88325502 12.69  12.932759  -5.916298 14.632
 62     2.614 54378.88325566 13.39  12.932029  -5.912988 14.632
 62     2.489 54378.88325631 15.33  12.931299  -5.909688 14.632
 62     2.467 54378.88325695 17.91  12.930569  -5.906378 14.632
 62     2.594 54378.88325760 22.45  12.929839  -5.903078 14.632
 63     2.941 54413.88323424 27.13  12.943946  -5.969567 10.364
 63     3.357 54413.88323489 22.35  12.943216  -5.966267 10.364
 63     3.887 54413.88323553 19.99  12.942476  -5.962967 10.364
 63     3.079 54413.88324004 17.50  12.937356  -5.939837 10.364
 63     3.446 54413.88324069 16.13  12.936626  -5.936537 10.364
 63     3.480 54413.88324133 15.23  12.935896  -5.933227 10.364
 63     3.553 54413.88324198 15.29  12.935168  -5.929930 25.367
 63     3.481 54413.88324262 15.32  12.934438  -5.926620 25.367
 63     3.534 54413.88324327 15.34  12.933708  -5.923320 25.367
 63     3.572 54413.88324391 15.54  12.932968  -5.920010 25.367
 63     3.466 54413.88324456 15.64  12.932238  -5.916710 25.367
 63     3.334 54413.88324520 16.64  12.931508  -5.913410 25.367
 63     3.183 54413.88324585 18.48  12.930778  -5.910100 25.367
 63     3.116 54413.88324649 22.70  12.930048  -5.906800 25.367
 63     3.357 54413.88324714 30.74  12.929318  -5.903500 25.367
 64     4.380 54448.88321130 30.18  12.944388  -5.968749 13.599
 64     3.706 54448.88321195 22.97  12.943648  -5.965449 13.599
 64     3.595 54448.88321259 23.12  12.942918  -5.962139 13.599
 64     4.108 54448.88321324 29.34  12.942188  -5.958839 13.599
 64     4.203 54448.88321388 38.88  12.941458  -5.955539 13.599
 64     4.185 54448.88321453 46.41  12.940728  -5.952229 13.599
 64     3.599 54448.88321517 42.24  12.939988  -5.948929 13.599
 64     4.237 54448.88321582 24.94  12.939258  -5.945629 13.599
 64     3.400 54448.88321646 20.90  12.938528  -5.942319 13.599
 64     3.432 54448.88321711 20.60  12.937798  -5.939019 13.599
 64     3.120 54448.88321775 20.94  12.937068  -5.935709 13.599
 64     3.268 54448.88321840 20.94  12.936333  -5.932413 26.295
 64     3.466 54448.88321904 20.76  12.935603  -5.929103 26.295
 64     3.621 54448.88321968 20.67  12.934873  -5.925803 26.295
 64     3.712 54448.88322033 20.68  12.934143  -5.922503 26.295
 64     3.809 54448.88322097 20.56  12.933403  -5.919193 26.295
 64     3.790 54448.88322162 20.50  12.932673  -5.915893 26.295
 64     3.870 54448.88322226 21.56  12.931943  -5.912583 26.295
 64     3.765 54448.88322291 23.64  12.931213  -5.909283 26.295
 64     3.757 54448.88322355 25.01  12.930483  -5.905983 26.295
 65     3.449 54483.88322848 37.12  12.945678  -5.968179  7.888
 65     3.256 54483.88322912 20.20  12.944938  -5.964879  7.888
 65     3.237 54483.88322977 21.24  12.944208  -5.961569  7.888
 65     3.725 54483.88323041 21.80  12.943478  -5.958269  7.888
 65     3.780 54483.88323106 26.40  12.942748  -5.954959  7.888
 65     3.545 54483.88323235 28.95  12.941287  -5.948352 10.086
 65     4.074 54483.88323299 24.34  12.940557  -5.945052 10.086
 65     3.273 54483.88323364 22.67  12.939817  -5.941742 10.086
 65     2.967 54483.88323428 23.13  12.939087  -5.938442 10.086
 65     2.994 54483.88323493 23.64  12.938357  -5.935142 10.086
 65     3.016 54483.88323557 24.51  12.937627  -5.931832 10.086
 65     3.213 54483.88323622 25.42  12.936897  -5.928532 10.086
 65     3.391 54483.88323686 26.21  12.936167  -5.925232 10.086
 65     3.553 54483.88323751 27.19  12.935437  -5.921922 10.086
 65     3.567 54483.88323815 28.55  12.934697  -5.918622 10.086
 65     3.513 54483.88323880 30.19  12.933967  -5.915312 10.086
 65     3.377 54483.88323944 29.72  12.933237  -5.912012 10.086
 65     3.286 54483.88324008 28.73  12.932507  -5.908712 10.086
 65     3.160 54483.88324073 28.33  12.931777  -5.905402 10.086
 66     2.603 54518.88322577 25.44  12.944520  -5.964043 11.682
 66     3.031 54518.88322641 28.07  12.943790  -5.960743 11.682
 66     2.972 54518.88322706 48.34  12.943060  -5.957433 11.682
 66     2.629 54518.88322770 45.72  12.942320  -5.954133 11.682
 66     3.635 54518.88322835 30.75  12.941590  -5.950833 11.682
 66     2.792 54518.88322899 26.57  12.940860  -5.947523 11.682
 66     2.523 54518.88322964 23.20  12.940130  -5.944223 11.682
 66     2.381 54518.88323028 23.31  12.939400  -5.940923 11.682
 66     2.336 54518.88323093 21.80  12.938670  -5.937613 11.682
 66     2.517 54518.88323157 20.60  12.937930  -5.934313 11.682
 66     2.483 54518.88323222 20.41  12.937200  -5.931003 11.682
 66     2.592 54518.88323286 20.51  12.936470  -5.927703 11.682
 66     2.466 54518.88323351 20.84  12.935740  -5.924403 11.682
 66     2.635 54518.88323415 21.27  12.935010  -5.921093 11.682
 66     2.461 54518.88323480 21.83  12.934280  -5.917793 11.682
 66     2.594 54518.88323544 22.10  12.933540  -5.914493 11.682
 66     2.592 54518.88323609 22.01  12.932810  -5.911183 11.682
 66     2.709 54518.88323673 22.46  12.932080  -5.907883 11.682
 66     2.824 54518.88323737 22.64  12.931350  -5.904573 11.682
 67     2.423 54553.88324098 22.68  12.942577  -5.964873  5.392
 67     2.396 54553.88324162 22.29  12.941847  -5.961563  5.392
 67     2.568 54553.88324227 26.80  12.941107  -5.958263  5.392
 67     2.504 54553.88324291 29.80  12.940377  -5.954953  5.392
 67     3.167 54553.88324356 24.19  12.939647  -5.951653  5.392
 67     2.258 54553.88324420 20.86  12.938917  -5.948353  5.392
 67     2.110 54553.88324485 21.08  12.938187  -5.945043  5.392
 67     2.088 54553.88324549 19.53  12.937457  -5.941743  5.392
 67     1.920 54553.88324614 19.89  12.936727  -5.938443  5.392
 67     1.918 54553.88324678 19.69  12.935997  -5.935133  5.392
 67     1.973 54553.88324743 20.01  12.935257  -5.931833  5.392
 67     2.105 54553.88324807 19.32  12.934527  -5.928523  5.392
 67     2.055 54553.88324872 19.13  12.933797  -5.925223  5.392
 67     2.094 54553.88324936 18.99  12.933067  -5.921923  5.392
 67     2.195 54553.88325000 18.40  12.932337  -5.918613  5.392
 67     2.254 54553.88325065 18.42  12.931607  -5.915313  5.392
 67     2.251 54553.88325129 17.95  12.930877  -5.912013  5.392
 67     2.180 54553.88325194 18.18  12.930147  -5.908703  5.392
 67     2.285 54553.88325258 18.80  12.929407  -5.905403  5.392
 68     2.553 54588.88322263 35.23  12.942459  -5.961767 12.605
 68     2.701 54588.88322328 42.68  12.941719  -5.958467 12.605
 68     2.607 54588.88322392 35.33  12.940989  -5.955157 12.605
 68     2.846 54588.88322456 31.19  12.940259  -5.951857 12.605
 68     2.628 54588.88322521 25.84  12.939529  -5.948547 12.605
 68     2.380 54588.88322585 26.04  12.938799  -5.945247 12.605
 68     2.474 54588.88322650 25.73  12.938069  -5.941947 12.605
 68     2.501 54588.88322714 26.77  12.937339  -5.938637 12.605
 68     2.559 54588.88322779 27.31  12.936599  -5.935337 12.605
 68     2.575 54588.88322843 27.95  12.935869  -5.932037 12.605
 68     2.482 54588.88322908 28.69  12.935139  -5.928727 12.605
 68     2.622 54588.88322972 29.01  12.934409  -5.925427 12.605
 68     2.816 54588.88323037 30.38  12.933679  -5.922117 12.605
 68     2.749 54588.88323101 30.27  12.932949  -5.918817 12.605
 68     2.756 54588.88323166 31.54  12.932219  -5.915517 12.605
 68     2.704 54588.88323230 32.96  12.931479  -5.912207 12.605
 68     2.623 54588.88323295 31.88  12.930749  -5.908907 12.605
 68     2.576 54588.88323359 32.21  12.930019  -5.905607 12.605
 69     3.403 54623.88323943 22.45  12.942774  -5.964940  6.907
 69     2.338 54623.88324008 23.03  12.942044  -5.961640  6.907
 69     2.344 54623.88324072 30.66  12.941304  -5.958340  6.907
 69     2.501 54623.88324137 30.62  12.940574  -5.955030  6.907
 69     2.467 54623.88324201 23.37  12.939844  -5.951730  6.907
 69     2.253 54623.88324266 22.84  12.939114  -5.948420  6.907
 69     2.181 54623.88324330 20.08  12.938384  -5.945120  6.907
 69     2.082 54623.88324395 18.12  12.937654  -5.941820  6.907
 69     2.013 54623.88324459 17.99  12.936924  -5.938510  6.907
 69     1.710 54623.88324524 18.70  12.936184  -5.935210  6.907
 69     2.091 54623.88324588 17.54  12.935454  -5.931910  6.907
 69     2.087 54623.88324653 17.15  12.934724  -5.928600  6.907
 69     2.103 54623.88324717 16.93  12.933994  -5.925300  6.907
 69     2.125 54623.88324781 17.26  12.933264  -5.921990  6.907
 69     1.977 54623.88324846 18.01  12.932534  -5.918690  6.907
 69     1.981 54623.88324910 18.34  12.931804  -5.915390  6.907
 69     1.960 54623.88324975 18.84  12.931064  -5.912080  6.907
 69     1.935 54623.88325039 19.50  12.930334  -5.908780  6.907
 69     2.003 54623.88325104 19.72  12.929604  -5.905470  6.907
 70     1.701 54658.88324873 24.38  12.940431  -5.961166  9.411
 70     1.903 54658.88324937 27.80  12.939701  -5.957856  9.411
 70     1.792 54658.88325002 22.64  12.938961  -5.954556  9.411
 70     1.946 54658.88325066 21.62  12.938231  -5.951256  9.411
 70     1.744 54658.88325131 20.64  12.937501  -5.947946  9.411
 70     1.568 54658.88325195 20.99  12.936771  -5.944646  9.411
 70     1.506 54658.88325260 20.04  12.936041  -5.941336  9.411
 70     1.367 54658.88325324 20.29  12.935311  -5.938036  9.411
 70     1.573 54658.88325389 18.89  12.934581  -5.934736  9.411
 70     1.626 54658.88325453 18.43  12.933841  -5.931426  9.411
 70     1.754 54658.88325518 18.45  12.933111  -5.928126  9.411
 70     1.844 54658.88325582 18.02  12.932381  -5.924816  9.411
 70     1.837 54658.88325647 18.56  12.931652  -5.921521 17.432
 70     1.764 54658.88325711 19.31  12.930922  -5.918211 17.432
 70     1.835 54658.88325775 18.94  12.930192  -5.914911 17.432
 70     1.811 54658.88325840 19.03  12.929452  -5.911611 17.432
 70     1.646 54658.88325904 19.81  12.928722  -5.908301 17.432
 70     1.497 54658.88325969 21.08  12.927992  -5.905001 17.432
 71     1.733 54693.88322922 26.06  12.942758  -5.962762  9.381
 71     2.009 54693.88322986 30.80  12.942028  -5.959452  9.381
 71     1.871 54693.88323051 32.46  12.941298  -5.956152  9.381
 71     1.925 54693.88323115 31.83  12.940558  -5.952842  9.381
 71     2.012 54693.88323180 26.20  12.939828  -5.949542  9.381
 71     1.579 54693.88323244 25.24  12.939098  -5.946242  9.381
 71     1.563 54693.88323308 22.51  12.938368  -5.942932  9.381
 71     1.603 54693.88323373 19.12  12.937638  -5.939632  9.381
 71     1.429 54693.88323437 18.80  12.936908  -5.936322  9.381
 71     1.529 54693.88323502 17.58  12.936178  -5.933022  9.381
 71     1.546 54693.88323566 17.27  12.935438  -5.929722  9.381
 71     1.655 54693.88323631 16.77  12.934708  -5.926412  9.381
 71     1.790 54693.88323695 16.40  12.933978  -5.923112  9.381
 71     1.818 54693.88323760 15.96  12.933248  -5.919812  9.381
 71     1.831 54693.88323824 15.79  12.932518  -5.916502  9.381
 71     1.916 54693.88323889 15.38  12.931788  -5.913202  9.381
 71     1.755 54693.88323953 15.46  12.931058  -5.909902  9.381
 71     1.831 54693.88324018 15.50  12.930328  -5.906592  9.381
 71     1.682 54693.88324082 15.97  12.929588  -5.903292  9.381
 72     2.387 54728.88320238 23.54  12.943973  -5.965010 11.081
 72     2.593 54728.88320303 23.49  12.943243  -5.961710 11.081
 72     2.657 54728.88320367 41.02  12.942513  -5.958400 11.081
 72     3.620 54728.88320432 40.04  12.941783  -5.955100 11.081
 72     3.456 54728.88320496 33.34  12.941043  -5.951800 11.081
 72     2.573 54728.88320561 26.38  12.940313  -5.948490 11.081
 72     2.408 54728.88320625 23.03  12.939583  -5.945190 11.081
 72     2.340 54728.88320690 18.77  12.938853  -5.941890 11.081
 72     2.216 54728.88320754 17.26  12.938123  -5.938580 11.081
 72     2.273 54728.88320819 17.17  12.937383  -5.935280 11.081
 72     2.405 54728.88320883 16.48  12.936653  -5.931970 11.081
 72     2.476 54728.88320948 16.10  12.935923  -5.928670 11.081
 72     2.481 54728.88321012 16.24  12.935193  -5.925370 11.081
 72     2.438 54728.88321077 15.73  12.934463  -5.922060 11.081
 72     2.514 54728.88321141 15.73  12.933733  -5.918760 11.081
 72     2.532 54728.88321205 15.49  12.933003  -5.915460 11.081
 72     2.506 54728.88321270 15.85  12.932263  -5.912150 11.081
 72     2.497 54728.88321334 15.75  12.931533  -5.908850 11.081
 72     2.386 54728.88321399 17.70  12.930803  -5.905540 11.081
 73     1.983 54763.88320552 23.59  12.943657  -5.969013  7.541
 73     3.213 54763.88320616 19.28  12.942927  -5.965717  8.159
 73     3.590 54763.88320681 18.62  12.942197  -5.962407  8.159
 73     2.921 54763.88321132 14.94  12.937077  -5.939277  8.159
 73     2.767 54763.88321196 14.23  12.936347  -5.935977  8.159
 73     2.935 54763.88321261 13.87  12.935607  -5.932677  8.159
 73     2.828 54763.88321325 13.50  12.934877  -5.929367  8.159
 73     2.902 54763.88321390 13.36  12.934147  -5.926067  8.159
 73     2.783 54763.88321454 13.56  12.933417  -5.922767  8.159
 73     2.729 54763.88321519 13.06  12.932687  -5.919457  8.159
 73     2.799 54763.88321583 13.36  12.931957  -5.916157  8.159
 73     2.685 54763.88321648 13.39  12.931227  -5.912857  8.159
 73     2.568 54763.88321712 14.48  12.930487  -5.909547  8.159
 73     2.589 54763.88321777 16.61  12.929757  -5.906247  8.159
 74     3.498 54798.88319977 25.36  12.937583  -5.940518  7.082
 74     3.567 54798.88320041 26.29  12.936853  -5.937218  7.082
 74     3.571 54798.88320106 27.03  12.936113  -5.933918  7.082
 74     3.600 54798.88320170 26.27  12.935383  -5.930608  7.082
 74     3.643 54798.88320235 26.08  12.934653  -5.927308  7.082
 74     3.561 54798.88320299 25.80  12.933923  -5.924008  7.082
 74     3.642 54798.88320364 26.13  12.933193  -5.920698  7.082
 74     3.420 54798.88320428 26.62  12.932453  -5.917398  7.082
 74     3.518 54798.88320493 26.18  12.931723  -5.914098  7.082
 74     3.567 54798.88320557 25.46  12.930993  -5.910788  7.082
 74     3.586 54798.88320622 25.01  12.930263  -5.907488  7.082
 74     3.422 54798.88320686 25.76  12.929533  -5.904178  7.082
 75     3.367 54833.88319692 25.31  12.942865  -5.966007  8.493
 75     3.375 54833.88319757 25.12  12.942135  -5.962697  8.493
 75     3.722 54833.88319821 33.82  12.941405  -5.959397  8.493
 75     3.647 54833.88319886 41.32  12.940665  -5.956087  8.493
 75     3.496 54833.88319950 39.60  12.939935  -5.952787  8.493
 75     3.621 54833.88320015 30.91  12.939205  -5.949487  8.493
 75     3.598 54833.88320079 32.61  12.938475  -5.946177  8.493
 75     3.562 54833.88320144 30.21  12.937745  -5.942877  8.493
 75     3.689 54833.88320208 29.97  12.937015  -5.939577  8.493
 75     3.435 54833.88320273 29.04  12.936285  -5.936267  8.493
 75     3.314 54833.88320337 28.73  12.935545  -5.932967  8.493
 75     3.394 54833.88320402 29.05  12.934815  -5.929657  8.493
 75     3.383 54833.88320466 28.94  12.934085  -5.926357  8.493
 75     3.581 54833.88320530 28.57  12.933355  -5.923057  8.493
 75     3.453 54833.88320595 28.70  12.932625  -5.919747  8.493
 75     3.385 54833.88320659 28.93  12.931895  -5.916447  8.493
 75     3.451 54833.88320724 28.30  12.931165  -5.913147  8.493
 75     3.528 54833.88320788 29.33  12.930425  -5.909837  8.493
 75     3.640 54833.88320853 30.37  12.929695  -5.906537  8.493
 75     3.539 54833.88320917 31.64  12.928965  -5.903227  8.493
 76     3.098 54868.88319140 35.26  12.945042  -5.968459  9.813
 76     2.306 54868.88319205 25.59  12.944312  -5.965149  9.813
 76     2.512 54868.88319269 20.80  12.943582  -5.961849  9.813
 76     2.841 54868.88319334 34.14  12.942852  -5.958539  9.813
 76     3.028 54868.88319398 34.47  12.942122  -5.955239  9.813
 76     2.749 54868.88319463 27.85  12.941382  -5.951939  9.813
 76     2.534 54868.88319527 24.73  12.940652  -5.948629  9.813
 76     2.422 54868.88319591 19.77  12.939922  -5.945329  9.813
 76     2.297 54868.88319656 17.16  12.939192  -5.942029  9.813
 76     2.342 54868.88319720 16.01  12.938462  -5.938719  9.813
 76     2.416 54868.88319785 16.05  12.937722  -5.935419  9.813
 76     2.532 54868.88319849 15.45  12.936992  -5.932109  9.813
 76     2.489 54868.88319914 15.20  12.936262  -5.928809  9.813
 76     2.692 54868.88319978 14.89  12.935532  -5.925509  9.813
 76     2.594 54868.88320043 14.53  12.934802  -5.922199  9.813
 76     2.598 54868.88320107 14.66  12.934062  -5.918899  9.813
 76     2.642 54868.88320172 15.13  12.933332  -5.915589  9.813
 76     2.637 54868.88320236 15.47  12.932602  -5.912289  9.813
 76     2.505 54868.88320301 16.05  12.931872  -5.908989  9.813
 76     2.638 54868.88320365 16.26  12.931142  -5.905679  9.813
 77     3.637 54903.88320602 48.98  12.940846  -5.965315 39.871
 77     3.485 54903.88320667 48.17  12.940116  -5.962005 39.871
 77     3.838 54903.88320731 38.60  12.939386  -5.958705 39.871
 77     2.974 54903.88320795 41.23  12.938646  -5.955405 39.871
 77     2.915 54903.88320860 49.77  12.937916  -5.952095 39.871
 77     2.864 54903.88320924 51.91  12.937186  -5.948795 39.871
 77     2.923 54903.88320989 50.38  12.936456  -5.945485 39.871
 77     2.943 54903.88321053 49.25  12.935726  -5.942185 39.871
 77     2.974 54903.88321118 51.57  12.934996  -5.938885 39.871
 77     2.958 54903.88321182 51.88  12.934266  -5.935575 39.871
 77     2.908 54903.88321247 52.40  12.933526  -5.932275 39.871
 77     2.851 54903.88321311 52.60  12.932796  -5.928975 39.871
 77     3.025 54903.88321376 53.31  12.932066  -5.925665 39.871
 77     3.046 54903.88321440 50.49  12.931336  -5.922365 39.871
 77     2.852 54903.88321505 52.83  12.930606  -5.919055 39.871
 77     2.947 54903.88321569 50.52  12.929876  -5.915755 39.871
 77     2.814 54903.88321634 50.35  12.929146  -5.912455 39.871
 77     2.873 54903.88321698 50.51  12.928416  -5.909145 39.871
 77     2.898 54903.88321762 53.87  12.927686  -5.905845 39.871
 78     3.875 54938.88318326 50.16  12.943111  -5.963035 34.096
 78     2.509 54938.88318391 53.06  12.942381  -5.959735 34.096
 78     2.405 54938.88318455 41.04  12.941651  -5.956435 34.096
 78     2.570 54938.88318520 40.26  12.940921  -5.953125 34.096
 78     2.686 54938.88318584 45.56  12.940181  -5.949825 34.096
 78     2.744 54938.88318649 51.41  12.939451  -5.946515 34.096
 78     2.700 54938.88318713 50.12  12.938721  -5.943215 34.096
 78     2.710 54938.88318778 52.78  12.937991  -5.939915 34.096
 78     2.769 54938.88318842 52.24  12.937261  -5.936605 34.096
 78     2.707 54938.88318907 52.22  12.936531  -5.933305 34.096
 78     2.702 54938.88318971 50.36  12.935791  -5.930005 34.096
 78     2.580 54938.88319035 51.67  12.935061  -5.926695 34.096
 78     2.682 54938.88319100 50.33  12.934331  -5.923395 34.096
 78     2.694 54938.88319164 50.94  12.933601  -5.920095 34.096
 78     2.554 54938.88319229 50.98  12.932869  -5.916791 33.935
 78     2.609 54938.88319293 51.85  12.932139  -5.913481 33.935
 78     2.692 54938.88319358 54.20  12.931409  -5.910181 33.935
 78     2.609 54938.88319422 52.02  12.930679  -5.906871 33.935
 78     2.577 54938.88319487 52.22  12.929939  -5.903571 33.935
 79     3.116 54973.88321431 24.43  12.942908  -5.966176  6.801
 79     2.572 54973.88321495 22.18  12.942178  -5.962876  6.801
 79     2.915 54973.88321560 29.14  12.941438  -5.959566  6.801
 79     2.653 54973.88321624 34.56  12.940708  -5.956266  6.801
 79     2.598 54973.88321689 28.03  12.939978  -5.952966  6.801
 79     2.599 54973.88321753 20.28  12.939248  -5.949656  6.801
 79     2.503 54973.88321818 18.93  12.938518  -5.946356  6.801
 79     2.578 54973.88321882 18.44  12.937788  -5.943056  6.801
 79     2.536 54973.88321947 17.96  12.937058  -5.939746  6.801
 79     2.536 54973.88322011 18.37  12.936318  -5.936446  6.801
 79     2.546 54973.88322076 18.05  12.935588  -5.933146  6.801
 79     2.623 54973.88322140 17.79  12.934858  -5.929836  6.801
 79     2.679 54973.88322205 17.46  12.934128  -5.926536  6.801
 79     2.625 54973.88322269 17.62  12.933398  -5.923226  6.801
 79     2.670 54973.88322333 17.88  12.932668  -5.919926  6.801
 79     2.626 54973.88322398 18.80  12.931928  -5.916626  6.801
 79     2.667 54973.88322462 18.78  12.931198  -5.913316  6.801
 79     2.583 54973.88322527 19.11  12.930468  -5.910016  6.801
 79     2.571 54973.88322591 19.74  12.929738  -5.906706  6.801
 79     2.654 54973.88322656 20.34  12.929008  -5.903410 29.213
 80     2.769 55008.88322745 21.06  12.942870  -5.970034 10.604
 80     2.825 55008.88322810 17.32  12.942140  -5.966738  4.987
 80     2.070 55008.88322874 18.38  12.941410  -5.963428  4.987
 80     2.591 55008.88322939 15.75  12.940680  -5.960128  4.987
 80     2.565 55008.88323003 27.39  12.939940  -5.956828  4.987
 80     3.319 55008.88323068 20.69  12.939210  -5.953518  4.987
 80     2.538 55008.88323132 16.11  12.938480  -5.950218  4.987
 80     2.389 55008.88323197 14.41  12.937750  -5.946908  4.987
 80     2.249 55008.88323261 13.40  12.937020  -5.943608  4.987
 80     2.342 55008.88323326 12.22  12.936290  -5.940308  4.987
 80     2.316 55008.88323390 12.11  12.935560  -5.936998  4.987
 80     2.396 55008.88323455 11.93  12.934820  -5.933698  4.987
 80     2.428 55008.88323519 11.70  12.934090  -5.930388  4.987
 80     2.421 55008.88323584 11.77  12.933360  -5.927088  4.987
 80     2.433 55008.88323648 11.58  12.932630  -5.923788  4.987
 80     2.398 55008.88323712 11.59  12.931900  -5.920478  4.987
 80     2.356 55008.88323777 11.28  12.931170  -5.917178  4.987
 80     2.445 55008.88323841 11.26  12.930440  -5.913878  4.987
 80     2.333 55008.88323906 11.35  12.929710  -5.910568  4.987
 80     2.221 55008.88323970 11.63  12.928970  -5.907268  4.987
 80     2.328 55008.88324035 12.08  12.928240  -5.903958  4.987
 81     3.143 55043.88321788 23.07  12.943877  -5.966159  8.780
 81     1.903 55043.88321853 19.66  12.943147  -5.962849  8.780
 81     1.972 55043.88321917 34.09  12.942417  -5.959549  8.780
 81     1.729 55043.88321982 28.03  12.941687  -5.956239  8.780
 81     1.863 55043.88322046 28.97  12.940947  -5.952939  8.780
 81     2.203 55043.88322111 26.52  12.940217  -5.949639  8.780
 81     1.735 55043.88322175 20.98  12.939487  -5.946329  8.780
 81     1.640 55043.88322240 17.26  12.938757  -5.943029  8.780
 81     1.466 55043.88322304 17.53  12.938027  -5.939729  8.780
 81     1.653 55043.88322368 15.56  12.937297  -5.936419  8.780
 81     1.653 55043.88322433 14.62  12.936557  -5.933119  8.780
 81     1.744 55043.88322497 14.53  12.935827  -5.929809  8.780
 81     1.700 55043.88322562 13.88  12.935097  -5.926509  8.780
 81     1.777 55043.88322626 13.75  12.934367  -5.923209  8.780
 81     1.829 55043.88322691 13.62  12.933637  -5.919899  8.780
 81     1.720 55043.88322755 13.88  12.932907  -5.916599  8.780
 81     1.683 55043.88322820 14.59  12.932177  -5.913299  8.780
 81     1.718 55043.88322884 14.74  12.931437  -5.909989  8.780
 81     1.585 55043.88322949 15.36  12.930707  -5.906689  8.780
 81     1.615 55043.88323013 15.37  12.929977  -5.903379  8.780
 82     2.630 55078.88319543 18.56  12.943005  -5.965768  6.365
 82     1.905 55078.88319608 18.38  12.942275  -5.962458  6.365
 82     2.238 55078.88319672 20.23  12.941535  -5.959158  6.365
 82     2.204 55078.88319737 22.82  12.940805  -5.955848  6.365
 82     2.345 55078.88319801 24.46  12.940075  -5.952548  6.365
 82     1.929 55078.88319866 23.85  12.939345  -5.949248  6.365
 82     1.775 55078.88319930 22.87  12.938615  -5.945938  6.365
 82     1.621 55078.88319995 21.21  12.937885  -5.942638  6.365
 82     1.341 55078.88320059 20.14  12.937155  -5.939338  6.365
 82     1.746 55078.88320124 15.33  12.936425  -5.936028  6.365
 82     1.893 55078.88320188 13.68  12.935685  -5.932728  6.365
 82     1.986 55078.88320253 12.72  12.934955  -5.929418  6.365
 82     1.995 55078.88320317 12.68  12.934225  -5.926118  6.365
 82     1.984 55078.88320381 12.72  12.933495  -5.922818  6.365
 82     2.107 55078.88320446 12.22  12.932765  -5.919508  6.365
 82     2.037 55078.88320510 12.45  12.932035  -5.916208  6.365
 82     2.083 55078.88320575 12.29  12.931305  -5.912908  6.365
 82     1.979 55078.88320639 11.93  12.930565  -5.909598  6.365
 82     1.967 55078.88320704 11.81  12.929835  -5.906298  6.365
 83     2.878 55113.88315014 22.06  12.944197  -5.966801  8.491
 83     2.499 55113.88315079 20.97  12.943464  -5.963505 12.874
 83     2.900 55113.88315143 24.53  12.942734  -5.960195 12.874
 83     2.440 55113.88315401 22.20  12.939804  -5.946985 12.874
 83     2.267 55113.88315465 18.55  12.939074  -5.943675 12.874
 83     2.341 55113.88315530 16.14  12.938344  -5.940375 12.874
 83     2.213 55113.88315594 17.55  12.937614  -5.937075 12.874
 83     2.274 55113.88315659 18.45  12.936884  -5.933765 12.874
 83     1.999 55113.88315723 20.40  12.936144  -5.930465 12.874
 83    -0.410 55113.88315788 21.40  12.935414  -5.927155 12.874
 83     2.072 55113.88315852 20.43  12.934684  -5.923855 12.874
 83     0.567 55113.88315917 23.21  12.933954  -5.920555 12.874
 83     0.969 55113.88315981 25.73  12.933224  -5.917245 12.874
 83     1.659 55113.88316046 26.47  12.932494  -5.913945 12.874
 83     2.034 55113.88316110 28.61  12.931754  -5.910645 12.874
 83     2.370 55113.88316175 30.56  12.931024  -5.907335 12.874
 83     2.656 55113.88316239 30.27  12.930294  -5.904035 12.874
 84     3.225 55148.88314978 24.99  12.942735  -5.968571 10.296
 84     3.347 55148.88315043 23.13  12.942005  -5.965276 11.293
 84     3.391 55148.88315107 23.32  12.941275  -5.961966 11.293
 84     3.181 55148.88315236 44.16  12.939805  -5.955356 11.293
 84     4.135 55148.88315365 24.50  12.938345  -5.948756 11.293
 84     2.972 55148.88315430 19.95  12.937615  -5.945446 11.293
 84     2.733 55148.88315494 17.42  12.936885  -5.942146 11.293
 84     2.960 55148.88315558 15.35  12.936155  -5.938846 11.293
 84     3.181 55148.88315623 14.81  12.935425  -5.935536 11.293
 84     3.121 55148.88315687 14.65  12.934685  -5.932236 11.293
 84     3.253 55148.88315752 14.21  12.933955  -5.928926 11.293
 84     3.225 55148.88315816 13.71  12.933225  -5.925626 11.293
 84     3.262 55148.88315881 13.77  12.932495  -5.922326 11.293
 84     3.160 55148.88315945 13.96  12.931765  -5.919016 11.293
 84     3.210 55148.88316010 14.76  12.931035  -5.915716 11.293
 84     3.109 55148.88316074 15.47  12.930305  -5.912416 11.293
 84     2.841 55148.88316139 18.77  12.929565  -5.909106 11.293
 84     2.990 55148.88316203 21.09  12.928835  -5.905806 11.293
 85     3.712 55183.88313226 45.53  12.944028  -5.968314 12.402
 85     4.040 55183.88314129 36.64  12.933788  -5.922054 12.402
 85     3.997 55183.88314193 35.46  12.933048  -5.918754 12.402
 85     3.901 55183.88314258 34.61  12.932318  -5.915454 12.402
 85     4.042 55183.88314322 33.71  12.931588  -5.912144 12.402
 85     3.798 55183.88314387 32.80  12.930858  -5.908844 12.402
 85     3.852 55183.88314451 32.49  12.930128  -5.905544 12.402
 86     3.311 55218.88315100 45.82  12.939233  -5.953282 37.076
 86     3.414 55218.88315164 53.57  12.938503  -5.949982 37.076
 86     3.236 55218.88315229 51.48  12.937773  -5.946672 37.076
 86     3.320 55218.88315293 49.44  12.937043  -5.943372 37.076
 86     3.435 55218.88315358 50.57  12.936313  -5.940072 37.076
 86     3.489 55218.88315422 49.21  12.935583  -5.936762 37.076
 86     3.534 55218.88315486 48.16  12.934843  -5.933462 37.076
 86     3.337 55218.88315551 50.96  12.934113  -5.930152 37.076
 86     3.525 55218.88315615 50.96  12.933383  -5.926852 37.076
 86     3.484 55218.88315680 50.70  12.932653  -5.923552 37.076
 86     3.349 55218.88315744 51.21  12.931923  -5.920242 37.076
 86     3.447 55218.88315809 49.27  12.931193  -5.916942 37.076
 86     3.409 55218.88315873 52.45  12.930463  -5.913632 37.076
 86     3.313 55218.88315938 49.58  12.929723  -5.910332 37.076
 86     3.337 55218.88316002 44.83  12.928993  -5.907032 37.076
 86     3.393 55218.88316067 48.30  12.928263  -5.903722 37.076
 87     3.904 55253.88312803 30.59  12.945571  -5.967301 10.635
 87     2.410 55253.88312867 24.19  12.944841  -5.963991 10.635
 87     2.830 55253.88312932 25.27  12.944111  -5.960691 10.635
 87     2.708 55253.88312996 37.14  12.943381  -5.957381 10.635
 87     2.741 55253.88313061 35.77  12.942641  -5.954081 10.635
 87     2.606 55253.88313125 29.34  12.941911  -5.950781 10.635
 87     2.625 55253.88313190 21.18  12.941181  -5.947471 10.635
 87     2.477 55253.88313254 17.82  12.940451  -5.944171 10.635
 87     2.387 55253.88313319 17.20  12.939721  -5.940871 10.635
 87     2.456 55253.88313383 16.60  12.938991  -5.937561 10.635
 87     2.494 55253.88313448 16.73  12.938251  -5.934261 10.635
 87     2.584 55253.88313512 16.01  12.937521  -5.930961 10.635
 87     2.651 55253.88313577 15.60  12.936791  -5.927651 10.635
 87     2.696 55253.88313641 15.27  12.936061  -5.924351 10.635
 87     2.768 55253.88313705 15.02  12.935331  -5.921041 10.635
 87     2.715 55253.88313770 14.90  12.934601  -5.917741 10.635
 87     2.693 55253.88313834 15.13  12.933861  -5.914441 10.635
 87     2.683 55253.88313899 15.47  12.933131  -5.911131 10.635
 87     2.637 55253.88313963 15.82  12.932401  -5.907831 10.635
 87     2.614 55253.88314028 15.92  12.931671  -5.904521 10.635
 88     2.601 55288.88313912 21.66  12.940733  -5.960677 10.233
 88     3.069 55288.88313977 22.21  12.939993  -5.957377 10.233
 88     3.680 55288.88314106 22.02  12.938533  -5.950767 10.233
 88     2.699 55288.88314170 20.28  12.937803  -5.947467 10.233
 88    -0.667 55288.88314235 21.90  12.937073  -5.944157 10.233
 88    -0.040 55288.88314299 22.61  12.936343  -5.940857 10.233
 88     0.215 55288.88314363 23.96  12.935613  -5.937557 10.233
 88     1.031 55288.88314428 24.83  12.934883  -5.934247 10.233
 88     1.683 55288.88314492 25.65  12.934143  -5.930947 10.233
 88     2.225 55288.88314557 26.83  12.933413  -5.927647 10.233
 88     2.807 55288.88314621 27.05  12.932683  -5.924337 10.233
 88     3.008 55288.88314686 28.41  12.931953  -5.921037 10.233
 88     3.042 55288.88314750 29.41  12.931223  -5.917727 10.233
 88     3.084 55288.88314815 33.63  12.930493  -5.914427 10.233
 88     3.004 55288.88314879 40.07  12.929763  -5.911127 10.233
 88     3.198 55288.88314944 36.79  12.929033  -5.907817 10.233
 88     3.021 55288.88315008 30.29  12.928303  -5.904517 10.233
 89     2.795 55323.88311679 26.41  12.941102  -5.965066  6.205
 89     2.777 55323.88311744 23.39  12.940372  -5.961766  6.205
 89     2.839 55323.88311808 27.88  12.939632  -5.958456  6.205
 89     2.888 55323.88311872 28.24  12.938902  -5.955156  6.205
 89     2.881 55323.88311937 23.60  12.938172  -5.951856  6.205
 89     2.688 55323.88312001 18.65  12.937442  -5.948546  6.205
 89     2.466 55323.88312066 19.31  12.936712  -5.945246  6.205
 89     2.521 55323.88312130 18.27  12.935982  -5.941936  6.205
 89     2.507 55323.88312195 18.68  12.935252  -5.938636  6.205
 89     2.648 55323.88312259 18.37  12.934512  -5.935336  6.205
 89     2.677 55323.88312324 18.25  12.933782  -5.932026  6.205
 89     2.740 55323.88312388 17.73  12.933052  -5.928726  6.205
 89     2.742 55323.88312453 17.72  12.932322  -5.925426  6.205
 89     2.722 55323.88312517 17.26  12.931592  -5.922116  6.205
 89     2.797 55323.88312582 17.14  12.930862  -5.918816  6.205
 89     2.853 55323.88312646 17.10  12.930122  -5.915506  6.205
 89     2.949 55323.88312711 17.21  12.929392  -5.912206  6.205
 89     2.915 55323.88312775 16.75  12.928662  -5.908906  6.205
 89     2.887 55323.88312839 17.61  12.927932  -5.905596  6.205
 90     2.282 55358.88311436 28.81  12.942610  -5.967431  8.259
 90     2.929 55358.88311500 24.51  12.941880  -5.964121  8.259
 90     2.372 55358.88311565 24.42  12.941150  -5.960821  8.259
 90     2.312 55358.88311629 30.12  12.940420  -5.957521  8.259
 90     2.468 55358.88311694 31.79  12.939680  -5.954211  8.259
 90     3.156 55358.88311758 21.83  12.938950  -5.950911  8.259
 90     2.253 55358.88311823 18.72  12.938220  -5.947601  8.259
 90     2.130 55358.88311887 17.17  12.937490  -5.944301  8.259
 90     2.132 55358.88311952 16.71  12.936760  -5.941001  8.259
 90     2.273 55358.88312016 15.64  12.936030  -5.937691  8.259
 90     2.298 55358.88312081 15.14  12.935300  -5.934391  8.259
 90     2.345 55358.88312145 15.29  12.934560  -5.931081  8.259
 90     2.444 55358.88312210 15.02  12.933830  -5.927781  8.259
 90     2.486 55358.88312274 14.75  12.933100  -5.924481  8.259
 90     2.389 55358.88312339 14.33  12.932370  -5.921171  8.259
 90     2.443 55358.88312403 15.03  12.931640  -5.917871  8.259
 90     2.293 55358.88312467 14.89  12.930910  -5.914571  8.259
 90     2.360 55358.88312532 15.17  12.930180  -5.911261  8.259
 90     2.252 55358.88312596 15.64  12.929440  -5.907961  8.259
 90     2.449 55358.88312661 15.74  12.928710  -5.904651  8.259
 91     2.007 55393.88311849 20.17  12.942818  -5.963920  6.110
 91     2.349 55393.88311914 20.07  12.942088  -5.960620  6.110
 91     2.443 55393.88311978 21.12  12.941348  -5.957310  6.110
 91     2.333 55393.88312042 26.69  12.940618  -5.954010  6.110
 91     2.965 55393.88312107 23.46  12.939888  -5.950710  6.110
 91     2.225 55393.88312171 18.75  12.939158  -5.947400  6.110
 91     1.863 55393.88312236 18.89  12.938428  -5.944100  6.110
 91     2.010 55393.88312300 16.50  12.937698  -5.940800  6.110
 91     2.098 55393.88312365 14.66  12.936968  -5.937490  6.110
 91     2.121 55393.88312429 14.04  12.936228  -5.934190  6.110
 91     2.187 55393.88312494 14.05  12.935498  -5.930890  6.110
 91     2.238 55393.88312558 13.74  12.934768  -5.927580  6.110
 91     2.170 55393.88312623 13.44  12.934038  -5.924280  6.110
 91     2.236 55393.88312687 13.36  12.933308  -5.920970  6.110
 91     2.215 55393.88312752 13.22  12.932578  -5.917670  6.110
 91     2.237 55393.88312816 13.34  12.931838  -5.914370  6.110
 91     2.254 55393.88312881 13.11  12.931108  -5.911060  6.110
 91     2.233 55393.88312945 13.08  12.930378  -5.907760  6.110
 91     2.137 55393.88313009 15.25  12.929648  -5.904450  6.110
 92     1.946 55428.88313366 26.01  12.940630  -5.949507  8.865
 92     1.807 55428.88313430 19.88  12.939900  -5.946197  8.865
 92     1.726 55428.88313495 17.91  12.939170  -5.942897  8.865
 92     1.897 55428.88313559 14.93  12.938440  -5.939597  8.865
 92     1.937 55428.88313624 14.16  12.937710  -5.936287  8.865
 92     1.973 55428.88313688 14.17  12.936970  -5.932987  8.865
 92     1.946 55428.88313753 13.90  12.936240  -5.929677  8.865
 92     1.971 55428.88313817 14.23  12.935510  -5.926377  8.865
 92     2.016 55428.88313882 14.11  12.934780  -5.923077  8.865
 92     2.055 55428.88313946 13.68  12.934050  -5.919767  8.865
 92     2.010 55428.88314011 13.71  12.933320  -5.916467  8.865
 92     1.958 55428.88314075 14.53  12.932590  -5.913167  8.865
 92     2.030 55428.88314140 16.66  12.931850  -5.909857  8.865
 92     2.088 55428.88314204 14.52  12.931120  -5.906557  8.865
 92     1.881 55428.88314269 13.81  12.930390  -5.903247  8.865
 93     2.451 55463.88309311 30.30  12.945185  -5.968229  9.663
 93     2.429 55463.88309376 22.22  12.944460  -5.964931  6.974
 93     2.655 55463.88309440 20.92  12.943720  -5.961621  6.974
 93     2.792 55463.88309505 22.56  12.942990  -5.958321  6.974
 93     2.602 55463.88309698 19.95  12.940800  -5.948411  6.974
 93     2.446 55463.88309762 18.76  12.940070  -5.945101  6.974
 93     2.244 55463.88309827 16.44  12.939340  -5.941801  6.974
 93     2.258 55463.88309891 14.06  12.938610  -5.938501  6.974
 93     2.283 55463.88309956 12.84  12.937880  -5.935191  6.974
 93     2.369 55463.88310020 12.07  12.937140  -5.931891  6.974
 93     2.481 55463.88310085 11.92  12.936410  -5.928581  6.974
 93     2.464 55463.88310149 11.83  12.935680  -5.925281  6.974
 93     2.503 55463.88310214 12.01  12.934950  -5.921981  6.974
 93     2.548 55463.88310278 11.25  12.934220  -5.918671  6.974
 93     2.528 55463.88310343 11.31  12.933490  -5.915371  6.974
 93     2.346 55463.88310407 11.90  12.932760  -5.912061  6.974
 93     2.364 55463.88310472 11.82  12.932030  -5.908761  6.974
 93     2.247 55463.88310536 11.50  12.931290  -5.905461  6.974
