#  324.157  -2.315   7.005 ;Mean Elev.(m), Avg Gradient(m/km), RMS Gradient(m/km) - SRTM1     
#  318.141  -2.928   8.996 ;Mean Elev.(m), Avg Gradient(m/km), RMS Gradient(m/km) - ASTER GDEM
#  327.709  -2.031   6.633 ;Mean Elev.(m), Avg Gradient(m/km), RMS Gradient(m/km) - GMTED2010 
  7  19.843757   1.837734   324.649   324.622  3 52470.86085089 46.650
  8  19.845178   1.838715   322.145   322.174  3 52505.86083184 50.509
  9  19.850510   1.840815   325.035   325.035  2 52540.86081436 51.349
 10  19.842245   1.839684   325.242   325.257  3 52575.86086136 51.163
 11  19.845483   1.839819   326.018   326.007  3 52610.86082293 52.351
 12  19.846955   1.837220   326.481   326.483  3 52645.86081049 51.077
 13  19.853411   1.840464   325.290   325.315  3 52680.86078461 51.170
 16  19.844805   1.837312   325.091   325.100  3 52785.86080619 51.181
 17  19.845230   1.838463   324.571   324.619  3 52820.86088063 51.893
 18  19.848569   1.839352   324.737   324.701  3 52855.86092849 52.056
 19  19.842532   1.839030   325.060   325.066  3 52890.86096123 38.972
 20  19.845420   1.837009   325.310   325.324  3 52925.86091361 51.162
 21  19.853339   1.839853   325.685   325.685  2 52960.86088152 52.273
 22  19.845828   1.837844   325.985   325.999  3 52995.86091871 49.618
 23  19.845858   1.839955   325.053   325.070  3 53030.86088236 50.451
 24  19.849984   1.841184   324.522   324.491  3 53065.86088943 53.293
 25  19.842804   1.837638   324.441   324.447  3 53100.86089076 52.539
 26  19.851478   1.841038   325.050   325.050  2 53135.86089069 50.997
 28  19.844875   1.838503   323.662   323.662  2 53205.86095686 50.113
 29  19.850632   1.840260   324.298   324.303  3 53240.86092463 49.747
 30  19.847081   1.840100   324.007   323.986  3 53275.86089331 30.443
 31  19.843193   1.838076   324.846   324.806  3 53310.86093694 51.228
 32  19.847375   1.839359   325.566   325.609  3 53345.86090298 47.687
 33  19.848637   1.840096   325.500   325.484  3 53380.86085844 51.775
 34  19.852364   1.840793   324.605   324.605  2 53415.86088082 52.591
 35  19.847991   1.838349   324.148   324.152  3 53450.86087638 52.275
 36  19.838777   1.838943   324.611   324.611  2 53485.86096206 50.171
 37  19.848193   1.840527   324.582   324.569  3 53520.86095669 51.646
 38  19.839403   1.838710   324.280   324.280  2 53555.86098029 37.369
 39  19.853475   1.840630   324.000   324.000  2 53590.86092063 53.849
 40  19.839832   1.838285   324.328   324.282  3 53625.86090519 37.453
 41  19.844357   1.838130   324.534   324.520  3 53660.86093093 52.324
 42  19.846275   1.839865   325.704   325.720  3 53695.86090216 53.434
 43  19.850564   1.839459   324.895   324.901  3 53730.86082479 52.475
 44  19.852507   1.841485   323.794   323.794  2 53765.86079470 18.787
 45  19.850692   1.840663   324.319   324.319  2 53800.86079782 50.384
 46  19.846872   1.839630   324.791   324.755  3 53835.86080293 52.119
 47  19.845785   1.839507   324.467   324.414  3 53870.86086056 49.495
 48  19.844165   1.837166   324.379   324.339  3 53905.86089678 51.254
 49  19.837074   1.836618   323.954   323.954  2 53940.86092810 52.585
 50  19.844249   1.839371   324.222   324.231  3 53975.86088473 52.772
 51  19.847954   1.838715   324.680   324.705  3 54010.86088456 49.931
 52  19.852559   1.840786   325.016   325.016  2 54045.86090006 28.350
 53  19.846680   1.839815   326.820   326.811  3 54080.86089277 52.991
 54  19.847583   1.837500   325.834   325.834  3 54115.86082631 53.123
 55  19.845695   1.838626   325.116   325.153  3 54150.86084251 51.381
 56  19.847699   1.837636   324.889   324.879  3 54185.86081797 51.621
 57  19.845817   1.836977   324.922   324.920  3 54220.86085137 51.490
 58  19.846703   1.837091   324.830   324.844  3 54255.86087527 52.179
 59  19.848305   1.840588   324.622   324.627  3 54290.86087758 52.544
 60  19.848992   1.838330   324.687   324.711  3 54325.86087450 50.541
 61  19.848120   1.838358   324.739   324.725  3 54360.86082689 32.111
 62  19.848016   1.839821   325.654   325.663  3 54395.86081473 53.463
 63  19.849132   1.838041   326.074   326.053  3 54430.86077657 52.872
 64  19.848515   1.839476   326.154   326.143  3 54465.86079507 52.611
 65  19.848584   1.838331   325.324   325.359  3 54500.86078942 52.957
 66  19.848434   1.839723   324.713   324.730  3 54535.86080985 51.528
 67  19.848370   1.838642   324.730   324.733  3 54570.86079219 52.780
 68  19.846480   1.839057   324.439   324.422  3 54605.86080440 51.924
 69  19.846327   1.839549   324.333   324.374  3 54640.86081368 23.418
 70  19.845452   1.840044   324.114   324.124  3 54675.86081599 52.302
 71  19.849502   1.838238   324.614   324.594  3 54710.86077156 50.605
 72  19.846222   1.840122   324.772   324.757  3 54745.86078375 54.010
 73  19.848824   1.838523   325.543   325.585  3 54780.86075572 52.279
 74  19.847259   1.838565   325.623   325.622  4 54815.86077622 51.593
 75  19.848287   1.837276   324.788   324.760  3 54850.86075434 51.062
 76  19.845789   1.839343   324.955   324.975  3 54885.86078032 53.044
 77  19.845695   1.838275   324.848   324.906  3 54920.86075534 44.726
 78  19.845783   1.838580   325.109   325.079  3 54955.86077631 51.933
 79  19.844450   1.837528   325.128   325.114  3 54990.86079954 52.424
 80  19.847956   1.839682   324.491   324.486  3 55025.86079051 52.623
 81  19.847053   1.840064   324.141   323.969  3 55060.86078454 19.498
 82  19.847006   1.838195   324.355   324.334  3 55095.86073475 53.654
 83  19.846561   1.839897   325.155   325.183  3 55130.86072646 50.633
 84  19.848411   1.839604   325.726   325.700  3 55165.86069648 52.503
 85  19.846283   1.838589   325.774   325.772  3 55200.86071856 51.612
 86  19.847264   1.837347   325.182   325.203  3 55235.86070228 51.062
 87  19.847398   1.837541   325.453   325.442  3 55270.86071221 52.105
 88  19.848802   1.837640   326.016   326.012  3 55305.86068397 51.023
 89  19.847379   1.839143   325.530   325.498  3 55340.86068426 32.934
 90  19.847645   1.840217   325.106   325.094  3 55375.86067664 50.148
 91  19.848093   1.838883   324.865   324.881  3 55410.86069909 50.561
 92  19.848194   1.837236   324.344   324.347  3 55445.86069226 49.863
 93  19.848589   1.840339   324.382   324.377  3 55480.86062593 51.668
