#  327.995  -1.474   1.251 ;Mean Elev.(m), Avg Gradient(m/km), RMS Gradient(m/km) - SRTM1     
#  324.637  -3.949   2.805 ;Mean Elev.(m), Avg Gradient(m/km), RMS Gradient(m/km) - ASTER GDEM
#  328.637  -1.359   3.086 ;Mean Elev.(m), Avg Gradient(m/km), RMS Gradient(m/km) - GMTED2010 
  8   331.746 52488.36003162 47.23  20.712324   1.995105 40.247
  8   331.733 52488.36003226 51.90  20.711594   1.991805 40.247
  8   331.675 52488.36003291 53.02  20.710874   1.988495 40.247
  9   331.946 52523.36000580 51.54  20.708812   1.993564 36.512
  9   331.998 52523.36000644 49.46  20.708082   1.990254 36.512
  9   332.014 52523.36000709 51.26  20.707362   1.986954 36.512
  9   331.966 52523.36000902 51.70  20.705182   1.977034 36.512
  9   331.979 52523.36000966 49.92  20.704452   1.973724 36.512
 10   332.159 52558.36005616 15.96  20.705567   1.993948  9.398
 10   332.009 52558.36005681 15.19  20.704837   1.990638  9.398
 10   331.768 52558.36005745 15.05  20.704107   1.987338  9.398
 10   331.866 52558.36005810 14.47  20.703377   1.984028  9.398
 10   332.020 52558.36005939 20.35  20.701927   1.977418  9.398
 10   332.167 52558.36006003 24.30  20.701197   1.974108  9.398
 11   332.959 52593.36005612 53.93  20.703539   1.993872 50.657
 11   333.027 52593.36005677 52.51  20.702809   1.990572 50.657
 11   333.001 52593.36005741 51.79  20.702079   1.987262 50.657
 11   332.949 52593.36005805 52.54  20.701349   1.983952 50.657
 11   332.893 52593.36005934 52.41  20.699899   1.977342 50.657
 11   332.838 52593.36005999 51.61  20.699179   1.974042 50.657
 12   333.712 52628.35997932 53.73  20.715724   1.993495 28.897
 12   333.698 52628.35997996 49.81  20.715004   1.990185 28.897
 13   332.538 52663.36001824 16.28  20.707638   1.993267 15.209
 13   332.390 52663.36001888 15.11  20.706918   1.989957 15.209
 13   332.243 52663.36001952 15.15  20.706188   1.986647 15.209
 13   332.540 52663.36002146 19.95  20.704008   1.976737 15.209
 13   332.645 52663.36002210 24.24  20.703278   1.973427 15.209
 14   331.932 52698.35999348 51.96  20.713879   1.992899 46.798
 14   331.924 52698.35999412 53.67  20.713159   1.989599 46.798
 15   332.060 52733.36001480 17.03  20.717880   1.994921  8.716
 15   332.025 52733.36001545 16.71  20.717150   1.991611  8.716
 15   332.220 52733.36001609 16.66  20.716420   1.988311  8.716
 16   332.828 52768.36002034 48.04  20.706364   1.994236 39.796
 16   332.959 52768.36002098 51.04  20.705634   1.990926 39.796
 16   332.972 52768.36002162 53.82  20.704914   1.987616 39.796
 16   332.863 52768.36002227 50.95  20.704184   1.984316 39.796
 16   332.843 52768.36002356 53.96  20.702734   1.977706 39.796
 16   332.842 52768.36002420 51.71  20.702004   1.974396 39.796
 17   332.053 52803.36004056 53.38  20.709364   1.992646 38.537
 17   332.108 52803.36004120 52.42  20.708644   1.989346 38.537
 17   332.040 52803.36004184 51.44  20.707914   1.986036 38.537
 18   332.028 52838.36010390 16.34  20.711658   1.993916 18.906
 18   331.902 52838.36010454 16.46  20.710928   1.990616 18.906
 18   331.956 52838.36010519 15.66  20.710198   1.987306 18.906
 19   332.137 52873.36014362 47.52  20.711124   1.995023 39.845
 19   332.168 52873.36014427 52.91  20.710394   1.991723 39.845
 19   332.118 52873.36014491 50.86  20.709664   1.988413 39.845
 19   332.084 52873.36014556 53.02  20.708944   1.985113 39.845
 20   332.742 52908.36012676 19.31  20.713166   1.992555 16.641
 20   332.767 52908.36012740 16.91  20.712446   1.989255 16.641
 21   332.853 52943.36005345 51.04  20.718294   1.995864 42.742
 21   332.756 52943.36005409 51.90  20.717564   1.992554 42.742
 21   332.731 52943.36005474 52.26  20.716844   1.989254 42.742
 23   332.782 53013.36011213 52.19  20.706483   1.993268 42.212
 23   332.770 53013.36011277 53.79  20.705753   1.989958 42.212
 23   332.712 53013.36011342 51.33  20.705033   1.986658 42.212
 23   332.629 53013.36011406 50.06  20.704303   1.983348 42.212
 23   332.720 53013.36011535 54.05  20.702853   1.976738 42.212
 23   332.691 53013.36011599 51.42  20.702123   1.973438 42.212
 24   332.582 53048.36008239 47.93  20.708984   1.991694 44.321
 24   332.524 53048.36008304 52.76  20.708254   1.988394 44.321
 24   332.466 53048.36008368 49.47  20.707524   1.985084 44.321
 25   332.212 53083.36011707 50.25  20.702892   1.996090 43.599
 25   332.226 53083.36011771 50.42  20.702162   1.992790 43.599
 25   332.171 53083.36011836 49.35  20.701442   1.989480 43.599
 25   332.205 53083.36011900 52.83  20.700712   1.986170 43.599
 25   332.218 53083.36011965 52.36  20.699982   1.982870 43.599
 25   332.232 53083.36012029 51.61  20.699262   1.979560 43.599
 25   332.212 53083.36012094 50.20  20.698532   1.976260 43.599
 26   332.126 53118.36008736 49.03  20.705875   1.993684 33.136
 26   332.137 53118.36008800 44.14  20.705155   1.990384 33.136
 26   332.167 53118.36008865 50.15  20.704425   1.987074 33.136
 26   332.205 53118.36008929 47.03  20.703695   1.983774 33.136
 26   332.255 53118.36009058 45.27  20.702243   1.977161 11.557
 26   332.199 53118.36009122 43.82  20.701513   1.973851 11.557
 27   331.848 53153.36013785 50.97  20.704020   1.994026 45.709
 27   331.858 53153.36013850 51.18  20.703300   1.990716 45.709
 27   331.731 53153.36013914 52.76  20.702570   1.987416 45.709
 27   331.643 53153.36013979 49.14  20.701840   1.984106 45.709
 27   331.672 53153.36014108 54.05  20.700390   1.977496 45.709
 27   331.679 53153.36014172 50.42  20.699660   1.974186 45.709
 28   331.622 53188.36012583 45.58  20.716621   1.994733 42.414
 28   331.676 53188.36012648 47.91  20.715901   1.991423 42.414
 28   331.704 53188.36012712 51.23  20.715171   1.988113 42.414
 29   331.123 53223.36014355 49.44  20.711756   1.995013 37.731
 29   331.192 53223.36014420 52.16  20.711026   1.991703 37.731
 29   331.249 53223.36014484 51.02  20.710306   1.988403 37.731
 30   331.972 53258.36011935 14.90  20.705158   1.994269  9.296
 30   331.231 53258.36011999 14.84  20.704428   1.990959  9.296
 30   331.112 53258.36012064 14.08  20.703708   1.987659  9.296
 30   331.016 53258.36012128 15.51  20.702978   1.984349  9.296
 30   331.770 53258.36012257 18.92  20.701528   1.977739  9.296
 30   332.125 53258.36012321 21.50  20.700798   1.974429  9.296
 31   331.947 53293.36014102 50.60  20.702088   1.995065 34.883
 31   331.920 53293.36014166 45.07  20.701368   1.991765 34.883
 31   331.933 53293.36014231 43.15  20.700638   1.988455 34.883
 31   332.004 53293.36014295 48.51  20.699908   1.985145 34.883
 31   332.022 53293.36014360 49.46  20.699188   1.981845 34.883
 31   332.026 53293.36014424 50.89  20.698458   1.978535 34.883
 31   331.980 53293.36014489 50.33  20.697728   1.975235 34.883
 32   332.862 53328.36011482 49.39  20.711361   1.993438 46.229
 32   332.863 53328.36011546 49.73  20.710631   1.990128 46.229
 32   332.839 53328.36011611 49.73  20.709901   1.986828 46.229
 33   333.190 53363.36006786 52.91  20.713464   1.994530 49.565
 33   333.176 53363.36006850 52.64  20.712744   1.991220 49.565
 33   333.172 53363.36006915 51.30  20.712014   1.987910 49.565
 34   332.016 53398.36009071 51.36  20.708486   1.993388 44.991
 34   331.969 53398.36009136 49.89  20.707766   1.990088 44.991
 34   331.916 53398.36009200 49.05  20.707036   1.986778 44.991
 34   332.024 53398.36009394 52.54  20.704856   1.976858 44.991
 34   331.879 53398.36009458 51.25  20.704126   1.973558 44.991
 35   331.491 53433.36008137 51.68  20.712054   1.994217 41.889
 35   331.524 53433.36008202 50.76  20.711334   1.990907 41.889
 35   331.545 53433.36008266 52.90  20.710604   1.987607 41.889
 36   332.339 53468.36012091 52.55  20.708064   1.991918 41.717
 36   332.356 53468.36012156 53.14  20.707334   1.988618 41.717
 36   332.366 53468.36012220 49.09  20.706604   1.985308 41.717
 36   332.407 53468.36012349 49.03  20.705154   1.978698 41.717
 36   332.421 53468.36012413 52.18  20.704424   1.975398 41.717
 37   331.944 53503.36016771 43.75  20.704826   1.995589 46.806
 37   332.015 53503.36016836 53.03  20.704096   1.992279 46.806
 37   332.021 53503.36016900 54.55  20.703376   1.988969 46.806
 37   331.847 53503.36016965 53.28  20.702646   1.985669 46.806
 37   331.829 53503.36017029 49.24  20.701916   1.982359 46.806
 37   331.845 53503.36017094 51.38  20.701196   1.979059 46.806
 37   331.869 53503.36017158 53.12  20.700466   1.975749 46.806
 37   331.885 53503.36017223 52.39  20.699736   1.972449 46.806
 38   331.648 53538.36016371 49.17  20.708872   1.994232 38.839
 38   331.687 53538.36016436 48.43  20.708142   1.990922 38.839
 38   331.747 53538.36016500 45.70  20.707412   1.987622 38.839
 38   331.812 53538.36016565 46.51  20.706682   1.984312 38.839
 38   331.811 53538.36016694 47.73  20.705232   1.977702 38.839
 38   331.769 53538.36016758 49.94  20.704512   1.974402 38.839
 39   331.163 53573.36016433 28.29  20.705625   1.995608 25.363
 39   331.271 53573.36016497 31.38  20.704905   1.992298 25.363
 39   331.237 53573.36016562 22.14  20.704175   1.988998 25.363
 39   331.116 53573.36016626 19.37  20.703445   1.985688 25.363
 39   331.408 53573.36016755 24.17  20.701995   1.979078 25.363
 39   331.813 53573.36016820 20.52  20.701265   1.975768 25.363
 39   332.077 53573.36016884 20.64  20.700545   1.972468 25.363
 40   332.070 53608.36011374 16.82  20.708540   1.994382 21.927
 40   332.043 53608.36011438 16.97  20.707820   1.991072 21.927
 40   331.895 53608.36011503 16.52  20.707090   1.987762 21.927
 40   331.923 53608.36011567 17.18  20.706360   1.984462 21.927
 40   332.173 53608.36011696 28.01  20.704910   1.977852 21.927
 40   332.172 53608.36011761 37.77  20.704180   1.974542 21.927
 41   331.841 53643.36011585 52.90  20.708300   1.992702 41.441
 41   331.896 53643.36011649 52.83  20.707580   1.989402 41.441
 41   331.927 53643.36011714 51.37  20.706850   1.986092 41.441
 41   331.908 53643.36011843 48.59  20.705400   1.979482 41.441
 41   331.928 53643.36011907 51.69  20.704670   1.976172 41.441
 41   331.909 53643.36011972 47.16  20.703940   1.972872 41.441
 42   332.793 53678.36013435 47.37  20.704101   1.993294 45.878
 42   332.804 53678.36013500 50.91  20.703371   1.989984 45.878
 42   332.700 53678.36013564 51.82  20.702641   1.986684 45.878
 42   332.622 53678.36013629 50.61  20.701921   1.983374 45.878
 42   332.645 53678.36013758 53.47  20.700461   1.976764 45.878
 42   332.658 53678.36013822 52.54  20.699741   1.973464 45.878
 43   332.880 53713.36006239 47.22  20.713039   1.994515 45.988
 43   332.866 53713.36006304 50.16  20.712319   1.991205 45.988
 43   332.774 53713.36006368 48.71  20.711589   1.987895 45.988
 44   332.100 53748.35997610 52.51  20.714506   1.994486 41.682
 44   332.086 53748.35997674 52.93  20.713776   1.991176 41.682
 44   331.941 53748.35997739 52.96  20.713056   1.987876 41.682
 45   331.282 53783.36000669 27.29  20.713891   1.995412 29.753
 45   330.952 53783.36000734 22.08  20.713171   1.992102 29.753
 45   331.540 53783.36000798 22.44  20.712441   1.988802 29.753
 46   331.804 53818.35996975 50.46  20.712836   1.994809 41.708
 46   331.775 53818.35997039 51.84  20.712106   1.991499 41.708
 46   331.786 53818.35997104 52.24  20.711376   1.988199 41.708
 47   332.253 53853.36004725 52.91  20.705230   1.992804 40.975
 47   332.252 53853.36004790 51.71  20.704500   1.989494 40.975
 47   332.235 53853.36004854 49.82  20.703780   1.986194 40.975
 47   332.223 53853.36004919 49.75  20.703050   1.982884 40.975
 47   332.248 53853.36004983 49.29  20.702320   1.979574 40.975
 47   332.357 53853.36005048 49.31  20.701600   1.976274 40.975
 47   332.396 53853.36005112 45.09  20.700870   1.972964 40.975
 48   332.848 53888.36005415 49.48  20.717435   1.992967 46.613
 48   332.846 53888.36005479 51.39  20.716705   1.989657 46.613
 49   331.772 53923.36012295 11.66  20.700283   1.995716  8.256
 49   331.352 53923.36012489 13.69  20.698103   1.985806  8.256
 49   330.946 53923.36012553 12.36  20.697373   1.982496  8.256
 49   330.932 53923.36012618 14.03  20.696643   1.979186  8.256
 50   331.322 53958.36011592 50.46  20.702223   1.994902 42.718
 50   331.365 53958.36011657 51.42  20.701493   1.991602 42.718
 50   331.396 53958.36011721 50.70  20.700773   1.988292 42.718
 50   331.382 53958.36011786 49.47  20.700043   1.984992 42.718
 50   331.387 53958.36011850 50.13  20.699313   1.981682 42.718
 50   331.380 53958.36011915 52.72  20.698593   1.978372 42.718
 50   331.395 53958.36011979 50.57  20.697863   1.975072 42.718
 51   331.047 53993.36004351 20.27  20.713074   1.993460  6.654
 51   331.448 53993.36004416 18.84  20.712354   1.990150  6.654
 51   331.522 53993.36004480 25.60  20.711624   1.986850  6.654
 52   331.732 54028.36010469 28.01  20.711540   1.994094 20.048
 52   332.069 54028.36010534 29.14  20.710810   1.990794 20.048
 52   332.072 54028.36010598 31.03  20.710080   1.987484 20.048
 53   333.558 54063.36009866 33.34  20.713708   1.993591 26.233
 53   333.610 54063.36009930 35.05  20.712978   1.990291 26.233
 53   333.568 54063.36009994 38.23  20.712258   1.986981 26.233
 54   333.573 54098.36006689 52.96  20.708889   1.992686 41.190
 54   333.568 54098.36006754 51.92  20.708159   1.989386 41.190
 54   333.578 54098.36006818 50.61  20.707439   1.986076 41.190
 55   332.807 54133.36002147 50.43  20.710544   1.994701 48.283
 55   332.761 54133.36002211 52.10  20.709814   1.991401 48.283
 55   332.732 54133.36002276 49.57  20.709084   1.988091 48.283
 55   332.755 54133.36002340 53.41  20.708364   1.984781 48.283
 56   332.315 54168.36004099 28.64  20.708145   1.993776 31.819
 56   331.871 54168.36004163 25.00  20.707415   1.990476 31.819
 56   332.242 54168.36004228 22.23  20.706685   1.987166 31.819
 56   332.433 54168.36004292 26.14  20.705965   1.983866 31.819
 56   332.316 54168.36004421 28.12  20.704511   1.977252  8.312
 56   332.367 54168.36004486 37.34  20.703781   1.973942  8.312
 57   332.093 54203.36002532 50.39  20.709505   1.994509 42.498
 57   332.083 54203.36002596 54.24  20.708785   1.991209 42.498
 57   332.076 54203.36002661 52.33  20.708055   1.987899 42.498
 57   331.988 54203.36002725 50.19  20.707325   1.984599 42.498
 58   332.751 54238.36006046 52.67  20.710360   1.992013 42.368
 58   332.764 54238.36006111 51.37  20.709630   1.988703 42.368
 58   332.679 54238.36006175 52.08  20.708910   1.985403 42.368
 59   332.234 54273.36007845 23.54  20.710756   1.995078 19.883
 59   332.109 54273.36007910 22.35  20.710036   1.991768 19.883
 59   332.091 54273.36007974 22.32  20.709306   1.988468 19.883
 59   332.128 54273.36008038 22.76  20.708576   1.985158 19.883
 60   331.839 54308.36008085 51.39  20.710186   1.992956 36.532
 60   331.824 54308.36008149 52.06  20.709466   1.989656 36.532
 60   331.774 54308.36008214 50.29  20.708736   1.986346 36.532
 61   332.027 54343.36005893 14.61  20.710964   1.993603 14.055
 61   331.960 54343.36005958 13.35  20.710244   1.990293 14.055
 61   331.971 54343.36006022 14.88  20.709514   1.986993 14.055
 62   332.158 54378.36001622 51.88  20.709999   1.993980 39.806
 62   332.139 54378.36001687 51.34  20.709279   1.990680 39.806
 62   332.089 54378.36001751 50.86  20.708549   1.987370 39.806
 63   333.151 54413.36000696 51.11  20.709514   1.993654 43.524
 63   333.138 54413.36000761 52.55  20.708784   1.990354 43.524
 63   333.059 54413.36000825 49.51  20.708054   1.987044 43.524
 64   333.513 54448.35998233 48.89  20.710016   1.994408 28.329
 64   333.517 54448.35998298 50.92  20.709296   1.991108 28.329
 64   333.471 54448.35998362 47.61  20.708566   1.987798 28.329
 64   333.365 54448.35998426 51.50  20.707836   1.984498 28.329
 65   332.605 54483.36000038 52.54  20.711416   1.993811 46.420
 65   332.625 54483.36000103 53.44  20.710696   1.990511 46.420
 65   332.618 54483.36000167 49.87  20.709966   1.987201 46.420
 66   332.281 54518.35999605 49.51  20.711229   1.994850 43.451
 66   332.300 54518.35999670 52.91  20.710499   1.991540 43.451
 66   332.300 54518.35999734 52.21  20.709769   1.988230 43.451
 66   332.326 54518.35999799 51.10  20.709049   1.984930 43.451
 67   332.245 54553.36001228 21.44  20.709347   1.993246 17.707
 67   332.328 54553.36001292 23.52  20.708627   1.989936 17.707
 67   332.353 54553.36001357 31.26  20.707897   1.986626 17.707
 68   332.290 54588.35999155 52.18  20.710095   1.993907 43.941
 68   332.318 54588.35999220 53.77  20.709365   1.990597 43.941
 68   332.349 54588.35999284 50.48  20.708635   1.987297 43.941
 69   332.168 54623.36001020 53.27  20.709154   1.992051 40.741
 69   332.088 54623.36001084 51.76  20.708424   1.988741 40.741
 69   332.046 54623.36001149 52.16  20.707704   1.985431 40.741
 70   331.428 54658.36001855 49.97  20.708204   1.994628 42.268
 70   331.469 54658.36001919 53.10  20.707474   1.991328 42.268
 70   331.467 54658.36001983 53.90  20.706754   1.988018 42.268
 70   331.316 54658.36002048 51.60  20.706024   1.984718 42.268
 70   331.266 54658.36002177 53.07  20.704574   1.978108 42.268
 70   331.246 54658.36002241 51.77  20.703844   1.974798 42.268
 71   331.506 54693.36000035 14.88  20.709682   1.992003 12.907
 71   331.527 54693.36000100 14.77  20.708952   1.988703 12.907
 71   331.594 54693.36000164 14.22  20.708232   1.985393 12.907
 72   331.848 54728.35997261 49.18  20.710423   1.992679 41.637
 72   331.852 54728.35997326 53.20  20.709693   1.989379 41.637
 72   331.857 54728.35997390 52.86  20.708963   1.986069 41.637
 73   332.553 54763.35997866 53.58  20.708753   1.992362 35.804
 73   332.612 54763.35997930 51.41  20.708023   1.989062 35.804
 73   332.574 54763.35997995 52.20  20.707293   1.985752 35.804
 73   332.591 54763.35998124 48.92  20.705843   1.979142 35.804
 73   332.572 54763.35998188 52.10  20.705113   1.975832 35.804
 74   333.825 54798.35996552 50.86  20.709393   1.994591 45.392
 74   333.828 54798.35996617 50.30  20.708663   1.991291 45.392
 74   333.829 54798.35996681 49.78  20.707933   1.987981 45.392
 74   333.842 54798.35996746 52.08  20.707213   1.984681 45.392
 75   332.545 54833.35996809 48.22  20.709408   1.994002 42.006
 75   332.560 54833.35996873 47.62  20.708688   1.990692 42.006
 75   332.520 54833.35996938 48.48  20.707958   1.987392 42.006
 76   332.472 54868.35996218 39.99  20.710731   1.994464 39.246
 76   332.443 54868.35996282 42.47  20.710001   1.991154 39.246
 76   332.473 54868.35996347 45.37  20.709281   1.987854 39.246
 76   332.512 54868.35996411 45.73  20.708551   1.984544 39.246
 77   332.208 54903.35997834 50.38  20.707212   1.992816 39.678
 77   332.237 54903.35997899 50.85  20.706482   1.989506 39.678
 77   332.236 54903.35997963 51.99  20.705752   1.986206 39.678
 77   332.300 54903.35998092 51.13  20.704302   1.979596 39.678
 77   332.324 54903.35998157 50.21  20.703572   1.976286 39.678
 77   332.328 54903.35998221 49.60  20.702852   1.972986 39.678
 78   332.355 54938.35995203 55.10  20.710398   1.993967 44.403
 78   332.371 54938.35995268 51.85  20.709668   1.990657 44.403
 78   332.375 54938.35995332 50.35  20.708938   1.987357 44.403
 79   332.958 54973.35998435 52.22  20.709338   1.992532 42.973
 79   332.815 54973.35998499 49.91  20.708608   1.989222 42.973
 79   332.764 54973.35998564 52.21  20.707878   1.985912 42.973
 80   331.712 55008.36000007 52.04  20.707944   1.992205 30.129
 80   331.722 55008.36000071 49.95  20.707214   1.988895 30.129
 80   331.772 55008.36000136 51.59  20.706494   1.985585 30.129
 80   331.859 55008.36000265 49.18  20.705034   1.978975 30.129
 80   331.823 55008.36000329 48.68  20.704314   1.975675 30.129
 81   331.418 55043.35998857 41.25  20.710477   1.994088 39.282
 81   331.410 55043.35998922 46.28  20.709747   1.990788 39.282
 81   331.334 55043.35998986 47.93  20.709027   1.987478 39.282
 81   331.375 55043.35999051 42.81  20.708297   1.984168 39.282
 82   331.714 55078.35996710 41.23  20.709512   1.992272 40.331
 82   331.708 55078.35996774 42.31  20.708782   1.988972 40.331
 82   331.781 55078.35996839 46.72  20.708062   1.985662 40.331
 83   332.338 55113.35992159 52.66  20.710314   1.994384 42.299
 83   332.354 55113.35992224 50.51  20.709584   1.991074 42.299
 83   332.326 55113.35992288 50.83  20.708854   1.987774 42.299
 83   332.319 55113.35992353 51.86  20.708124   1.984464 42.299
 84   332.979 55148.35992256 51.09  20.708057   1.992428 42.952
 84   332.969 55148.35992320 49.37  20.707337   1.989118 42.952
 84   332.837 55148.35992384 52.48  20.706607   1.985818 42.952
 84   332.879 55148.35992513 53.02  20.705157   1.979208 42.952
 84   332.808 55148.35992578 53.82  20.704427   1.975898 42.952
 85   333.164 55183.35990283 54.26  20.709941   1.994404 45.211
 85   333.198 55183.35990347 53.38  20.709211   1.991104 45.211
 85   333.102 55183.35990411 51.52  20.708481   1.987794 45.211
 85   333.121 55183.35990476 52.04  20.707761   1.984494 45.211
 86   332.909 55218.35992048 47.24  20.708103   1.992284 32.119
 86   332.917 55218.35992113 48.64  20.707383   1.988984 32.119
 86   332.963 55218.35992177 49.47  20.706647   1.985671 17.917
 86   333.052 55218.35992306 51.22  20.705197   1.979061 17.917
 86   333.073 55218.35992370 51.34  20.704467   1.975761 17.917
 87   332.697 55253.35989938 51.77  20.711269   1.993501 42.395
 87   332.715 55253.35990002 50.94  20.710539   1.990191 42.395
 87   332.609 55253.35990067 49.16  20.709819   1.986891 42.395
 88   333.021 55288.35990944 43.66  20.708725   1.994281 43.153
 88   333.010 55288.35991008 33.15  20.707995   1.990981 43.153
 88   333.008 55288.35991073 41.56  20.707275   1.987671 43.153
 88   333.006 55288.35991137 45.17  20.706545   1.984361 43.153
 88   332.997 55288.35991266 51.27  20.705095   1.977751 43.153
 88   332.973 55288.35991331 45.19  20.704365   1.974451 43.153
 89   333.010 55323.35988650 37.66  20.708277   1.994822 38.533
 89   332.947 55323.35988714 38.31  20.707557   1.991512 38.533
 89   332.964 55323.35988779 42.06  20.706827   1.988202 38.533
 89   332.987 55323.35988843 42.18  20.706097   1.984902 38.533
 89   332.973 55323.35988972 46.68  20.704647   1.978292 38.533
 89   332.861 55323.35989037 42.93  20.703917   1.974982 38.533
 90   332.564 55358.35988606 20.98  20.708551   1.992833 17.904
 90   332.300 55358.35988671 18.02  20.707821   1.989523 17.904
 90   332.427 55358.35988735 18.77  20.707091   1.986223 17.904
 90   332.420 55358.35988928 26.08  20.704911   1.976303 17.904
 90   332.548 55358.35988993 32.47  20.704191   1.973003 17.904
 91   332.128 55393.35988866 48.57  20.709565   1.994048 27.739
 91   332.126 55393.35988931 52.32  20.708845   1.990748 27.739
 91   332.111 55393.35988995 51.25  20.708115   1.987438 27.739
 91   332.022 55393.35989060 51.56  20.707385   1.984128 27.739
 92   332.063 55428.35990118 23.91  20.710945   1.994577 20.068
 92   331.482 55428.35990182 21.89  20.710215   1.991277 20.068
 92   331.425 55428.35990247 20.06  20.709495   1.987967 20.068
 92   331.448 55428.35990311 18.79  20.708765   1.984657 20.068
 93   332.330 55463.35986524 43.92  20.711732   1.994764 40.115
 93   332.339 55463.35986588 53.16  20.711012   1.991464 40.115
 93   332.223 55463.35986653 52.18  20.710282   1.988154 40.115
