#  340.998  -6.164  16.079 ;Mean Elev.(m), Avg Gradient(m/km), RMS Gradient(m/km) - SRTM1     
#  332.356  -6.440  16.116 ;Mean Elev.(m), Avg Gradient(m/km), RMS Gradient(m/km) - ASTER GDEM
#  341.148  -5.984  17.320 ;Mean Elev.(m), Avg Gradient(m/km), RMS Gradient(m/km) - GMTED2010 
  8  21.448857   2.098836   339.068   339.032  7 52504.35801818 51.363
  9  21.453867   2.101847   339.649   339.652  7 52539.35800102 51.339
 10  21.447070   2.099465   339.750   339.791  7 52574.35804512 51.154
 11  21.451428   2.100946   340.930   340.921  7 52609.35800440 39.875
 12  21.450330   2.100163   340.932   340.923  7 52644.35799675 51.700
 13  21.455754   2.100569   339.740   339.734  7 52679.35797546 51.997
 15  21.439299   2.095082   339.314   339.322  9 52749.35804670 48.289
 16  21.449200   2.099369   339.338   339.367  7 52784.35798711 23.562
 17  21.449305   2.100429   339.213   339.213  7 52819.35806323 51.500
 18  21.452811   2.099817   339.267   339.247  7 52854.35811209 50.444
 20  21.449961   2.101380   339.975   340.001  7 52924.35809913 50.589
 21  21.457504   2.100155   339.983   339.939  7 52959.35806605 25.971
 22  21.452202   2.100464   340.475   340.532  6 52994.35809726 32.853
 23  21.453132   2.101200   339.824   339.839  7 53029.35806093 51.859
 24  21.456559   2.102258   339.082   339.073  7 53064.35806838 15.663
 25  21.445395   2.098597   339.016   339.043  7 53099.35807994 51.949
 26  21.458346   2.101625   339.848   339.860  7 53134.35806733 50.326
 28  21.449681   2.101266   337.830   337.837  7 53204.35813920 27.717
 29  21.456590   2.101481   338.951   338.961  7 53239.35810710 52.141
 30  21.453279   2.100599   338.797   338.803  6 53274.35807087 51.647
 31  21.446190   2.098375   339.433   339.435  8 53309.35812440 51.617
 32  21.450894   2.099654   340.478   340.495  7 53344.35809034 48.506
 33  21.454672   2.099206   340.078   340.060  7 53379.35803706 51.792
 34  21.456551   2.102212   339.345   339.360  7 53414.35806647 48.607
 35  21.452540   2.101536   338.776   338.765  7 53449.35805790 21.427
 37  21.452673   2.100168   339.242   339.218  7 53519.35814041 49.433
 38  21.443588   2.097875   338.878   338.881  8 53554.35816405 50.524
 39  21.456657   2.100206   338.664   338.696  7 53589.35810923 48.080
 40  21.444289   2.098027   338.327   338.233  8 53624.35808689 22.439
 41  21.448772   2.098922   339.055   339.057  7 53659.35811360 47.880
 42  21.449827   2.099355   340.263   340.297  7 53694.35809046 43.059
 43  21.454465   2.101902   339.893   339.481  7 53729.35801282 15.869
 44  21.458294   2.100746   339.059   339.061  7 53764.35797607 50.519
 45  21.454871   2.099629   339.006   339.004  7 53799.35798319 50.030
 46  21.452622   2.099300   339.447   339.461  7 53834.35798135 46.914
 47  21.449632   2.099156   339.040   339.081  7 53869.35804430 50.839
 48  21.448986   2.099061   338.956   338.973  7 53904.35807794 51.635
 49  21.440341   2.097159   338.500   338.463  9 53939.35811262 50.621
 50  21.447881   2.099555   338.895   338.920  8 53974.35807218 41.064
 51  21.453020   2.099692   339.237   339.231  7 54009.35806535 51.268
 52  21.456967   2.100620   340.180   340.208  7 54044.35808526 51.465
 53  21.451041   2.100565   341.588   341.603  7 54079.35807878 51.482
 54  21.450935   2.100297   340.472   340.463  7 54114.35801467 51.028
 56  21.451108   2.100435   339.690   339.739  6 54184.35800512 48.394
 57  21.450191   2.100194   339.714   339.718  7 54219.35803383 49.843
 58  21.450594   2.099423   339.209   339.265  7 54254.35805841 16.890
 59  21.453281   2.101054   339.167   339.182  7 54289.35806162 49.028
 60  21.453212   2.100926   339.363   339.317  7 54324.35805892 41.672
 61  21.452678   2.101877   339.649   339.606  7 54359.35801364 50.692
 62  21.452252   2.099780   340.470   340.480  7 54394.35799954 51.476
 63  21.453195   2.101696   340.776   340.741  7 54429.35796414 52.304
 64  21.452789   2.100019   340.727   340.734  7 54464.35797868 51.485
 65  21.452700   2.100409   340.243   340.262  7 54499.35797516 51.072
 66  21.452986   2.099953   338.978   339.103  7 54534.35799288 29.293
 67  21.452154   2.099442   339.427   339.418  7 54569.35797837 46.826
 68  21.451188   2.100322   339.138   339.130  7 54604.35798719 49.302
 69  21.450704   2.100906   339.310   339.279  7 54639.35799771 47.930
 70  21.450526   2.101342   338.798   338.788  7 54674.35799990 48.840
 71  21.453930   2.101917   339.323   339.338  7 54709.35795720 51.237
 72  21.451224   2.100120   339.507   339.540  7 54744.35796721 51.392
 73  21.453016   2.101003   340.079   340.187  7 54779.35794122 29.727
 74  21.452101   2.101343   340.302   340.275  7 54814.35795982 51.612
 75  21.451778   2.099711   339.519   339.526  7 54849.35794041 51.528
 76  21.450289   2.100164   339.769   339.775  6 54884.35796427 51.270
 77  21.449526   2.101475   485.801   485.782  7 54919.35794182 42.758
 78  21.450841   2.101184   339.778   339.733  7 54954.35795798 39.700
 79  21.448487   2.099167   340.268   340.589  7 54989.35798283 14.680
 80  21.452855   2.100888   339.238   339.231  7 55024.35797397 41.131
 81  21.451742   2.099377   338.760   338.737  7 55059.35796857 51.401
 82  21.450792   2.099233   339.068   339.070  7 55094.35792213 51.414
 83  21.451396   2.100824   339.971   340.034  7 55129.35791040 21.613
 84  21.452032   2.099424   340.724   340.739  7 55164.35788365 46.260
 85  21.450709   2.099390   340.451   340.460  7 55199.35790200 51.667
 86  21.450527   2.099225   339.913   339.919  7 55234.35788932 50.141
 87  21.451441   2.099470   340.432   340.422  7 55269.35789644 49.191
 88  21.453070   2.100884   340.743   340.727  7 55304.35786848 50.768
 89  21.451735   2.100226   340.376   340.410  7 55339.35786863 49.752
 90  21.452612   2.101786   339.775   339.740  7 55374.35786005 22.190
 91  21.453196   2.100755   339.435   339.467  7 55409.35788127 36.035
 92  21.452002   2.099343   339.087   339.084  7 55444.35787739 51.007
 93  21.453029   2.101406   339.175   339.188  7 55479.35781404 48.017
