#  356.095  -0.700   1.385 ;Mean Elev.(m), Avg Gradient(m/km), RMS Gradient(m/km) - SRTM1     
#  362.166   1.307   4.739 ;Mean Elev.(m), Avg Gradient(m/km), RMS Gradient(m/km) - ASTER GDEM
#  357.485  -0.724   3.941 ;Mean Elev.(m), Avg Gradient(m/km), RMS Gradient(m/km) - GMTED2010 
  7   351.401 52466.35406287 16.25  22.854318   1.947220 18.168
  7   352.376 52466.35406351 16.35  22.853588   1.943910 18.168
  7   351.789 52466.35406416 17.77  22.852868   1.940600 18.168
  7   352.878 52466.35406480 18.35  22.852138   1.937300 18.168
  7   351.268 52466.35406545 22.86  22.851408   1.933990 18.168
  8   351.089 52501.35405670 54.03  22.853201   1.944326 26.513
  8   351.068 52501.35405735 50.07  22.852481   1.941016 26.513
  8   351.077 52501.35405799 51.36  22.851751   1.937716 26.513
  8   350.976 52501.35405864 50.98  22.851021   1.934406 26.513
  9   351.439 52536.35404277 42.50  22.853265   1.946974 21.101
  9   351.638 52536.35404341 40.72  22.852535   1.943664 21.101
  9   351.555 52536.35404406 29.08  22.851815   1.940364 21.101
  9   351.246 52536.35404470 25.44  22.851085   1.937054 21.101
  9   351.431 52536.35404535 33.62  22.850355   1.933754 21.101
 10   351.829 52571.35407784 48.16  22.852955   1.946870 39.716
 10   351.861 52571.35407849 51.01  22.852225   1.943560 39.716
 10   351.897 52571.35407913 48.75  22.851505   1.940260 39.716
 10   351.920 52571.35407978 45.07  22.850775   1.936950 39.716
 10   351.883 52571.35408042 45.55  22.850045   1.933640 39.716
 11   353.220 52606.35404314 55.09  22.855234   1.944446 45.052
 11   353.130 52606.35404378 51.44  22.854514   1.941136 45.052
 11   353.197 52606.35404443 50.42  22.853784   1.937836 45.052
 11   353.207 52606.35404507 50.76  22.853054   1.934526 45.052
 12   352.956 52641.35403609 48.03  22.852832   1.946236 44.434
 12   353.038 52641.35403674 51.97  22.852112   1.942926 44.434
 12   352.992 52641.35403738 51.37  22.851382   1.939626 44.434
 12   352.943 52641.35403803 53.96  22.850652   1.936316 44.434
 12   352.847 52641.35403867 52.70  22.849932   1.933016 44.434
 13   352.052 52676.35402506 45.27  22.855806   1.947062 41.519
 13   352.163 52676.35402570 55.09  22.855076   1.943762 41.519
 13   352.020 52676.35402635 51.94  22.854356   1.940452 41.519
 13   352.072 52676.35402699 53.22  22.853626   1.937152 41.519
 13   352.079 52676.35402763 52.54  22.852896   1.933842 41.519
 14   351.236 52711.35405231 51.62  22.852630   1.944837 31.498
 14   351.356 52711.35405295 51.18  22.851900   1.941527 31.498
 14   351.247 52711.35405359 46.99  22.851180   1.938227 31.498
 14   351.282 52711.35405424 43.51  22.850450   1.934917 31.498
 15   351.447 52746.35407956 45.42  22.845763   1.946122 28.687
 15   351.511 52746.35408020 52.10  22.845033   1.942812 28.687
 15   351.441 52746.35408084 46.30  22.844313   1.939512 28.687
 15   351.372 52746.35408149 36.46  22.843583   1.936202 28.687
 15   351.240 52746.35408213 32.22  22.842853   1.932902 28.687
 15   351.280 52746.35408278 35.72  22.842133   1.929592 28.687
 16   352.026 52781.35401753 52.82  22.852469   1.944673 18.436
 16   351.949 52781.35401818 55.12  22.851739   1.941373 18.436
 16   351.969 52781.35401882 53.29  22.851014   1.938061 42.539
 16   351.998 52781.35401947 52.78  22.850284   1.934761 42.539
 17   350.733 52816.35409820 51.01  22.851377   1.944824 37.150
 17   351.262 52816.35409884 54.17  22.850647   1.941524 37.150
 17   351.211 52816.35409949 54.28  22.849917   1.938214 37.150
 17   351.169 52816.35410013 53.97  22.849197   1.934914 37.150
 17   351.143 52816.35410078 53.51  22.848467   1.931604 37.150
 18   351.295 52851.35414881 26.83  22.855294   1.947605  9.241
 18   351.276 52851.35414945 26.79  22.854564   1.944295  9.241
 18   351.295 52851.35415010 20.87  22.853844   1.940985  9.241
 18   351.267 52851.35415074 20.58  22.853114   1.937685  9.241
 18   351.190 52851.35415139 19.92  22.852384   1.934375  9.241
 19   351.966 52886.35418412 53.74  22.849959   1.944189 37.702
 19   351.997 52886.35418476 54.43  22.849239   1.940879 37.702
 19   351.908 52886.35418541 51.81  22.848509   1.937579 37.702
 19   351.921 52886.35418605 42.66  22.847779   1.934269 37.702
 19   351.955 52886.35418670 50.53  22.847059   1.930969 37.702
 20   352.012 52921.35413949 55.37  22.853901   1.944899 39.364
 20   352.003 52921.35414013 50.99  22.853171   1.941599 39.364
 20   352.019 52921.35414078 50.84  22.852451   1.938289 39.364
 20   352.031 52921.35414142 52.38  22.851721   1.934989 39.364
 21   352.413 52956.35410374 49.23  22.860270   1.947076 39.841
 21   352.527 52956.35410438 55.90  22.859550   1.943776 39.841
 21   352.510 52956.35410503 50.69  22.858820   1.940466 39.841
 21   352.499 52956.35410567 54.23  22.858090   1.937166 39.841
 21   352.463 52956.35410632 51.12  22.857360   1.933856 39.841
 22   353.040 52991.35412134 45.87  22.860293   1.947590 34.738
 22   353.045 52991.35412198 52.83  22.859563   1.944280 34.738
 22   352.958 52991.35412263 52.14  22.858833   1.940980 34.738
 22   353.028 52991.35412327 50.26  22.858113   1.937670 34.738
 22   353.078 52991.35412392 51.40  22.857383   1.934360 34.738
 23   351.999 53026.35408754 49.97  22.862691   1.946231 40.113
 23   352.047 53026.35408818 52.49  22.861961   1.942931 40.113
 23   352.079 53026.35408882 52.22  22.861231   1.939621 40.113
 23   352.021 53026.35408947 50.93  22.860511   1.936311 40.113
 24   351.290 53061.35409729 25.31  22.861987   1.946954 23.775
 24   351.325 53061.35409793 31.57  22.861257   1.943644 23.775
 24   351.329 53061.35409858 38.89  22.860537   1.940344 23.775
 24   351.339 53061.35409922 45.23  22.859807   1.937034 23.775
 25   351.409 53096.35412568 52.13  22.847614   1.944480 39.060
 25   351.692 53096.35412632 53.77  22.846884   1.941180 39.060
 25   351.114 53096.35412697 51.92  22.846154   1.937870 39.060
 25   351.247 53096.35412761 48.55  22.845434   1.934560 39.060
 25   351.150 53096.35412826 46.96  22.844704   1.931260 39.060
 26   352.039 53131.35409704 46.22  22.862874   1.948087 42.131
 26   352.077 53131.35409768 50.82  22.862154   1.944787 42.131
 26   352.037 53131.35409833 52.23  22.861424   1.941477 42.131
 26   352.037 53131.35409897 53.27  22.860694   1.938177 42.131
 26   351.929 53131.35409962 54.11  22.859974   1.934867 42.131
 28   350.306 53201.35417388 43.28  22.853595   1.945973 32.079
 28   350.091 53201.35417453 51.51  22.852865   1.942673 32.079
 28   350.092 53201.35417517 54.00  22.852135   1.939363 32.079
 28   350.091 53201.35417582 48.30  22.851415   1.936063 32.079
 28   350.092 53201.35417646 36.76  22.850685   1.932753 32.079
 29   350.890 53236.35414301 15.96  22.861675   1.945651 15.913
 29   350.762 53236.35414366 18.16  22.860955   1.942341 15.913
 29   350.747 53236.35414430 22.35  22.860225   1.939041 15.913
 29   350.865 53236.35414495 23.46  22.859495   1.935731 15.913
 30   350.787 53271.35410209 48.06  22.856641   1.946447 30.907
 30   350.818 53271.35410273 51.77  22.855911   1.943147 30.907
 30   350.714 53271.35410338 46.32  22.855181   1.939837 30.907
 30   350.638 53271.35410402 39.65  22.854461   1.936537 30.907
 30   350.609 53271.35410467 30.87  22.853731   1.933227 30.907
 31   351.428 53306.35416620 43.52  22.848414   1.947283 29.000
 31   351.173 53306.35416685 51.82  22.847684   1.943983 29.000
 31   351.498 53306.35416749 52.32  22.846954   1.940673 29.000
 31   351.268 53306.35416814 53.81  22.846224   1.937363 29.000
 31   351.283 53306.35416878 54.45  22.845504   1.934063 29.000
 31   351.303 53306.35416943 53.52  22.844774   1.930753 29.000
 32   352.585 53341.35413401 52.06  22.853584   1.945674 33.260
 32   352.509 53341.35413466 53.00  22.852854   1.942364 33.260
 32   352.563 53341.35413530 51.12  22.852124   1.939064 33.260
 32   352.619 53341.35413595 51.91  22.851404   1.935754 33.260
 32   352.662 53341.35413659 50.69  22.850674   1.932454 33.260
 33   352.223 53376.35406515 46.93  22.856787   1.944877 24.780
 33   352.133 53376.35406579 45.03  22.856057   1.941577 24.780
 33   352.082 53376.35406644 38.09  22.855337   1.938267 24.780
 33   352.078 53376.35406708 36.90  22.854607   1.934967 24.780
 34   351.430 53411.35410897 48.31  22.857819   1.945510 18.151
 34   351.422 53411.35410961 43.81  22.857089   1.942210 18.151
 34   351.420 53411.35411026 42.89  22.856359   1.938900 18.151
 34   351.431 53411.35411090 47.23  22.855629   1.935590 18.151
 35   351.209 53446.35409080 20.21  22.854445   1.947153 13.109
 35   350.938 53446.35409144 22.54  22.853725   1.943853 13.109
 35   350.976 53446.35409209 30.57  22.852995   1.940543 13.109
 35   350.923 53446.35409273 36.78  22.852265   1.937233 13.109
 35   350.911 53446.35409338 42.03  22.851535   1.933933 13.109
 36   351.704 53481.35417635 44.58  22.847827   1.945900 26.015
 36   351.711 53481.35417700 51.67  22.847097   1.942590 26.015
 36   351.411 53481.35417764 53.13  22.846367   1.939280 26.015
 36   351.374 53481.35417829 53.37  22.845647   1.935980 26.015
 36   351.397 53481.35417893 51.33  22.844917   1.932670 26.015
 36   351.394 53481.35417958 51.19  22.844187   1.929370 26.015
 37   351.622 53516.35417945 47.63  22.854985   1.946603 28.212
 37   351.465 53516.35418010 56.31  22.854255   1.943293 28.212
 37   351.361 53516.35418074 54.58  22.853525   1.939993 28.212
 37   351.355 53516.35418139 51.23  22.852805   1.936683 28.212
 37   351.363 53516.35418203 49.98  22.852075   1.933383 28.212
 38   351.121 53551.35420044 47.73  22.848235   1.945548 27.632
 38   351.013 53551.35420109 53.67  22.847505   1.942238 27.632
 38   350.940 53551.35420173 52.21  22.846785   1.938928 27.632
 38   350.871 53551.35420238 52.63  22.846055   1.935628 27.632
 38   350.899 53551.35420302 53.24  22.845325   1.932318 27.632
 39   350.497 53586.35415625 47.06  22.857610   1.947386 25.647
 39   350.541 53586.35415689 53.91  22.856890   1.944076 25.647
 39   350.507 53586.35415753 52.06  22.856160   1.940766 25.647
 39   350.479 53586.35415818 48.90  22.855430   1.937466 25.647
 39   350.476 53586.35415882 50.99  22.854710   1.934156 25.647
 40   351.021 53621.35411888 45.46  22.848310   1.946144 43.332
 40   350.898 53621.35411952 53.59  22.847580   1.942844 43.332
 40   350.832 53621.35412017 52.89  22.846850   1.939534 43.332
 40   350.739 53621.35412081 52.89  22.846130   1.936234 43.332
 40   350.832 53621.35412146 52.34  22.845400   1.932924 43.332
 40   350.861 53621.35412210 50.42  22.844670   1.929614 43.332
 41   350.690 53656.35414759 26.61  22.852637   1.944692 10.317
 41   350.755 53656.35414824 26.26  22.851907   1.941382 10.317
 41   351.105 53656.35414888 30.49  22.851177   1.938072 10.317
 41   351.146 53656.35414953 41.36  22.850457   1.934772 10.317
 42   352.543 53691.35413587 51.16  22.852294   1.945906 31.166
 42   352.654 53691.35413651 55.62  22.851564   1.942596 31.166
 42   352.683 53691.35413716 50.33  22.850834   1.939296 31.166
 42   352.553 53691.35413780 53.73  22.850114   1.935986 31.166
 42   352.615 53691.35413845 49.72  22.849384   1.932686 31.166
 43   351.693 53726.35405928 47.76  22.856969   1.946862 27.375
 43   351.833 53726.35405992 52.02  22.856249   1.943552 27.375
 43   351.649 53726.35406057 52.16  22.855519   1.940242 27.375
 43   351.748 53726.35406121 52.42  22.854789   1.936942 27.375
 43   351.835 53726.35406186 49.99  22.854069   1.933632 27.375
 44   351.409 53761.35400943 14.91  22.862250   1.946799 10.852
 44   350.841 53761.35401007 17.93  22.861530   1.943499 10.852
 44   351.114 53761.35401072 19.73  22.860800   1.940189 10.852
 44   351.232 53761.35401136 18.28  22.860070   1.936879 10.852
 45   351.358 53796.35402413 49.37  22.857966   1.945500 20.845
 45   350.956 53796.35402478 52.34  22.857236   1.942190 20.845
 45   351.049 53796.35402542 52.30  22.856506   1.938890 20.845
 45   351.147 53796.35402607 48.15  22.855786   1.935580 20.845
 47   351.373 53866.35408161 18.59  22.852093   1.945593  7.927
 47   351.029 53866.35408226 19.10  22.851363   1.942283  7.927
 47   351.102 53866.35408290 20.18  22.850643   1.938983  7.927
 47   351.003 53866.35408355 21.35  22.849913   1.935673  7.927
 47   351.077 53866.35408419 23.48  22.849183   1.932363  7.927
 49   350.442 53936.35414995 36.86  22.844466   1.946753 15.830
 49   350.486 53936.35415060 43.12  22.843746   1.943443 15.830
 49   350.248 53936.35415124 25.92  22.843016   1.940143 15.830
 49   350.172 53936.35415189 21.59  22.842286   1.936833 15.830
 49   350.561 53936.35415253 26.50  22.841556   1.933523 15.830
 49   350.581 53936.35415318 36.94  22.840836   1.930223 15.830
 49   350.579 53936.35415382 37.16  22.840106   1.926913 15.830
 50   351.535 53971.35411689 16.99  22.849787   1.944631 14.305
 50   350.966 53971.35411754 17.91  22.849067   1.941321 14.305
 50   350.462 53971.35411818 19.74  22.848337   1.938021 14.305
 50   350.370 53971.35411883 22.41  22.847607   1.934711 14.305
 50   350.800 53971.35411947 26.48  22.846887   1.931401 14.305
 51   351.429 54006.35409754 51.27  22.857021   1.945718 23.529
 51   351.397 54006.35409818 51.52  22.856301   1.942408 23.529
 51   351.428 54006.35409883 50.16  22.855571   1.939108 23.529
 51   351.470 54006.35409947 45.61  22.854841   1.935798 23.529
 52   352.044 54041.35412521 45.34  22.859043   1.947606 29.215
 52   352.097 54041.35412585 52.77  22.858313   1.944306 29.215
 52   351.917 54041.35412650 48.67  22.857593   1.940996 29.215
 52   351.877 54041.35412714 50.01  22.856863   1.937696 29.215
 52   351.900 54041.35412779 45.94  22.856133   1.934386 29.215
 53   353.624 54076.35411966 50.60  22.855157   1.947148 39.711
 53   353.643 54076.35412030 52.35  22.854427   1.943848 39.711
 53   353.692 54076.35412095 52.15  22.853707   1.940538 39.711
 53   353.741 54076.35412159 50.03  22.852977   1.937238 39.711
 53   353.771 54076.35412224 51.42  22.852247   1.933928 39.711
 54   352.696 54111.35406096 52.53  22.853517   1.945900 37.342
 54   352.644 54111.35406161 51.56  22.852787   1.942600 37.342
 54   352.704 54111.35406225 53.07  22.852067   1.939290 37.342
 54   352.754 54111.35406290 53.17  22.851337   1.935980 37.342
 54   352.702 54111.35406354 51.61  22.850617   1.932680 37.342
 55   351.996 54146.35406075 49.76  22.854328   1.946000 27.208
 55   352.099 54146.35406140 50.62  22.853608   1.942690 27.208
 55   352.029 54146.35406204 53.68  22.852878   1.939390 27.208
 55   351.944 54146.35406269 53.09  22.852148   1.936080 27.208
 55   351.939 54146.35406333 49.41  22.851428   1.932770 27.208
 56   351.971 54181.35404790 47.16  22.854055   1.947285 26.519
 56   352.072 54181.35404855 53.03  22.853325   1.943975 26.519
 56   351.972 54181.35404919 52.52  22.852595   1.940675 26.519
 56   351.843 54181.35404984 49.84  22.851875   1.937365 26.519
 56   351.863 54181.35405048 51.43  22.851145   1.934055 26.519
 57   351.939 54216.35406856 50.30  22.853609   1.945917 28.865
 57   352.137 54216.35406921 53.37  22.852879   1.942607 28.865
 57   352.020 54216.35406985 49.79  22.852149   1.939307 28.865
 57   351.864 54216.35407050 52.48  22.851419   1.935997 28.865
 57   351.884 54216.35407114 50.97  22.850699   1.932687 28.865
 58   351.620 54251.35409469 45.97  22.854151   1.947396 30.238
 58   351.775 54251.35409533 51.94  22.853431   1.944096 30.238
 58   351.666 54251.35409598 54.73  22.852701   1.940786 30.238
 58   351.643 54251.35409662 52.62  22.851971   1.937486 30.238
 58   351.728 54251.35409727 50.80  22.851251   1.934176 30.238
 59   351.049 54286.35410123 29.99  22.856033   1.946118 19.823
 59   351.005 54286.35410188 32.76  22.855303   1.942808 19.823
 59   351.172 54286.35410252 41.54  22.854573   1.939508 19.823
 59   351.344 54286.35410317 45.98  22.853853   1.936198 19.823
 59   351.425 54286.35410381 53.54  22.853123   1.932898 19.823
 60   351.165 54321.35409813 11.99  22.856131   1.945875  6.817
 60   351.128 54321.35409877 15.31  22.855401   1.942565  6.817
 60   351.296 54321.35409942 20.56  22.854671   1.939265  6.817
 60   351.374 54321.35410006 25.16  22.853951   1.935955  6.817
 60   351.418 54321.35410071 20.28  22.853221   1.932645  6.817
 61   351.786 54356.35405833 49.37  22.855864   1.946621 30.571
 61   351.831 54356.35405897 50.86  22.855144   1.943321 30.571
 61   351.744 54356.35405962 51.91  22.854414   1.940011 30.571
 61   351.814 54356.35406026 48.68  22.853684   1.936711 30.571
 61   351.667 54356.35406091 51.13  22.852964   1.933401 30.571
 62   352.763 54391.35403927 51.08  22.855136   1.944395 27.783
 62   352.598 54391.35403992 53.63  22.854406   1.941095 27.783
 62   352.693 54391.35404056 51.71  22.853686   1.937785 27.783
 62   352.621 54391.35404121 49.87  22.852956   1.934475 27.783
 63   352.763 54426.35400869 48.35  22.855576   1.946742 25.657
 63   352.870 54426.35400934 52.52  22.854846   1.943432 25.657
 63   352.743 54426.35400998 50.40  22.854116   1.940132 25.657
 63   352.816 54426.35401063 50.51  22.853396   1.936822 25.657
 63   352.717 54426.35401127 49.74  22.852666   1.933512 25.657
 64   352.819 54461.35401613 51.88  22.855460   1.944651 30.461
 64   352.813 54461.35401677 53.04  22.854730   1.941351 30.461
 64   352.791 54461.35401742 49.56  22.854000   1.938041 30.461
 64   352.846 54461.35401806 47.63  22.853280   1.934741 30.461
 65   352.559 54496.35401580 51.13  22.855840   1.946224 23.407
 65   352.462 54496.35401645 53.96  22.855120   1.942914 23.407
 65   352.550 54496.35401709 51.30  22.854390   1.939614 23.407
 65   352.450 54496.35401774 51.98  22.853660   1.936304 23.407
 65   352.394 54496.35401838 50.08  22.852940   1.933004 23.407
 66   351.600 54531.35402899 53.87  22.856605   1.945218 17.706
 66   351.601 54531.35402963 52.58  22.855875   1.941908 17.706
 66   351.706 54531.35403028 51.84  22.855145   1.938608 17.706
 66   351.726 54531.35403092 46.32  22.854425   1.935295 36.366
 67   351.928 54566.35402106 42.70  22.854871   1.945686 15.984
 67   351.964 54566.35402170 45.58  22.854141   1.942386 15.984
 67   351.740 54566.35402235 49.69  22.853421   1.939076 15.984
 67   351.842 54566.35402299 49.54  22.852691   1.935776 15.984
 68   351.202 54601.35402417 51.01  22.854452   1.945468 20.495
 68   351.316 54601.35402481 52.06  22.853722   1.942168 20.495
 68   351.327 54601.35402546 51.26  22.852992   1.938858 20.495
 68   351.292 54601.35402610 47.11  22.852262   1.935558 20.495
 69   351.617 54636.35403603 48.37  22.853602   1.946977 17.278
 69   351.551 54636.35403668 52.52  22.852872   1.943677 17.278
 69   351.605 54636.35403732 53.05  22.852142   1.940367 17.278
 69   351.611 54636.35403797 52.37  22.851422   1.937067 17.278
 69   351.438 54636.35403861 50.81  22.850685   1.933754 37.216
 70   350.896 54671.35403953 37.92  22.853864   1.946749 13.217
 70   350.986 54671.35404018 44.03  22.853134   1.943439 13.217
 70   350.946 54671.35404082 44.34  22.852414   1.940139 13.217
 70   350.778 54671.35404147 36.48  22.851684   1.936829 13.217
 70   350.929 54671.35404211 30.00  22.850964   1.933529 13.217
 71   351.291 54706.35400020 39.22  22.856606   1.946868 14.770
 71   351.220 54706.35400084 39.64  22.855876   1.943558 14.770
 71   351.206 54706.35400148 34.38  22.855146   1.940258 14.770
 71   351.209 54706.35400213 34.86  22.854426   1.936948 14.770
 71   351.162 54706.35400277 31.14  22.853696   1.933648 14.770
 72   351.476 54741.35400457 32.53  22.854694   1.944537 10.240
 72   351.474 54741.35400521 36.40  22.853964   1.941227 10.240
 72   351.523 54741.35400586 41.36  22.853234   1.937927 10.240
 72   351.520 54741.35400650 46.37  22.852515   1.934616 30.978
 73   352.234 54776.35398213 51.89  22.856151   1.945849 21.772
 73   352.359 54776.35398278 53.22  22.855431   1.942539 21.772
 73   352.182 54776.35398342 48.69  22.854701   1.939239 21.772
 73   352.268 54776.35398407 48.97  22.853971   1.935929 21.772
 74   352.248 54811.35399711 38.69  22.855314   1.947301 11.193
 74   352.289 54811.35399775 32.20  22.854594   1.944001 11.193
 74   352.191 54811.35399839 32.90  22.853864   1.940691 11.193
 74   352.227 54811.35399904 42.37  22.853134   1.937391 11.193
 74   352.272 54811.35399968 48.91  22.852411   1.934078 24.453
 75   351.714 54846.35398179 52.73  22.854739   1.945900 19.369
 75   351.834 54846.35398243 53.19  22.854019   1.942590 19.369
 75   351.856 54846.35398308 52.78  22.853289   1.939290 19.369
 75   351.850 54846.35398372 50.53  22.852559   1.935980 19.369
 75   351.852 54846.35398436 49.02  22.851839   1.932680 19.369
 76   352.214 54881.35400143 51.31  22.853295   1.944958  9.567
 76   352.157 54881.35400208 54.68  22.852565   1.941658  9.567
 76   352.033 54881.35400272 50.37  22.851846   1.938346 37.658
 76   352.121 54881.35400337 52.22  22.851116   1.935046 37.658
 77   351.109 54916.35398498 15.17  22.852386   1.945362  3.871
 77   351.206 54916.35398562 17.02  22.851666   1.942052  3.871
 77   351.295 54916.35398626 17.58  22.850936   1.938752  3.871
 77   351.154 54916.35398691 20.18  22.850206   1.935442  3.871
 77   351.286 54916.35398755 22.96  22.849486   1.932142  3.871
 78   351.654 54951.35399367 31.78  22.853673   1.946142 12.553
 78   351.838 54951.35399431 34.16  22.852943   1.942832 12.553
 78   352.092 54951.35399496 42.34  22.852223   1.939532 12.553
 78   352.027 54951.35399560 51.14  22.851493   1.936222 12.553
 78   352.159 54951.35399625 50.28  22.850763   1.932922 12.553
 79   351.761 54986.35401917 18.13  22.851957   1.944211  9.456
 79   351.595 54986.35401982 18.46  22.851227   1.940901  9.456
 79   351.736 54986.35402046 19.08  22.850497   1.937601  9.456
 79   351.694 54986.35402111 20.82  22.849779   1.934289 28.238
 80   351.402 55021.35401129 32.85  22.856586   1.947270  7.079
 80   351.359 55021.35401194 28.80  22.855866   1.943960  7.079
 80   351.184 55021.35401258 27.50  22.855136   1.940660  7.079
 80   351.489 55021.35401322 35.76  22.854406   1.937350  7.079
 80   351.439 55021.35401387 40.00  22.853686   1.934050  7.079
 81   350.856 55056.35400781 48.31  22.855933   1.947505 22.029
 81   350.854 55056.35400846 52.85  22.855203   1.944205 22.029
 81   350.785 55056.35400910 55.71  22.854483   1.940895 22.029
 81   350.824 55056.35400975 50.23  22.853753   1.937595 22.029
 81   350.982 55056.35401039 50.50  22.853023   1.934285 22.029
 82   351.073 55091.35396597 37.28  22.854315   1.947082 18.784
 82   351.156 55091.35396662 45.88  22.853585   1.943772 18.784
 82   351.120 55091.35396726 52.61  22.852855   1.940472 18.784
 82   351.107 55091.35396791 52.88  22.852135   1.937162 18.784
 82   351.096 55091.35396855 52.72  22.851405   1.933862 18.784
 83   352.013 55126.35394776 48.47  22.855334   1.946487 15.724
 83   352.140 55126.35394841 52.84  22.854604   1.943177 15.724
 83   352.148 55126.35394905 48.94  22.853874   1.939877 15.724
 83   352.136 55126.35394970 46.74  22.853146   1.936565 37.932
 83   352.143 55126.35395034 49.80  22.852426   1.933265 37.932
 84   353.041 55161.35392717 46.63  22.854525   1.947212 24.088
 84   352.912 55161.35392781 53.39  22.853795   1.943912 24.088
 84   353.027 55161.35392846 53.80  22.853075   1.940602 24.088
 84   352.857 55161.35392910 50.66  22.852345   1.937302 24.088
 84   352.869 55161.35392975 53.72  22.851615   1.933992 24.088
 85   352.619 55196.35393847 52.41  22.854401   1.945002 16.819
 85   352.741 55196.35393912 53.69  22.853671   1.941692 16.819
 85   352.590 55196.35393976 48.97  22.852941   1.938392 16.819
 85   352.680 55196.35394041 50.25  22.852220   1.935080 37.636
 86   352.201 55231.35393132 51.30  22.853423   1.945067 22.365
 86   352.304 55231.35393196 54.41  22.852703   1.941757 22.365
 86   352.239 55231.35393261 52.65  22.851973   1.938457 22.365
 86   352.131 55231.35393325 51.91  22.851243   1.935147 22.365
 87   352.764 55266.35393322 53.11  22.855230   1.945873 16.329
 87   352.945 55266.35393386 52.27  22.854500   1.942563 16.329
 87   352.721 55266.35393450 52.58  22.853770   1.939263 16.329
 87   352.776 55266.35393515 47.34  22.853051   1.935948 39.240
 87   352.824 55266.35393579 48.19  22.852321   1.932648 39.240
 88   352.888 55301.35391162 49.97  22.855590   1.945137 25.357
 88   352.956 55301.35391227 46.07  22.854860   1.941827 25.357
 88   352.896 55301.35391291 51.12  22.854130   1.938527 25.357
 88   352.822 55301.35391356 49.75  22.853410   1.935217 25.357
 89   352.635 55336.35390853 50.60  22.854291   1.945938 20.962
 89   352.673 55336.35390918 51.06  22.853571   1.942628 20.962
 89   352.735 55336.35390982 51.40  22.852841   1.939328 20.962
 89   352.533 55336.35391047 51.47  22.852111   1.936018 20.962
 89   352.548 55336.35391111 50.32  22.851391   1.932718 20.962
 90   352.000 55371.35389868 46.19  22.855793   1.946565 16.761
 90   351.924 55371.35389932 50.76  22.855063   1.943255 16.761
 90   351.941 55371.35389997 45.50  22.854343   1.939955 16.761
 90   351.972 55371.35390061 45.16  22.853613   1.936645 16.761
 90   352.006 55371.35390126 43.11  22.852893   1.933345 16.761
 91   351.588 55406.35391736 46.56  22.856621   1.947045 19.785
 91   351.572 55406.35391800 53.29  22.855891   1.943735 19.785
 91   351.612 55406.35391865 51.78  22.855171   1.940435 19.785
 91   351.548 55406.35391929 47.53  22.854441   1.937125 19.785
 91   351.654 55406.35391994 47.12  22.853711   1.933825 19.785
 92   350.979 55441.35391772 53.10  22.855393   1.944735 20.568
 92   350.911 55441.35391836 58.36  22.854673   1.941425 20.568
 92   350.980 55441.35391901 46.24  22.853943   1.938125 20.568
 92   351.064 55441.35391965 50.84  22.853213   1.934815 20.568
 93   351.401 55476.35386063 52.60  22.855702   1.945337 21.641
 93   351.392 55476.35386127 53.90  22.854972   1.942037 21.641
 93   351.164 55476.35386192 49.23  22.854252   1.938727 21.641
 93   351.242 55476.35386256 51.03  22.853522   1.935427 21.641
