#   76.271  -6.338  25.652 ;Mean Elev.(m), Avg Gradient(m/km), RMS Gradient(m/km) - SRTM1     
#   79.225  -5.510  21.801 ;Mean Elev.(m), Avg Gradient(m/km), RMS Gradient(m/km) - ASTER GDEM
#   75.805  -6.525  28.651 ;Mean Elev.(m), Avg Gradient(m/km), RMS Gradient(m/km) - GMTED2010 
  7  13.568488  -5.559351    40.938    40.962  6 52469.88136224 43.082
  8  13.571722  -5.571228    39.608    39.816  5 52504.88134415 38.172
 12  13.575185  -5.578550    54.594    54.594  2 52644.88132116 35.907
 16  13.572762  -5.572535    44.267    44.219  5 52784.88131486 41.786
 21  13.575293  -5.546174    99.129    99.129  2 52959.88139721  4.955
 23  13.575040  -5.574392    50.843    51.289  6 53029.88138888 32.368
 24  13.580181  -5.578194    44.216    44.452  5 53064.88139537 40.785
 25  13.562666  -5.544824   103.468   103.636  4 53099.88140966  4.718
 26  13.579937  -5.569517    43.214    43.297  3 53134.88139717 42.421
 28  13.571994  -5.570848    39.408    39.219  7 53204.88146676 44.096
 31  13.569045  -5.567913    46.756    46.657  7 53309.88145027 39.720
 35  13.577094  -5.577264    42.555    43.050  3 53449.88138432 40.299
 37  13.576381  -5.576127    42.634    42.568  5 53519.88146657 44.817
 39  13.581081  -5.577552    38.517    38.629  5 53589.88143284 42.928
 40  13.563029  -5.549416    46.104    46.106  7 53624.88141845 32.525
 42  13.567099  -5.545074    63.785    63.785  2 53694.88142031 13.219
 43  13.571128  -5.546008   100.040   104.950  3 53729.88134298  4.935
 44  13.578040  -5.557671    54.963    43.598  3 53764.88130605 25.819
 45  13.574779  -5.558521    68.406    43.060  3 53799.88131148 26.244
 46  13.576763  -5.576444    42.906    42.941  5 53834.88130886 45.374
 47  13.573254  -5.572764    43.415    43.354  5 53869.88137063 44.012
 48  13.571779  -5.571957    43.000    42.875  5 53904.88140567 42.333
 50  13.568026  -5.559238    40.794    40.894  6 53974.88139980 45.253
 52  13.581702  -5.578550    69.471    69.471  2 54044.88140978  9.449
 53  13.567991  -5.545424   108.475   108.475  2 54079.88140933  6.527
 56  13.575000  -5.577173    65.578    65.915  3 54184.88132929 12.137
 57  13.567088  -5.544450   303.593   303.339  3 54219.88136649  5.281
 58  13.573968  -5.574150    43.235    43.158  5 54254.88138531 43.588
 59  13.572243  -5.555280    44.247    43.772  3 54289.88139143 31.525
 60  13.576897  -5.576240    44.790    45.279  5 54324.88138458 35.428
 61  13.575179  -5.574475    47.230    47.872  6 54359.88133908 35.416
 63  13.576665  -5.576257    51.528    51.234  5 54429.88128858 41.120
 64  13.573845  -5.561789    51.254    51.209  6 54464.88130711 39.584
 65  13.574459  -5.567139    62.709    69.615  3 54499.88130179 24.267
 66  13.570010  -5.544819   304.137   304.137  2 54534.88132474  7.357
 67  13.569157  -5.546084    62.566    62.566  2 54569.88130923 14.506
 68  13.571598  -5.561406    44.441    44.484  6 54604.88131655 41.870
 69  13.573645  -5.572637    45.812    46.146  5 54639.88132405 35.642
 70  13.566804  -5.543819    42.727    42.727  2 54674.88133209 27.102
 71  13.576578  -5.574399    46.294    46.648  5 54709.88128318 35.059
 72  13.575313  -5.577202    46.702    46.583  3 54744.88129270 38.012
 74  13.568827  -5.544569    52.554    52.554  2 54814.88129192 26.890
 75  13.575804  -5.576912    48.898    48.898  2 54849.88126525 35.592
 76  13.573895  -5.573863    45.739    45.745  5 54884.88128998 41.345
 77  13.565717  -5.544001    44.943    44.818  3 54919.88127290 28.818
 78  13.571027  -5.561347    44.525    44.509  6 54954.88128799 42.349
 79  13.571532  -5.571909    44.782    44.678  5 54989.88130975 41.503
 80  13.573259  -5.562163    43.132    42.867  6 55024.88130253 38.338
 81  13.575798  -5.577573   109.661   109.661  2 55059.88129409  8.129
 82  13.571095  -5.561441    43.417    43.482  6 55094.88124954 42.366
 83  13.568481  -5.545498    63.887    64.776  3 55129.88124171 13.536
 86  13.571349  -5.561581    47.020    46.965  6 55234.88121637 38.622
 87  13.572404  -5.562097    45.006    45.091  6 55269.88122451 41.440
 88  13.576511  -5.577980    48.826    48.782  3 55304.88119415 35.002
 89  13.574889  -5.573449    46.027    45.948  5 55339.88119501 41.265
 90  13.575973  -5.575950    46.679    46.864  5 55374.88118594 34.178
 91  13.576856  -5.576510    41.871    41.905  5 55409.88120778 44.555
 92  13.575828  -5.576172    42.065    42.027  5 55444.88120295 45.954
