#  287.923  -0.842   4.142 ;Mean Elev.(m), Avg Gradient(m/km), RMS Gradient(m/km) - SRTM1     
#  273.838  -0.364   5.598 ;Mean Elev.(m), Avg Gradient(m/km), RMS Gradient(m/km) - ASTER GDEM
#  288.000  -0.958   4.012 ;Mean Elev.(m), Avg Gradient(m/km), RMS Gradient(m/km) - GMTED2010 
  7  16.925064  -1.192757   290.773   290.792  3 52460.87021445 50.861
  8  16.924742  -1.193582   290.952   290.943  3 52495.87021271 49.900
  9  16.920370  -1.198968   291.259   291.259  2 52530.87019716 35.414
 10  16.927167  -1.191612   292.529   292.530  3 52565.87021837 51.807
 13  16.920082  -1.198146   292.334   292.334  2 52670.87020396 50.777
 14  16.923211  -1.195182   290.807   290.807  2 52705.87019890 51.056
 16  16.924436  -1.193915   291.304   291.304  2 52775.87017802 51.564
 17  16.919355  -1.200911   290.943   290.943  2 52810.87025296 52.615
 18  16.920581  -1.196815   291.650   291.650  2 52845.87030928 51.993
 19  16.919365  -1.199182   291.629   291.629  2 52880.87034604 51.677
 20  16.923798  -1.193719   292.566   292.566  2 52915.87030427 52.805
 21  16.925614  -1.192802   292.983   292.983  2 52950.87026452 45.202
 22  16.926864  -1.191516   293.219   293.229  3 52985.87028557 51.154
 23  16.924025  -1.195108   292.418   292.418  2 53020.87027507 51.690
 24  16.925993  -1.191837   291.435   291.435  2 53055.87026436 51.574
 25  16.915498  -1.206587   290.397   290.397  2 53090.87029917 51.565
 26  16.923463  -1.196080   290.782   290.782  2 53125.87027159 49.085
 27  16.916454  -1.203268   290.389   290.389  2 53160.87033235 51.957
 28  16.922910  -1.193381   290.652   290.652  2 53195.87033138 50.977
 29  16.926180  -1.192244   290.654   290.654  2 53230.87031614 49.841
 30  16.920373  -1.199907   291.241   291.241  2 53265.87028506 25.752
 32  16.920799  -1.195688   293.281   293.281  2 53335.87030579 51.041
 33  16.922916  -1.194171   292.339   292.339  2 53370.87024376 52.237
 34  16.923103  -1.196892   290.649   290.649  2 53405.87027806 50.683
 35  16.921452  -1.195245   289.988   289.988  2 53440.87026492 51.145
 37  16.920889  -1.196545   290.823   290.823  2 53510.87034565 51.321
 38  16.917999  -1.203023   291.054   291.054  2 53545.87036150 50.989
 39  16.921164  -1.198313   290.610   290.610  2 53580.87033639 50.231
 41  16.922776  -1.196996   292.048   292.048  2 53650.87030408 52.583
 43  16.923888  -1.194629   292.723   292.723  2 53720.87023846 51.491
 44  16.927967  -1.191050   291.251   291.254  4 53755.87016636 44.609
 45  16.924855  -1.192900   290.509   290.509  2 53790.87019397 50.446
 46  16.925931  -1.192603   290.470   290.470  2 53825.87015324 43.572
 48  16.922954  -1.196037   291.291   291.291  2 53895.87026365 52.085
 50  16.916359  -1.203463   290.894   290.894  2 53965.87029143 50.899
 51  16.924089  -1.195548   291.333   291.333  2 54000.87025199 44.370
 52  16.923462  -1.193495   292.229   292.229  2 54035.87029423 52.495
 53  16.922890  -1.195746   293.509   293.509  2 54070.87028761 50.700
 54  16.920488  -1.196473   293.110   293.110  2 54105.87024035 50.250
 56  16.920548  -1.195799   290.821   290.821  2 54175.87022131 50.429
 57  16.920441  -1.197814   290.555   290.555  2 54210.87022687 50.798
 58  16.921317  -1.197589   291.215   291.215  2 54245.87025753 52.402
 59  16.921474  -1.196496   291.334   291.334  2 54280.87026859 52.841
 60  16.922585  -1.193790   290.998   290.998  2 54315.87026765 50.774
 61  16.921471  -1.195141   291.774   291.774  2 54350.87023520 52.977
 62  16.922364  -1.195288   292.705   292.705  2 54385.87020624 50.400
 63  16.921220  -1.197595   293.380   293.380  2 54420.87018425 50.526
 64  16.922440  -1.196149   293.462   293.462  2 54455.87017842 50.941
 65  16.922491  -1.196385   292.348   292.348  2 54490.87018551 52.227
 66  16.923022  -1.194521   291.112   291.112  2 54525.87019143 50.667
 67  16.921003  -1.196024   290.808   290.808  2 54560.87019430 50.180
 68  16.920976  -1.196107   291.086   291.086  2 54595.87018767 50.244
 69  16.920994  -1.199028   291.134   291.134  2 54630.87020075 52.507
 70  16.919894  -1.197533   290.637   290.637  2 54665.87020724 51.281
 71  16.922711  -1.195644   291.446   291.446  2 54700.87017691 43.137
 72  16.921380  -1.196335   291.957   291.957  2 54735.87016718 52.559
 73  16.922525  -1.195827   292.505   292.505  2 54770.87015687 37.045
 74  16.920687  -1.197762   293.088   293.088  2 54805.87016007 51.348
 75  16.922195  -1.197350   292.145   292.145  2 54840.87015246 21.020
 76  16.920568  -1.196810   291.012   291.012  2 54875.87016157 23.100
 77  16.920382  -1.198679   290.920   290.920  2 54910.87015717 50.261
 78  16.920303  -1.199137   290.888   290.888  2 54945.87015400 51.117
 79  16.920058  -1.196694   291.297   291.297  2 54980.87018100 42.566
 80  16.921472  -1.197142   291.094   291.094  2 55015.87018217 52.781
 81  16.922506  -1.197215   290.842   290.842  2 55050.87017668 49.727
 82  16.921301  -1.198197   291.595   291.595  2 55085.87014245 51.990
 83  16.922876  -1.195870   291.806   291.806  2 55120.87011030 22.844
 84  16.920410  -1.196250   293.157   293.157  2 55155.87010214 51.478
 85  16.920652  -1.195830   292.903   292.903  2 55190.87010000 51.597
 86  16.921184  -1.198362   291.912   291.912  2 55225.87010238 50.456
 87  16.922360  -1.196546   291.106   291.106  2 55260.87009499 52.254
 88  16.921448  -1.196609   291.445   291.445  2 55295.87008813 51.785
 89  16.919731  -1.198264   291.686   291.686  2 55330.87007658 49.770
 91  16.921206  -1.195604   291.151   291.151  2 55400.87008226 51.459
 92  16.923227  -1.196755   291.403   291.403  2 55435.87008689 52.024
 93  16.921864  -1.195478   292.071   292.071  2 55470.87003938 52.010
