#  325.965  -0.652   5.091 ;Mean Elev.(m), Avg Gradient(m/km), RMS Gradient(m/km) - SRTM1     
#  326.879  -0.454   5.418 ;Mean Elev.(m), Avg Gradient(m/km), RMS Gradient(m/km) - ASTER GDEM
#  327.528  -0.722   5.049 ;Mean Elev.(m), Avg Gradient(m/km), RMS Gradient(m/km) - GMTED2010 
  7  20.527199   1.979081   330.605   330.605  2 52451.85888748 48.135
  9  20.534876   1.976343   330.549   330.549  2 52521.85883819 48.331
 11  20.530502   1.978238   331.429   331.429  2 52591.85888341 52.951
 12  20.543959   1.978218   332.302   332.302  2 52626.85879937 48.863
 14  20.537760   1.978062   330.482   330.482  2 52696.85882462 48.508
 15  20.542024   1.977937   330.736   330.736  2 52731.85884903 49.737
 17  20.536204   1.976870   330.635   330.635  2 52801.85886401 51.770
 18  20.537371   1.978399   331.061   331.061  2 52836.85893005 53.825
 19  20.537492   1.978367   330.718   330.718  2 52871.85897042 50.260
 21  20.538931   1.979709   331.347   331.352  3 52941.85889274 52.853
 23  20.531581   1.978086   331.073   331.073  2 53011.85894624 37.974
 25  20.528941   1.977323   330.541   330.541  2 53081.85894700 52.604
 26  20.530278   1.977752   330.837   330.837  2 53116.85891753 49.607
 27  20.529801   1.977055   330.549   330.549  2 53151.85896642 50.533
 28  20.542656   1.978903   330.109   330.109  2 53186.85895302 53.874
 29  20.536593   1.977217   329.837   329.837  2 53221.85897694 52.376
 30  20.530927   1.977107   329.639   329.639  2 53256.85895321 15.872
 31  20.527060   1.978608   331.110   331.110  2 53291.85896954 32.210
 32  20.537751   1.979920   331.311   331.329  3 53326.85894371 52.043
 33  20.539185   1.979303   331.728   331.728  2 53361.85889991 53.245
 35  20.537920   1.978512   329.716   329.716  2 53431.85891213  1.427
 37  20.528751   1.978572   330.815   330.815  2 53501.85900064 40.345
 38  20.535543   1.976744   330.350   330.350  2 53536.85899200 53.247
 40  20.535353   1.976677   330.384   330.384  2 53606.85894574 11.526
 42  20.529718   1.978639   331.517   331.517  2 53676.85896573 46.077
 43  20.538793   1.979543   331.462   331.446  3 53711.85889486 53.362
 44  20.538195   1.979862   330.568   330.620  3 53746.85880649 52.581
 45  20.538982   1.979585   330.375   330.427  3 53781.85883752 52.759
 46  20.538090   1.979990   330.495   330.361  3 53816.85880408 43.081
 48  20.544099   1.976882   331.317   331.317  2 53886.85888063 50.222
 50  20.526707   1.978903   330.045   330.045  2 53956.85894891 52.683
 51  20.538194   1.978862   330.334   330.334  2 53991.85887015 52.900
 52  20.536103   1.978317   331.237   331.237  2 54026.85893465 51.435
 53  20.540383   1.978511   331.997   331.997  2 54061.85892762 51.974
 55  20.535856   1.977425   331.350   331.350  2 54131.85884958 53.367
 57  20.534764   1.978381   330.795   330.795  2 54201.85885271 54.781
 58  20.536120   1.978690   331.245   331.245  2 54236.85888907 53.109
 59  20.535904   1.978221   331.078   331.078  2 54271.85890921 52.507
 60  20.535767   1.978258   330.377   330.377  2 54306.85891121 54.860
 61  20.536456   1.978857   330.978   330.978  2 54341.85889183 52.627
 62  20.535246   1.978559   330.876   330.876  2 54376.85884615 52.990
 63  20.535155   1.977667   331.759   331.759  2 54411.85883848 54.057
 64  20.535619   1.976949   331.925   331.925  2 54446.85881051 53.943
 66  20.536393   1.978000   330.978   330.978  2 54516.85882464 53.178
 68  20.535838   1.976854   330.910   330.910  2 54586.85882065 53.737
 69  20.535199   1.977177   330.712   330.712  2 54621.85883932 51.651
 71  20.535462   1.976968   330.692   330.692  2 54691.85883262 47.968
 73  20.534862   1.976473   331.226   331.226  2 54761.85880933 50.645
 74  20.534571   1.977691   332.282   332.282  2 54796.85879385 52.672
 77  20.533841   1.976544   331.195   331.195  2 54901.85880867 51.288
 78  20.535922   1.978719   331.377   331.377  2 54936.85877950 51.011
 83  20.535449   1.978452   330.995   330.995  2 55111.85875199 53.278
 84  20.534190   1.976498   331.473   331.473  2 55146.85875298 51.432
 85  20.535698   1.976352   331.707   331.707  2 55181.85873061 53.468
 87  20.537004   1.978107   331.362   331.362  2 55251.85872701 50.650
 88  20.534443   1.976823   331.697   331.697  2 55286.85874128 51.952
 89  20.533697   1.976836   331.498   331.498  2 55321.85871697 50.551
 90  20.534421   1.977802   331.151   331.151  2 55356.85871660 55.194
 91  20.534717   1.977525   330.690   330.690  2 55391.85871789 53.693
 92  20.536099   1.977194   330.519   330.519  2 55426.85873291 54.848
 93  20.537025   1.977694   331.074   331.074  2 55461.85869911 53.790
