#  324.160  -1.636   4.889 ;Mean Elev.(m), Avg Gradient(m/km), RMS Gradient(m/km) - SRTM1     
#  312.335  -2.391   7.502 ;Mean Elev.(m), Avg Gradient(m/km), RMS Gradient(m/km) - ASTER GDEM
#  324.368  -1.588   4.225 ;Mean Elev.(m), Avg Gradient(m/km), RMS Gradient(m/km) - GMTED2010 
  7  19.836491   1.870788   324.591   324.637  5 52470.86085734 49.147
  8  19.837909   1.871770   321.952   321.965  5 52505.86083828 52.055
  9  19.842875   1.875524   325.038   325.028  3 52540.86082113 52.152
 10  19.835707   1.869433   325.292   325.299  5 52575.86086716 52.965
 11  19.838578   1.871225   326.129   326.125  4 52610.86082905 53.445
 12  19.839321   1.871928   326.466   326.466  4 52645.86081726 53.020
 13  19.845055   1.878482   325.080   325.080  2 52680.86079202 33.414
 15  19.829973   1.864799   324.545   324.542  3 52750.86086804 43.818
 16  19.837167   1.872021   325.138   325.139  4 52785.86081295 51.917
 17  19.837957   1.871520   324.442   324.472  5 52820.86088707 51.100
 18  19.840936   1.874062   326.128   326.165  4 52855.86093526 46.175
 19  19.835626   1.870434   325.176   325.182  4 52890.86096735 25.553
 20  19.837792   1.871719   325.470   325.461  4 52925.86092038 52.397
 21  19.844975   1.877866   325.785   325.783  3 52960.86088893 53.501
 22  19.838195   1.872553   326.074   326.073  4 52995.86092548 49.182
 23  19.838956   1.871359   325.002   325.014  4 53030.86088848 49.641
 24  19.842349   1.875892   324.424   324.395  4 53065.86089620 51.182
 25  19.835537   1.870693   324.345   324.346  5 53100.86089721 51.243
 26  19.843484   1.877399   325.108   325.108  2 53135.86089779 52.809
 28  19.837605   1.871558   323.449   323.448  4 53205.86096330 52.488
 29  19.842640   1.876622   324.235   324.237  3 53240.86093172 52.890
 30  19.839446   1.874808   323.574   323.568  4 53275.86090007 20.896
 31  19.835923   1.871132   324.907   324.873  5 53310.86094339 52.199
 32  19.839742   1.874069   325.414   325.430  4 53345.86090975 25.665
 33  19.841001   1.874803   325.529   325.529  4 53380.86086521 52.486
 34  19.844006   1.878808   324.499   324.456  3 53415.86088824 52.515
 35  19.840352   1.873057   323.971   323.970  4 53450.86088315 51.279
 36  19.832594   1.867040   324.535   324.545  5 53485.86096754 52.990
 37  19.840561   1.875238   324.588   324.584  4 53520.86096346 52.770
 38  19.832862   1.868463   324.054   324.097  4 53555.86098609 39.029
 39  19.844573   1.881126   323.908   323.906  4 53590.86092853 52.391
 40  19.833290   1.868035   324.199   324.220  5 53625.86091099 37.153
 41  19.837087   1.871188   324.510   324.510  5 53660.86093738 52.775
 42  19.839007   1.872921   325.859   325.843  5 53695.86090860 51.453
 43  19.842572   1.875822   324.888   324.856  3 53730.86083188 53.003
 44  19.844511   1.877846   323.805   323.805  2 53765.86080179 19.436
 45  19.843065   1.875374   324.136   324.138  3 53800.86080459 52.911
 46  19.839233   1.874339   324.685   324.686  4 53835.86080970 52.723
 47  19.838516   1.872564   323.955   323.945  5 53870.86086701 23.221
 48  19.836897   1.870223   324.155   324.202  5 53905.86090323 36.740
 49  19.830650   1.865817   323.809   323.811  3 53940.86093380 50.937
 50  19.837346   1.870773   324.229   324.227  4 53975.86089085 51.936
 51  19.840317   1.873424   324.580   324.585  4 54010.86089133 44.537
 52  19.844197   1.878802   324.997   325.050  3 54045.86090748 28.536
 53  19.839052   1.874522   326.925   326.932  4 54080.86089953 52.777
 54  19.839953   1.872208   325.831   325.832  4 54115.86083308 54.179
 55  19.838064   1.873335   325.184   325.184  4 54150.86084928 52.114
 56  19.840072   1.872345   324.922   324.938  4 54185.86082474 52.762
 57  19.838185   1.871685   324.907   324.911  4 54220.86085814 53.377
 58  19.839071   1.871801   324.770   324.777  4 54255.86088204 54.112
 59  19.840675   1.875299   324.678   324.693  4 54290.86088435 52.374
 60  19.840996   1.874692   324.765   324.748  3 54325.86088159 53.967
 61  19.840491   1.873069   325.093   325.070  4 54360.86083366 41.759
 62  19.840385   1.874531   325.815   325.819  4 54395.86082150 51.738
 63  19.841139   1.874404   326.253   326.248  3 54430.86078366 51.777
 64  19.840882   1.874185   326.283   326.280  4 54465.86080184 50.719
 65  19.840591   1.874694   325.414   325.431  3 54500.86079651 52.524
 66  19.840801   1.874432   324.726   324.727  4 54535.86081662 51.408
 67  19.840743   1.873350   324.725   324.719  4 54570.86079895 52.739
 68  19.838846   1.873766   324.444   324.431  4 54605.86081117 44.844
 69  19.838694   1.874258   324.497   324.436  4 54640.86082045 23.365
 70  19.838547   1.871448   324.113   324.093  4 54675.86082212 51.588
 71  19.841508   1.874600   324.703   324.709  3 54710.86077865 50.021
 72  19.839319   1.871526   324.808   324.807  4 54745.86078988 53.026
 73  19.840831   1.874883   325.751   325.756  3 54780.86076281 51.290
 74  19.839627   1.873273   325.681   325.678  3 54815.86078299 53.305
 75  19.840295   1.873638   324.889   324.904  3 54850.86076143 49.351
 76  19.838520   1.872400   325.104   325.102  5 54885.86078677 51.947
 77  19.838067   1.872984   324.325   324.309  4 54920.86076211 18.809
 78  19.838150   1.873289   325.249   325.256  4 54955.86078308 52.495
 79  19.837181   1.870585   325.277   325.278  5 54990.86080599 51.061
 80  19.840324   1.874391   324.612   324.639  4 55025.86079728 51.622
 81  19.839420   1.874773   323.844   323.804  4 55060.86079130 20.212
 82  19.839377   1.872908   324.467   324.477  4 55095.86074152 51.550
 83  19.839289   1.872954   325.287   325.276  5 55130.86073291 52.088
 84  19.840782   1.874312   325.852   325.850  4 55165.86070325 51.972
 85  19.838649   1.873298   325.726   325.722  4 55200.86072533 51.896
 86  19.839636   1.872056   325.282   325.282  4 55235.86070905 50.527
 87  19.839767   1.872248   325.614   325.618  4 55270.86071898 51.295
 88  19.840812   1.874001   326.114   326.110  3 55305.86069107 52.706
 89  19.839745   1.873852   325.493   325.510  4 55340.86069103 25.414
 90  19.840013   1.874926   324.945   324.925  4 55375.86068341 23.003
 91  19.840456   1.873592   324.988   324.991  4 55410.86070586 51.264
 92  19.840200   1.873598   324.508   324.522  3 55445.86069935 51.251
 93  19.840960   1.875048   324.652   324.655  4 55480.86063270 50.464
