#  328.084  -1.318   5.920 ;Mean Elev.(m), Avg Gradient(m/km), RMS Gradient(m/km) - SRTM1     
#  324.858  -0.974   6.658 ;Mean Elev.(m), Avg Gradient(m/km), RMS Gradient(m/km) - ASTER GDEM
#  333.166  -1.301   5.639 ;Mean Elev.(m), Avg Gradient(m/km), RMS Gradient(m/km) - GMTED2010 
  8  20.714866   2.006675   331.699   331.708  4 52488.36002936 50.204
  9  20.711719   2.006787   331.942   331.934  3 52523.36000322 51.460
 10  20.708836   2.008820   331.813   331.820  4 52558.36005326 20.957
 11  20.707534   2.012052   332.958   332.958  2 52593.36005258 50.145
 12  20.718272   2.005063   333.692   333.691  4 52628.35997706 52.622
 13  20.710913   2.008137   332.474   332.470  4 52663.36001533 18.778
 14  20.716792   2.006122   331.903   331.914  3 52698.35999090 52.154
 15  20.720057   2.004834   332.081   332.028  3 52733.36001287 17.185
 16  20.709271   2.007456   332.892   332.901  3 52768.36001776 53.660
 17  20.712639   2.007526   331.990   332.000  4 52803.36003765 51.023
 18  20.714565   2.007143   331.740   331.739  3 52838.36010132 18.132
 19  20.713666   2.006598   332.061   332.063  4 52873.36014136 51.805
 20  20.716076   2.005782   332.673   332.661  3 52908.36012418 19.853
 21  20.720477   2.005777   332.776   332.758  3 52943.36005151 51.816
 23  20.709753   2.008143   332.694   332.691  4 53013.36010923 51.753
 24  20.712621   2.008221   332.376   332.397  3 53048.36007917 51.208
 25  20.706162   2.010965   332.001   332.001  2 53083.36011417 52.685
 26  20.709152   2.008564   332.036   332.028  4 53118.36008446 42.270
 27  20.708025   2.012201   331.651   331.651  2 53153.36013431 51.066
 28  20.718804   2.004646   331.538   331.542  3 53188.36012390 50.890
 29  20.714301   2.006583   331.013   331.009  4 53223.36014129 51.005
 30  20.708791   2.010796   331.050   331.043  3 53258.36011612 15.102
 31  20.706093   2.013245   331.864   331.864  2 53293.36013747 46.020
 32  20.714264   2.006661   332.712   332.697  3 53328.36011224 51.171
 33  20.716012   2.006095   333.128   333.131  4 53363.36006560 51.600
 34  20.711399   2.006611   331.801   331.811  3 53398.36008813 51.748
 35  20.714964   2.007434   331.451   331.461  3 53433.36007880 52.398
 36  20.711697   2.008451   332.335   332.331  3 53468.36011769 51.237
 37  20.708101   2.010459   331.803   331.803  2 53503.36016481 52.107
 38  20.711775   2.007455   331.652   331.643  3 53538.36016114 49.232
 39  20.708535   2.008825   331.074   331.148  3 53573.36016175 41.559
 40  20.711450   2.007599   331.538   331.562  3 53608.36011116 18.427
 41  20.711578   2.007577   331.829   331.821  4 53643.36011295 50.892
 42  20.708096   2.011474   332.714   332.714  2 53678.36013081 50.491
 43  20.715587   2.006080   332.671   332.675  4 53713.36006014 51.565
 44  20.717053   2.006051   332.003   332.014  4 53748.35997384 50.458
 45  20.716074   2.005325   331.560   331.587  3 53783.36000476 46.058
 46  20.715376   2.006377   331.786   331.790  4 53818.35996749 51.553
 47  20.708870   2.009327   332.224   332.227  3 53853.36004403 45.716
 48  20.719975   2.004537   332.825   332.825  4 53888.36005189 49.301
 49  20.704278   2.013896   331.142   331.142  2 53923.36011941 12.935
 50  20.706218   2.013082   331.282   331.282  2 53958.36011238 48.420
 51  20.715985   2.006680   331.493   331.511  3 53993.36004093 40.056
 52  20.714447   2.007317   331.861   331.931  3 54028.36010211 29.189
 53  20.716615   2.006814   333.599   333.599  3 54063.36009608 37.450
 54  20.712159   2.007563   333.536   333.535  4 54098.36006399 50.748
 55  20.713454   2.007924   332.731   332.752  3 54133.36001889 51.579
 56  20.711048   2.006999   332.203   332.220  3 54168.36003841 31.069
 57  20.712418   2.007736   332.006   331.987  3 54203.36002274 51.782
 58  20.713632   2.006888   332.642   332.631  4 54238.36005756 51.194
 59  20.713666   2.008301   332.190   332.181  3 54273.36007587 23.365
 60  20.713099   2.006183   331.805   331.801  3 54308.36007827 51.290
 61  20.713874   2.006826   332.047   332.032  3 54343.36005636 15.744
 62  20.712912   2.007207   332.279   332.272  3 54378.36001364 52.416
 63  20.712417   2.006881   333.153   333.145  3 54413.36000438 52.399
 64  20.712929   2.007635   333.161   333.154  3 54448.35997975 31.912
 65  20.714329   2.007034   332.698   332.710  3 54483.35999780 50.775
 66  20.714136   2.008067   332.339   332.334  3 54518.35999347 52.110
 67  20.712257   2.006463   332.292   332.316  3 54553.36000970 26.872
 68  20.712998   2.007130   332.364   332.371  3 54588.35998897 52.165
 69  20.712787   2.008574   332.073   332.065  3 54623.36000697 51.561
 70  20.711114   2.007855   331.417   331.415  3 54658.36001597 51.634
 71  20.712952   2.006880   331.815   331.818  4 54693.35999745 23.576
 72  20.713330   2.005906   331.993   331.999  3 54728.35997003 50.926
 73  20.712020   2.007237   332.600   332.614  4 54763.35997576 43.592
 74  20.712300   2.007818   333.856   333.858  3 54798.35996294 51.304
 75  20.712318   2.007219   332.569   332.583  3 54833.35996551 50.038
 76  20.713641   2.007687   332.552   332.555  3 54868.35995960 49.258
 77  20.710479   2.007693   332.333   332.334  4 54903.35997544 50.081
 78  20.713305   2.007184   332.428   332.457  3 54938.35994945 52.602
 79  20.712608   2.007402   332.953   332.954  4 54973.35998145 50.620
 80  20.711576   2.008729   331.781   331.808  3 55008.35999684 48.820
 81  20.713384   2.007311   331.439   331.429  3 55043.35998599 47.839
 82  20.712782   2.007149   331.710   331.708  4 55078.35996420 51.416
 83  20.713217   2.007607   332.303   332.343  3 55113.35991901 52.966
 84  20.711334   2.007303   332.969   332.962  4 55148.35991965 50.948
 85  20.712848   2.007631   333.224   333.233  3 55183.35990025 51.579
 86  20.711740   2.008814   332.640   332.645  3 55218.35991726 38.779
 87  20.714179   2.006724   332.664   332.666  3 55253.35989680 49.432
 88  20.711632   2.007504   333.116   333.122  3 55288.35990686 47.604
 89  20.711187   2.008039   332.991   332.987  3 55323.35988392 45.113
 90  20.711818   2.007708   331.948   331.957  4 55358.35988316 24.379
 91  20.712477   2.007274   331.931   331.902  3 55393.35988608 52.504
 92  20.713852   2.007800   331.990   331.997  3 55428.35989860 41.179
 93  20.714279   2.006336   332.341   332.348  4 55463.35986298 51.344
