#  372.081  -2.194   4.538 ;Mean Elev.(m), Avg Gradient(m/km), RMS Gradient(m/km) - SRTM1     
#  369.420  -2.409   6.527 ;Mean Elev.(m), Avg Gradient(m/km), RMS Gradient(m/km) - ASTER GDEM
#  372.286  -2.246   4.641 ;Mean Elev.(m), Avg Gradient(m/km), RMS Gradient(m/km) - GMTED2010 
  8  24.400552   0.750659   368.796   368.762  5 52496.84863861 47.325
  9  24.394763   0.751453   369.570   369.493  5 52531.84862532 49.861
 10  24.402277   0.750555   369.822   369.829  5 52566.84864750 51.538
 11  24.392666   0.751332   371.398   371.396  5 52601.84865618 50.961
 12  24.394589   0.751708   371.282   371.301  6 52636.84862256 50.402
 13  24.396154   0.750354   370.661   370.645  6 52671.84862650 50.089
 14  24.398460   0.750625   369.626   369.560  6 52706.84862684 50.192
 15  24.393675   0.750587   369.633   369.653  6 52741.84865875 33.886
 16  24.400835   0.750910   369.971   369.990  5 52776.84860128 52.134
 17  24.394129   0.750968   369.144   369.140  6 52811.84867992 50.687
 18  24.396286   0.751197   369.489   369.482  6 52846.84873475 51.777
 20  24.399777   0.750596   369.862   369.818  5 52916.84872822 52.850
 21  24.402542   0.749831   369.580   369.379  5 52951.84868902 25.804
 22  24.404941   0.750680   371.327   371.352  5 52986.84870550 51.169
 23  24.401615   0.751014   370.204   370.224  6 53021.84869475 52.315
 24  24.403936   0.750047   369.975   369.977  5 53056.84868562 49.842
 25  24.389965   0.749624   369.508   369.526  6 53091.84872340 50.242
 26  24.400443   0.750353   370.088   370.094  6 53126.84869419 41.710
 27  24.391260   0.751078   368.877   368.880  5 53161.84875791 49.062
 28  24.398963   0.750924   368.259   368.248  5 53196.84875644 48.543
 29  24.404015   0.750939   368.358   368.360  5 53231.84873657 50.741
 30  24.395987   0.752148   368.437   368.495  6 53266.84870627 40.446
 31  24.388597   0.749978   368.795   368.854  6 53301.84875880 51.154
 32  24.396817   0.751397   370.227   370.237  5 53336.84872905 51.487
 33  24.399830   0.750335   370.671   370.681  5 53371.84866470 51.328
 34  24.399441   0.750737   369.873   369.847  5 53406.84870161 52.252
 35  24.397931   0.750524   369.183   369.161  6 53441.84868725 50.941
 36  24.391725   0.752509   369.561   369.605  6 53476.84875707 28.247
 37  24.396772   0.751129   369.991   370.001  6 53511.84876993 50.066
 38  24.392428   0.751226   369.018   369.043  5 53546.84878755 50.931
 39  24.397307   0.751108   368.150   368.215  6 53581.84875825 51.275
 40  24.394370   0.751427   368.968   368.943  6 53616.84871373 51.820
 41  24.397874   0.751455   368.738   368.744  5 53651.84872994 50.274
 42  24.393419   0.750109   370.448   370.438  6 53686.84873425 50.585
 43  24.400205   0.751727   369.986   369.997  5 53721.84866003 53.285
 44  24.405118   0.750074   369.227   369.223  5 53756.84859090 51.177
 45  24.401880   0.749953   369.013   369.005  6 53791.84861650 50.872
 46  24.402296   0.750267   370.025   370.055  5 53826.84858026 52.043
 47  24.393975   0.751188   369.366   369.360  6 53861.84866914 50.566
 48  24.398277   0.751384   369.017   368.958  5 53896.84868998 39.028
 49  24.387224   0.751587   368.691   368.817  5 53931.84874025 50.280
 50  24.391418   0.749847   367.968   368.000  6 53966.84871477 25.121
 51  24.400209   0.750351   368.689   368.665  6 54001.84867788 47.728
 52  24.400047   0.751419   369.187   369.135  5 54036.84871731 49.362
 53  24.399172   0.750396   372.308   372.329  6 54071.84871104 51.591
 54  24.396546   0.751364   371.370   371.373  5 54106.84866202 51.310
 55  24.397123   0.750613   370.894   370.680  6 54141.84864570 50.625
 56  24.396928   0.750467   370.348   370.342  6 54176.84864375 43.311
 58  24.396845   0.751188   370.044   370.029  6 54246.84868248 52.534
 60  24.399233   0.751074   368.989   369.069  5 54316.84869049 29.102
 61  24.397808   0.752088   369.425   369.402  6 54351.84865730 52.038
 62  24.398436   0.751919   370.429   370.425  5 54386.84862998 51.284
 63  24.397028   0.751729   370.405   370.402  6 54421.84860679 31.706
 64  24.398334   0.751800   371.069   371.113  5 54456.84860317 51.227
 65  24.398545   0.751202   370.915   370.919  5 54491.84860875 51.374
 66  24.399363   0.751758   370.015   370.031  6 54526.84861578 51.523
 67  24.397055   0.751863   370.349   370.170  5 54561.84861718 48.941
 68  24.397018   0.751796   369.465   369.395  5 54596.84861224 51.338
 69  24.396440   0.750438   369.868   369.858  6 54631.84862526 51.882
 70  24.395710   0.751855   369.002   368.999  6 54666.84863133 49.049
 71  24.398827   0.751918   369.219   369.173  5 54701.84859902 50.325
 72  24.397367   0.751455   369.450   369.473  5 54736.84859179 44.701
 73  24.398904   0.750783   370.030   370.038  6 54771.84857903 51.465
 74  24.396398   0.751355   370.303   370.340  6 54806.84858488 51.994
 75  24.398104   0.750531   370.095   370.119  5 54841.84857572 51.961
 76  24.396355   0.751103   370.667   370.514  5 54876.84858677 51.707
 77  24.396127   0.750756   370.121   370.137  6 54911.84858024 51.758
 78  24.395801   0.750203   370.946   371.240  6 54946.84857944 44.173
 79  24.395918   0.751119   370.416   370.404  5 54981.84860572 51.024
 80  24.397400   0.751972   369.597   369.615  6 55016.84860553 51.163
 81  24.398566   0.750754   368.652   368.642  5 55051.84860037 47.084
 82  24.396941   0.751165   368.705   368.612  5 55086.84856485 36.020
 83  24.398936   0.750973   369.760   369.751  6 55121.84853478 50.552
 84  24.396594   0.750929   371.229   371.224  6 55156.84852451 51.146
 85  24.396782   0.751349   371.079   371.058  5 55191.84852469 52.616
 86  24.396505   0.752232   370.867   370.863  6 55226.84852592 51.536
 87  24.398327   0.751280   371.553   371.569  6 55261.84851969 51.708
 88  24.397804   0.750660   371.230   371.189  6 55296.84851033 36.724
 89  24.395784   0.750191   371.137   371.116  6 55331.84850047 49.936
 90  24.398171   0.750623   370.133   370.201  5 55366.84849263 52.598
 91  24.397465   0.751416   369.302   369.344  6 55401.84850652 50.644
 92  24.398994   0.751882   368.542   368.509  6 55436.84851056 43.396
 93  24.398426   0.750421   369.131   369.142  6 55471.84846072 51.802
