# NaN NaN NaN ;Mean Elev.(m), Avg Gradient(m/km), RMS Gradient(m/km) - SRTM1     
# NaN NaN NaN ;Mean Elev.(m), Avg Gradient(m/km), RMS Gradient(m/km) - ASTER GDEM
#  304.091  -0.506   2.243 ;Mean Elev.(m), Avg Gradient(m/km), RMS Gradient(m/km) - GMTED2010 
  7  18.123831  -0.129220   301.840   301.874  3 52457.86644250 42.258
  8  18.129905  -0.120325   301.435   301.422  3 52492.86641969 52.401
 10  18.126647  -0.126306   302.843   302.659  3 52562.86644127 50.106
 13  18.122914  -0.133208   303.006   302.995  3 52667.86642190 51.385
 14  18.129155  -0.123807   301.407   301.433  3 52702.86639930 52.345
 16  18.126720  -0.126906   302.454   302.452  3 52772.86640010 50.498
 17  18.122144  -0.132537   301.632   301.632  4 52807.86646097 40.268
 18  18.123879  -0.129712   302.129   302.144  3 52842.86651952 51.996
 19  18.122707  -0.131168   301.773   301.762  3 52877.86655754 53.025
 20  18.129239  -0.122459   302.272   302.272  2 52912.86651720  6.956
 21  18.128009  -0.124620   302.762   302.763  3 52947.86647432 52.091
 23  18.124091  -0.129953   303.470   303.461  3 53017.86650159 52.852
 24  18.126856  -0.126893   302.317   302.317  2 53052.86648346 51.921
 25  18.117825  -0.138224   301.428   301.452  4 53087.86651816 53.450
 26  18.123537  -0.129202   301.735   301.675  3 53122.86648997 22.544
 27  18.118687  -0.135864   301.371   301.368  4 53157.86654625 49.653
 28  18.127154  -0.124662   301.230   301.230  2 53192.86654159 53.833
 30  18.122164  -0.134039   301.425   301.401  3 53262.86651053 51.835
 31  18.116481  -0.137687   302.033   302.039  4 53297.86654879 52.280
 33  18.126262  -0.127312   303.207   303.226  3 53367.86646576 50.115
 34  18.124261  -0.129865   301.669   301.761  3 53402.86649461 49.045
 35  18.125124  -0.128366   300.626   300.617  3 53437.86648350 50.570
 36  18.121216  -0.134033   301.694   301.692  4 53472.86653764 51.691
 37  18.122763  -0.133388   301.580   301.557  3 53507.86656485 53.046
 38  18.120931  -0.132992   301.758   301.815  3 53542.86657442 53.439
 39  18.122935  -0.132309   301.386   301.943  3 53577.86655889 24.657
 40  18.122125  -0.133238   301.970   301.937  3 53612.86651143 52.939
 41  18.125491  -0.128497   302.310   302.310  2 53647.86651761 53.614
 42  18.119619  -0.134296   302.923   302.912  4 53682.86653167 52.834
 43  18.126782  -0.126631   303.359   303.369  3 53717.86646015 50.450
 44  18.129117  -0.122213   301.874   301.892  3 53752.86638139 51.839
 45  18.127379  -0.125616   301.248   301.209  3 53787.86641087 54.169
 46  18.126948  -0.126216   301.479   301.469  3 53822.86636555 53.033
 47  18.120950  -0.133267   301.584   301.581  4 53857.86645654 53.312
 48  18.127211  -0.125419   302.188   302.199  3 53892.86647211 52.559
 49  18.115554  -0.138511   300.574   300.571  3 53927.86652910 50.967
 50  18.118827  -0.136569   300.999   301.009  3 53962.86651211 53.063
 51  18.126336  -0.128003   301.324   301.324  2 53997.86646037 52.925
 52  18.126268  -0.127808   302.264   302.264  2 54032.86651015 50.159
 54  18.123895  -0.129834   304.077   304.077  3 54102.86646239 50.865
 55  18.124053  -0.131127   302.165   302.152  3 54137.86643240 52.654
 56  18.123604  -0.130408   301.729   301.738  3 54172.86644013 51.063
 57  18.123345  -0.132117   301.456   301.452  3 54207.86643749 52.845
 58  18.124221  -0.129085   302.359   302.354  3 54242.86647062 51.306
 59  18.124557  -0.131420   302.354   302.350  3 54277.86648379 51.175
 60  18.125173  -0.128103   301.662   301.651  3 54312.86648442 52.064
 61  18.124803  -0.129809   302.204   302.204  2 54347.86645576 52.013
 62  18.124856  -0.129321   302.959   302.959  2 54382.86642161 52.251
 63  18.124128  -0.130325   303.512   303.512  2 54417.86640482 52.483
 64  18.124667  -0.130865   303.985   303.969  3 54452.86639111 50.650
 65  18.125453  -0.128433   303.285   303.300  3 54487.86640308 50.188
 66  18.125522  -0.128738   302.110   302.110  2 54522.86640451 52.353
 67  18.124243  -0.130350   302.178   302.178  2 54557.86641269 49.503
 68  18.124022  -0.132043   302.093   302.120  3 54592.86640059 52.926
 69  18.124123  -0.131514   301.925   301.928  3 54627.86641566 51.971
 70  18.122561  -0.132083   300.818   300.806  4 54662.86642283 51.870
 71  18.125222  -0.128029   301.740   301.712  3 54697.86639801 51.411
 72  18.124139  -0.130581   301.877   301.877  2 54732.86638040 52.458
 73  18.124781  -0.128705   302.479   302.430  3 54767.86637687 29.072
 74  18.123312  -0.130851   303.602   303.584  3 54802.86637360 52.092
 75  18.124497  -0.129872   303.050   303.054  3 54837.86637007 50.077
 76  18.123962  -0.130511   302.266   302.266  2 54872.86637312 51.861
 77  18.123025  -0.131624   301.805   301.771  3 54907.86637644 52.354
 78  18.123301  -0.131763   301.774   301.774  3 54942.86636582 51.573
 79  18.123542  -0.132669   302.417   302.415  3 54977.86639347 51.079
 80  18.123692  -0.129891   301.591   301.586  3 55012.86640040 51.729
 81  18.124735  -0.129873   301.174   301.126  3 55047.86639301 50.974
 82  18.124226  -0.129137   301.917   301.908  3 55082.86636407 51.617
 83  18.125010  -0.128613   302.110   302.110  2 55117.86632491 51.641
 84  18.123788  -0.131538   303.106   303.115  3 55152.86632131 50.702
 85  18.123741  -0.131741   303.522   303.515  3 55187.86631224 50.416
 86  18.123780  -0.130162   302.916   302.914  3 55222.86632082 50.208
 87  18.125212  -0.130269   302.326   302.319  3 55257.86630795 50.784
 88  18.124076  -0.130906   302.665   302.663  3 55292.86630823 51.959
 89  18.122477  -0.132428   302.946   302.936  4 55327.86629212 50.896
 90  18.124132  -0.129971   302.431   302.413  3 55362.86628771 51.263
 91  18.124004  -0.130841   302.456   302.569  3 55397.86629580 18.034
 92  18.125476  -0.127700   301.851   301.851  2 55432.86630383 53.411
 93  18.125080  -0.128039   302.272   302.276  3 55467.86626166 50.010
