#  346.256  -2.890   3.690 ;Mean Elev.(m), Avg Gradient(m/km), RMS Gradient(m/km) - SRTM1     
#  338.460  -2.320   4.923 ;Mean Elev.(m), Avg Gradient(m/km), RMS Gradient(m/km) - ASTER GDEM
#  347.966  -2.765   4.072 ;Mean Elev.(m), Avg Gradient(m/km), RMS Gradient(m/km) - GMTED2010 
  8  22.182972   2.164119   345.477   345.508  3 52485.35601857 50.383
  9  22.183803   2.163596   345.540   345.540  2 52520.35598353 51.071
 10  22.178056   2.162729   345.830   345.791  3 52555.35603511 41.297
 11  22.181530   2.164109   346.796   346.796  2 52590.35602338 53.058
 12  22.188762   2.163346   347.376   347.376  2 52625.35595359 43.160
 13  22.183944   2.163527   346.371   346.371  2 52660.35598914 52.864
 14  22.185796   2.162066   346.365   346.365  2 52695.35596892 16.710
 15  22.189097   2.164903   345.934   345.934  2 52730.35599921 50.409
 17  22.186912   2.162392   345.685   345.685  2 52800.35600103 51.466
 19  22.188591   2.164843   345.760   345.760  2 52870.35610972 42.852
 20  22.184775   2.162817   346.741   346.741  2 52905.35611174 41.543
 21  22.185823   2.164582   346.588   346.588  2 52940.35604352 51.670
 22  22.182786   2.164215   346.906   346.906  2 52975.35608982 50.774
 23  22.179581   2.162984   346.452   346.457  3 53010.35609437 50.914
 24  22.182024   2.163179   346.240   346.240  2 53045.35605666 51.007
 25  22.177903   2.162392   345.945   345.987  3 53080.35609108 51.264
 26  22.178601   2.162234   345.865   345.847  3 53115.35606120 52.951
 27  22.179455   2.164613   345.575   345.522  3 53150.35610767 47.679
 28  22.191495   2.163548   345.179   345.179  2 53185.35609793 50.877
 29  22.184761   2.164900   344.788   344.788  2 53220.35612366 52.755
 30  22.179137   2.162393   345.006   344.967  3 53255.35610105 52.686
 32  22.188543   2.163799   346.576   346.576  2 53325.35608555 51.453
 33  22.188439   2.163495   346.927   346.927  2 53360.35604524 51.789
 34  22.182911   2.163282   345.662   345.663  3 53395.35606402 51.820
 35  22.187042   2.164068   345.157   345.157  2 53430.35605658 51.595
 36  22.185311   2.163472   346.336   346.336  2 53465.35608438 51.641
 37  22.177102   2.162628   345.689   345.705  3 53500.35614554 52.976
 38  22.185807   2.164981   345.403   345.403  2 53535.35613281 49.771
 39  22.178120   2.163015   345.051   345.075  3 53570.35614442 51.564
 40  22.184384   2.163464   345.962   345.962  2 53605.35609134 50.765
 41  22.181660   2.164532   345.643   345.660  3 53640.35609073 51.206
 42  22.178612   2.163214   346.500   346.465  3 53675.35611100 53.644
 43  22.188080   2.162750   346.586   346.586  2 53710.35604086 49.357
 44  22.187126   2.163401   345.911   345.911  2 53745.35595001 11.646
 45  22.188779   2.164736   345.510   345.510  2 53780.35598115 51.294
 46  22.186775   2.163781   345.761   345.761  2 53815.35595122 52.137
 47  22.180319   2.163040   346.192   346.187  3 53850.35601649 51.348
 49  22.175389   2.164016   344.750   344.790  4 53920.35609537 40.962
 50  22.175384   2.163817   344.993   344.998  4 53955.35609439 50.215
 51  22.188402   2.162944   345.344   345.344  2 53990.35601240 52.473
 52  22.185087   2.162943   345.708   345.708  2 54025.35607791 49.861
 54  22.183752   2.164391   347.421   347.421  2 54095.35604599 52.149
 55  22.185405   2.163049   346.587   346.587  2 54130.35599092 52.549
 56  22.182458   2.163294   346.413   346.418  3 54165.35601794 51.181
 57  22.184204   2.163409   345.874   345.964  3 54200.35599387 28.152
 58  22.185374   2.162337   346.528   346.528  2 54235.35603172 31.809
 59  22.185319   2.164289   346.323   346.323  2 54270.35605207 45.698
 60  22.184912   2.162862   345.657   345.657  2 54305.35605534 50.397
 61  22.185394   2.164280   345.996   345.996  2 54340.35603758 48.709
 62  22.185004   2.164291   346.017   346.017  2 54375.35598938 49.984
 63  22.183965   2.164729   346.805   346.805  2 54410.35598420 50.506
 64  22.185335   2.164714   347.285   347.285  2 54445.35595254 49.393
 65  22.185219   2.162502   346.448   346.448  2 54480.35597558 31.125
 66  22.185842   2.164170   346.218   346.218  2 54515.35596712 50.075
 67  22.183900   2.163142   346.229   346.229  2 54550.35598832 51.500
 68  22.185157   2.162966   346.226   346.226  2 54585.35596251 49.186
 69  22.184455   2.164405   345.925   345.925  2 54620.35598213 51.156
 70  22.182943   2.163873   345.158   345.154  3 54655.35599270 50.972
 71  22.184317   2.164728   345.642   345.642  2 54690.35597830 49.201
 72  22.185475   2.162250   346.059   346.059  2 54725.35594325 51.217
 73  22.183394   2.164385   346.419   346.419  2 54760.35595564 40.434
 74  22.184032   2.164766   347.837   347.837  2 54795.35593619 50.386
 75  22.184189   2.163605   346.431   346.431  2 54830.35595514 52.162
 76  22.185146   2.163204   346.134   346.134  2 54865.35593161 21.751
 77  22.182398   2.164131   346.167   346.147  3 54900.35595458 50.789
 78  22.184731   2.163133   346.326   346.326  2 54935.35592263 52.595
 79  22.185129   2.164460   346.750   346.750  2 54970.35595558 50.788
 80  22.181741   2.163326   346.158   346.113  3 55005.35597591 15.018
 81  22.185326   2.163243   345.425   345.425  2 55040.35596307 51.896
 82  22.184131   2.164184   345.746   345.746  2 55075.35594546 12.385
 83  22.184693   2.164067   346.065   346.065  2 55110.35589608 13.822
 84  22.182447   2.162971   346.592   346.599  3 55145.35589906 39.400
 85  22.185494   2.164670   347.006   347.006  2 55180.35587185 50.810
 86  22.183775   2.163242   346.681   346.681  2 55215.35589370 22.559
 87  22.186211   2.163787   346.364   346.364  2 55250.35586951 52.839
 88  22.183131   2.164331   347.010   347.010  2 55285.35588658 50.793
 89  22.182810   2.163457   346.733   346.733  2 55320.35585967 43.160
 90  22.183447   2.163302   346.281   346.300  3 55355.35586108 51.705
 91  22.183513   2.163291   345.716   345.720  3 55390.35586070 49.661
 92  22.185119   2.163467   345.737   345.737  2 55425.35587747 51.956
 93  22.185234   2.163365   346.139   346.139  2 55460.35584659 49.918
