#  438.296  -2.766   6.617 ;Mean Elev.(m), Avg Gradient(m/km), RMS Gradient(m/km) - SRTM1     
#  440.892  -3.068   6.314 ;Mean Elev.(m), Avg Gradient(m/km), RMS Gradient(m/km) - ASTER GDEM
#  439.379  -2.728   6.629 ;Mean Elev.(m), Avg Gradient(m/km), RMS Gradient(m/km) - GMTED2010 
  7   434.469 52477.84612777 54.68  25.723572  -2.040689 25.327
  7   434.516 52477.84612842 53.28  25.722842  -2.037379 25.327
  7   434.355 52477.84612906 50.99  25.722112  -2.034079 25.327
  8   433.833 52512.84607130 48.93  25.734992  -2.027674 23.574
  8   433.766 52512.84607195 55.11  25.734272  -2.024374 23.574
  8   433.651 52512.84607259 53.32  25.733542  -2.021064 23.574
  8   433.750 52512.84607324 52.83  25.732812  -2.017764 23.574
  9   433.485 52547.84611143 53.45  25.726407  -2.035130 21.525
  9   433.647 52547.84611207 50.29  25.725687  -2.031820 21.525
 10   433.758 52582.84611555 44.26  25.730047  -2.034389 11.581
 10   433.594 52582.84611619 51.27  25.729317  -2.031079 11.581
 10   433.634 52582.84611684 51.72  25.728599  -2.027778 13.994
 11   435.054 52617.84608841 17.96  25.724699  -2.038971  9.604
 11   434.348 52617.84608906 18.50  25.723969  -2.035671  9.604
 11   433.843 52617.84608970 21.77  25.723249  -2.032361  9.604
 12   434.917 52652.84606457 50.02  25.735034  -2.027255 19.947
 12   435.146 52652.84606521 55.72  25.734304  -2.023945 19.947
 12   434.809 52652.84606586 52.81  25.733574  -2.020645 19.947
 12   434.998 52652.84606650 52.49  25.732854  -2.017335 19.947
 13   435.096 52687.84606322 53.73  25.728666  -2.032216 14.966
 13   435.007 52687.84606386 51.64  25.727946  -2.028906 14.966
 14   435.352 52722.84610967 51.06  25.727573  -2.034748 15.526
 14   435.331 52722.84611032 49.65  25.726843  -2.031448 15.526
 14   435.013 52722.84611096 50.60  25.726123  -2.028138 15.526
 15   435.398 52757.84612848 52.89  25.718905  -2.049694 22.521
 15   435.259 52757.84612912 48.60  25.718175  -2.046384 22.521
 15   435.232 52757.84612977 45.48  25.717445  -2.043084 22.521
 16   434.328 52792.84608406 52.87  25.729693  -2.032061 23.126
 16   434.403 52792.84608471 52.37  25.728973  -2.028751 23.126
 16   434.186 52792.84608535 52.06  25.728243  -2.025451 23.126
 17   434.092 52827.84615228 55.62  25.731382  -2.030232 22.884
 17   434.110 52827.84615292 51.87  25.730662  -2.026922 22.884
 17   434.014 52827.84615357 51.58  25.729932  -2.023622 22.884
 18   433.568 52862.84619754 51.44  25.732817  -2.029180 21.211
 18   433.523 52862.84619818 53.09  25.732097  -2.025870 21.211
 18   433.410 52862.84619882 50.88  25.731367  -2.022570 21.211
 19   433.378 52897.84622556 47.57  25.726507  -2.038493 18.834
 19   433.410 52897.84622620 53.15  25.725787  -2.035183 18.834
 19   433.365 52897.84622685 51.35  25.725057  -2.031883 18.834
 20   433.504 52932.84617113 46.31  25.725561  -2.040064 12.364
 20   433.292 52932.84617178 50.82  25.724841  -2.036754 12.364
 20   433.371 52932.84617242 53.10  25.724110  -2.033452 14.261
 21   433.570 52967.84617847 52.85  25.729017  -2.033677 20.116
 21   433.341 52967.84617912 53.73  25.728297  -2.030367 20.116
 21   433.453 52967.84617976 51.03  25.727567  -2.027067 20.116
 22   434.889 53002.84620080 54.65  25.722738  -2.043040 14.475
 22   434.779 53002.84620144 53.17  25.722018  -2.039730 14.475
 22   434.906 53002.84620209 50.99  25.721283  -2.036430 13.573
 23   435.487 53037.84615070 52.73  25.725010  -2.040727 12.257
 23   435.572 53037.84615135 50.45  25.724279  -2.037425 15.858
 23   435.474 53037.84615199 52.47  25.723559  -2.034115 15.858
 23   435.590 53037.84615264 50.22  25.722829  -2.030815 15.858
 24   434.786 53072.84617754 52.69  25.726347  -2.036739 16.900
 24   434.943 53072.84617819 50.44  25.725617  -2.033439 16.900
 25   434.875 53107.84615115 52.88  25.724839  -2.039626 12.376
 25   435.052 53107.84615180 51.67  25.724110  -2.036324 15.728
 25   434.922 53107.84615244 51.26  25.723390  -2.033014 15.728
 26   434.268 53142.84618734 54.58  25.727033  -2.034928 21.502
 26   434.352 53142.84618799 53.11  25.726313  -2.031618 21.502
 27   433.935 53177.84620980 50.93  25.729097  -2.033518 21.155
 27   433.872 53177.84621044 54.43  25.728367  -2.030208 21.155
 27   433.833 53177.84621109 50.52  25.727637  -2.026908 21.155
 28   433.437 53212.84622942 51.02  25.726140  -2.037526 11.968
 28   433.246 53212.84623007 58.33  25.725404  -2.034225 16.771
 28   433.198 53212.84623071 53.43  25.724684  -2.030915 16.771
 29   432.777 53247.84619889 47.64  25.728059  -2.033714 19.710
 29   432.939 53247.84619953 53.40  25.727329  -2.030414 19.710
 30   433.172 53282.84618864 52.64  25.725044  -2.038163 18.363
 30   433.063 53282.84618929 42.08  25.724314  -2.034863 18.363
 30   433.082 53282.84618993 42.54  25.723594  -2.031553 18.363
 31   433.545 53317.84619055 47.07  25.730247  -2.030915  9.969
 31   433.463 53317.84619119 47.09  25.729528  -2.027614 14.119
 31   433.361 53317.84619184 46.43  25.728798  -2.024304 14.119
 32   434.327 53352.84615672 52.03  25.731424  -2.029413 18.829
 32   434.218 53352.84615737 52.00  25.730694  -2.026113 18.829
 32   434.274 53352.84615801 51.68  25.729964  -2.022803 18.829
 33   434.688 53387.84615014 53.38  25.727372  -2.035898 18.694
 33   434.663 53387.84615079 54.30  25.726642  -2.032588 18.694
 33   434.726 53387.84615143 51.17  25.725912  -2.029288 18.694
 34   434.856 53422.84615188 48.80  25.733418  -2.029680 21.736
 34   434.441 53422.84615252 54.76  25.732688  -2.026370 21.736
 34   434.562 53422.84615317 52.46  25.731968  -2.023070 21.736
 34   434.545 53422.84615381 49.94  25.731238  -2.019760 21.736
 35   435.095 53457.84615701 55.13  25.731664  -2.030443 22.399
 35   435.008 53457.84615765 52.83  25.730944  -2.027133 22.399
 35   435.021 53457.84615830 53.66  25.730214  -2.023833 22.399
 36   434.613 53492.84623990 50.66  25.722509  -2.044935 14.669
 36   434.469 53492.84624055 53.16  25.721779  -2.041625 14.669
 36   434.599 53492.84624119 52.27  25.721051  -2.038325 13.923
 37   434.470 53527.84622143 44.15  25.732043  -2.032393 20.173
 37   434.317 53527.84622208 52.98  25.731313  -2.029093 20.173
 37   434.225 53527.84622272 53.68  25.730583  -2.025783 20.173
 37   434.161 53527.84622336 49.60  25.729863  -2.022483 20.173
 38   433.957 53562.84624880 48.59  25.723046  -2.043711 14.383
 38   433.624 53562.84624945 52.76  25.722326  -2.040401 14.383
 38   433.642 53562.84625009 52.68  25.721592  -2.037098 14.011
 39   433.426 53597.84619042 43.27  25.731325  -2.033202 20.968
 39   433.337 53597.84619107 53.10  25.730595  -2.029902 20.968
 39   433.383 53597.84619171 53.70  25.729865  -2.026592 20.968
 40   433.297 53632.84618519 50.56  25.724465  -2.038567 17.988
 40   433.192 53632.84618583 52.92  25.723735  -2.035257 17.988
 40   432.948 53632.84618648 50.34  25.723005  -2.031957 17.988
 41   433.195 53667.84620718 54.34  25.723977  -2.038944 15.728
 41   433.224 53667.84620782 52.11  25.723257  -2.035634 15.728
 41   433.035 53667.84620847 35.94  25.722527  -2.032334 15.728
 42   433.377 53702.84615254 27.77  25.732031  -2.032651 17.194
 42   433.922 53702.84615318 23.36  25.731311  -2.029341 17.194
 42   433.177 53702.84615383 23.39  25.730581  -2.026041 17.194
 42   433.273 53702.84615447 29.49  25.729851  -2.022731 17.194
 43   433.743 53737.84606295 52.05  25.731698  -2.029092 14.738
 43   433.943 53737.84606359 52.62  25.730968  -2.025782 14.738
 43   433.689 53737.84606424 50.93  25.730248  -2.022482 14.738
 44   434.248 53772.84607468 50.95  25.732948  -2.030148 19.381
 44   434.030 53772.84607532 53.24  25.732218  -2.026838 19.381
 44   434.191 53772.84607597 52.05  25.731488  -2.023538 19.381
 45   434.246 53807.84606199 54.44  25.730696  -2.031622 19.429
 45   434.332 53807.84606264 51.50  25.729966  -2.028322 19.429
 45   434.166 53807.84606328 52.58  25.729246  -2.025012 19.429
 47   434.617 53877.84613109 48.93  25.730617  -2.032968 25.605
 47   434.362 53877.84613174 56.11  25.729887  -2.029668 25.605
 47   434.485 53877.84613238 52.02  25.729167  -2.026358 25.605
 48   433.875 53912.84618181 45.40  25.723254  -2.043565 17.627
 48   433.645 53912.84618246 55.79  25.722524  -2.040265 17.627
 48   433.567 53912.84618310 53.08  25.721794  -2.036955 17.627
 48   433.671 53912.84618375 48.09  25.721066  -2.033654 10.917
 49   433.325 53947.84619612 52.98  25.721069  -2.044964 20.185
 49   433.288 53947.84619676 52.75  25.720339  -2.041654 20.185
 49   433.279 53947.84619741 50.19  25.719609  -2.038354 20.185
 50   433.113 53982.84613950 45.46  25.726632  -2.034261 12.852
 50   432.826 53982.84614015 45.22  25.725912  -2.030951 12.852
 51   432.711 54017.84616857 27.57  25.729217  -2.031895 18.481
 51   432.637 54017.84616921 31.38  25.728487  -2.028585 18.481
 52   433.778 54052.84616344 48.17  25.735046  -2.026989 20.540
 52   433.562 54052.84616408 52.76  25.734316  -2.023679 20.540
 52   433.531 54052.84616473 51.28  25.733586  -2.020379 20.540
 52   433.421 54052.84616537 53.41  25.732866  -2.017069 20.540
 53   435.684 54087.84615382 50.36  25.729260  -2.033883 10.574
 53   435.884 54087.84615447 49.41  25.728540  -2.030573 10.574
 53   435.413 54087.84615511 49.39  25.727806  -2.027271 12.708
 54   436.770 54122.84607737 52.25  25.727720  -2.033966 16.212
 54   436.806 54122.84607801 50.65  25.726990  -2.030656 16.212
 55   436.526 54157.84611684 51.19  25.727348  -2.034333 13.785
 55   436.359 54157.84611748 51.70  25.726611  -2.031031 14.641
 56   436.178 54192.84607655 51.87  25.728418  -2.035933 14.721
 56   436.143 54192.84607720 50.48  25.727688  -2.032623 14.721
 56   436.137 54192.84607784 54.73  25.726960  -2.029322 15.213
 57   436.051 54227.84612853 52.40  25.727787  -2.034888 17.303
 57   436.001 54227.84612917 50.48  25.727057  -2.031578 17.303
 57   435.946 54227.84612982 52.02  25.726327  -2.028278 17.303
 58   435.252 54262.84614819 56.18  25.728192  -2.033240 21.184
 58   435.404 54262.84614884 53.19  25.727462  -2.029940 21.184
 59   434.203 54297.84615289 55.39  25.728474  -2.032924 17.934
 59   434.302 54297.84615354 51.87  25.727754  -2.029614 17.934
 60   433.795 54332.84614267 53.80  25.729127  -2.032656 17.953
 60   433.828 54332.84614332 52.60  25.728407  -2.029346 17.953
 60   433.776 54332.84614396 49.40  25.727677  -2.026046 17.953
 62   433.800 54402.84608550 53.72  25.728693  -2.033816 19.257
 62   433.908 54402.84608614 53.44  25.727973  -2.030506 19.257
 62   433.748 54402.84608678 50.23  25.727243  -2.027206 19.257
 63   434.424 54437.84604240 53.63  25.727228  -2.034295 19.772
 63   434.558 54437.84604305 51.08  25.726498  -2.030995 19.772
 64   435.905 54472.84607150 51.55  25.729792  -2.031009 16.424
 64   435.595 54472.84607215 49.18  25.729062  -2.027709 16.424
 65   435.971 54507.84605315 53.11  25.728617  -2.035280 18.926
 65   435.767 54507.84605380 51.71  25.727887  -2.031970 18.926
 65   435.801 54507.84605444 51.31  25.727167  -2.028670 18.926
 66   435.843 54542.84608547 31.26  25.729244  -2.033091 15.723
 66   435.469 54542.84608612 22.08  25.728524  -2.029791 15.723
 66   435.552 54542.84608676 23.92  25.727794  -2.026481 15.723
 67   435.701 54577.84605627 54.35  25.727713  -2.033276 20.474
 67   435.711 54577.84605691 53.18  25.726993  -2.029976 20.474
 68   434.844 54612.84607711 54.67  25.728519  -2.031947 24.618
 68   434.839 54612.84607776 53.15  25.727789  -2.028637 24.618
 69   434.188 54647.84608322 54.32  25.727716  -2.034107 21.817
 69   434.230 54647.84608386 55.64  25.726996  -2.030807 21.817
 70   433.958 54682.84608396 52.76  25.727858  -2.033437 17.046
 70   433.791 54682.84608460 51.67  25.727138  -2.030137 17.046
 71   433.434 54717.84603191 53.79  25.728390  -2.032658 21.796
 71   433.355 54717.84603255 54.50  25.727670  -2.029358 21.796
 72   433.674 54752.84605627 49.18  25.728044  -2.034464 20.807
 72   433.318 54752.84605692 54.26  25.727314  -2.031164 20.807
 72   433.396 54752.84605756 50.87  25.726584  -2.027854 20.807
 73   434.318 54787.84602118 46.98  25.728144  -2.035172 19.388
 73   434.297 54787.84602183 45.16  25.727414  -2.031862 19.388
 73   434.358 54787.84602247 44.97  25.726694  -2.028562 19.388
 74   435.059 54822.84605060 50.20  25.729087  -2.034726 23.582
 74   434.678 54822.84605125 56.13  25.728357  -2.031426 23.582
 74   434.912 54822.84605189 52.17  25.727627  -2.028116 23.582
 75   435.258 54857.84601807 53.23  25.728530  -2.032957 21.513
 75   435.201 54857.84601872 52.18  25.727810  -2.029657 21.513
 76   435.247 54892.84605252 51.76  25.727466  -2.037068 22.365
 76   435.235 54892.84605316 52.87  25.726736  -2.033758 22.365
 76   435.345 54892.84605381 50.98  25.726016  -2.030458 22.365
 77   435.445 54927.84601502 53.08  25.726842  -2.036111 21.322
 77   435.392 54927.84601566 51.24  25.726112  -2.032801 21.322
 77   435.339 54927.84601631 52.10  25.725392  -2.029501 21.322
 79   434.717 54997.84607347 54.83  25.725997  -2.036154 21.822
 79   434.831 54997.84607411 52.06  25.725267  -2.032854 21.822
 80   434.266 55032.84606292 53.29  25.727330  -2.034291 22.420
 80   434.133 55032.84606356 53.16  25.726610  -2.030991 22.420
 81   434.135 55067.84605176 53.60  25.728544  -2.033441 21.283
 81   433.932 55067.84605241 54.81  25.727824  -2.030141 21.283
 81   434.029 55067.84605305 50.32  25.727094  -2.026831 21.283
 82   433.453 55102.84599005 50.10  25.726869  -2.036477 20.649
 82   433.775 55102.84599069 54.59  25.726139  -2.033167 20.649
 82   433.723 55102.84599134 50.72  25.725419  -2.029867 20.649
 83   433.874 55137.84599784 49.42  25.728441  -2.033609 20.940
 83   433.656 55137.84599848 53.70  25.727711  -2.030309 20.940
 83   433.613 55137.84599913 50.83  25.726981  -2.026999 20.940
 84   434.882 55172.84595882 26.93  25.728418  -2.035231  9.568
 84   434.912 55172.84595947 27.19  25.727688  -2.031921  9.568
 84   434.747 55172.84596011 31.05  25.726968  -2.028621  9.568
 85   435.415 55207.84599235 51.15  25.728513  -2.035221 21.973
 85   435.200 55207.84599299 53.26  25.727793  -2.031921 21.973
 85   435.316 55207.84599364 50.90  25.727063  -2.028611 21.973
 86   435.268 55242.84596333 53.32  25.727339  -2.034943 21.682
 86   435.337 55242.84596397 51.76  25.726609  -2.031633 21.682
 87   436.303 55277.84598554 49.92  25.728104  -2.035985 19.412
 87   436.445 55277.84598619 50.52  25.727374  -2.032675 19.412
 87   436.296 55277.84598683 52.31  25.726654  -2.029375 19.412
 88   436.600 55312.84594985 50.95  25.727641  -2.032900 21.537
 88   436.450 55312.84595049 53.39  25.726921  -2.029600 21.537
 89   435.525 55347.84595667 50.32  25.728917  -2.035061 22.054
 89   435.537 55347.84595731 51.41  25.728197  -2.031761 22.054
 89   435.399 55347.84595795 52.80  25.727467  -2.028451 22.054
 90   434.848 55382.84594727 55.82  25.727625  -2.033259 20.884
 90   434.785 55382.84594791 52.40  25.726905  -2.029959 20.884
 91   433.671 55417.84597552 50.18  25.728942  -2.034746 22.704
 91   434.045 55417.84597616 52.00  25.728212  -2.031446 22.704
 91   434.013 55417.84597681 52.82  25.727482  -2.028136 22.704
 92   433.888 55452.84595698 54.56  25.728646  -2.033545 21.966
 92   433.881 55452.84595763 53.15  25.727926  -2.030245 21.966
 92   433.751 55452.84595827 51.50  25.727196  -2.026935 21.966
 93   433.433 55487.84587827 23.30  25.729176  -2.033452 14.057
 93   433.157 55487.84587892 26.35  25.728456  -2.030152 14.057
 93   433.307 55487.84587956 33.50  25.727726  -2.026842 14.057
