#  345.044  -2.823   9.905 ;Mean Elev.(m), Avg Gradient(m/km), RMS Gradient(m/km) - SRTM1     
#  333.039  -2.253  10.912 ;Mean Elev.(m), Avg Gradient(m/km), RMS Gradient(m/km) - ASTER GDEM
#  347.449  -2.818   9.276 ;Mean Elev.(m), Avg Gradient(m/km), RMS Gradient(m/km) - GMTED2010 
  7  21.915298   2.190362   322.970   322.970  2 52448.85494159 49.235
  8  21.923428   2.187248   343.330   343.347  3 52483.85492813 51.613
  9  21.926909   2.188599   343.416   343.434  3 52518.85488809 50.434
 10  21.919634   2.187934   343.723   343.723  2 52553.85493854 52.288
 11  21.926628   2.186975   344.548   344.570  3 52588.85492116 52.585
 12  21.928248   2.187637   345.326   345.319  3 52623.85486862 51.713
 13  21.927108   2.188993   344.266   344.271  3 52658.85489069 47.681
 15  21.929197   2.188066   344.017   344.011  3 52728.85490844 52.255
 16  21.917381   2.188819   344.470   344.470  2 52763.85492073 51.895
 17  21.930490   2.187116   343.562   343.548  3 52798.85489765 51.367
 18  21.930217   2.187645   344.199   344.199  2 52833.85496751 52.477
 19  21.931530   2.188817   343.800   343.804  3 52868.85500983 50.921
 20  21.926085   2.186463   344.456   344.426  3 52903.85502048 49.147
 21  21.926035   2.188040   344.245   344.225  3 52938.85495669 50.633
 22  21.924091   2.187517   344.698   344.704  3 52973.85499438 52.875
 23  21.921431   2.186151   344.333   344.318  3 53008.85500135 51.360
 24  21.923189   2.187405   344.117   344.064  3 53043.85496052 52.066
 25  21.921255   2.186325   343.571   343.556  3 53078.85499358 50.480
 26  21.919734   2.188684   343.740   343.740  2 53113.85496458 47.133
 27  21.921917   2.185342   343.524   343.498  3 53148.85500964 52.421
 28  21.931926   2.188172   343.080   343.074  3 53183.85500619 51.945
 29  21.925836   2.186535   342.744   342.736  3 53218.85503065 51.839
 30  21.922179   2.186595   342.975   342.978  3 53253.85500813 52.917
 31  21.918130   2.189803   343.615   343.615  2 53288.85501276 52.888
 32  21.932052   2.187812   344.430   344.429  3 53323.85498752 52.961
 33  21.931249   2.187519   345.012   345.009  3 53358.85495035 51.825
 34  21.924863   2.186137   343.573   343.571  3 53393.85496704 50.847
 35  21.929509   2.188317   342.874   342.874  2 53428.85496116 22.254
 36  21.928061   2.188072   344.069   344.062  3 53463.85498287 54.082
 37  21.918060   2.189558   343.477   343.477  2 53498.85505149 53.443
 38  21.928500   2.187719   343.464   343.464  2 53533.85503516 53.537
 39  21.919594   2.189182   343.114   343.114  2 53568.85505137 51.625
 40  21.927717   2.186218   343.364   343.343  3 53603.85499653 49.139
 41  21.922479   2.187562   343.405   343.416  3 53638.85499559 49.093
 42  21.920056   2.189774   344.146   344.146  2 53673.85501617 51.287
 43  21.931385   2.188257   344.534   344.521  3 53708.85494649 51.353
 44  21.929431   2.188458   343.463   343.429  3 53743.85485695 39.368
 45  21.930801   2.187912   343.355   343.355  2 53778.85488531 51.953
 46  21.929189   2.187611   343.688   343.688  2 53813.85485878 52.227
 47  21.922612   2.186434   344.077   344.061  3 53848.85491783 51.003
 50  21.916445   2.189623   342.849   342.849  2 53953.85500115 51.877
 52  21.926427   2.188283   343.559   343.576  3 54023.85498160 50.255
 53  21.932890   2.188464   345.335   345.335  2 54058.85497375 52.174
 55  21.927162   2.187213   344.390   344.383  3 54128.85489247 51.764
 57  21.925964   2.188382   343.929   343.935  3 54198.85489494 50.314
 58  21.926910   2.187554   344.292   344.292  2 54233.85493688 52.502
 59  21.926958   2.187494   344.046   344.046  2 54268.85495651 50.301
 60  21.927191   2.187701   343.425   343.452  3 54303.85495965 52.104
 61  21.926823   2.188978   343.928   343.958  3 54338.85494441 50.980
 62  21.926705   2.188854   343.795   343.818  3 54373.85489347 36.836
 63  21.925692   2.187703   344.715   344.730  3 54408.85488981 50.766
 64  21.927028   2.187323   345.164   345.164  2 54443.85485452 53.549
 65  21.927649   2.186781   344.274   344.305  3 54478.85487947 36.885
 66  21.927512   2.187149   344.216   344.232  3 54513.85486926 51.684
 67  21.926679   2.186069   343.957   343.954  3 54548.85489284 52.685
 68  21.927352   2.187101   344.005   344.027  3 54583.85486542 51.345
 69  21.926829   2.186263   343.488   343.514  3 54618.85488542 36.720
 70  21.924811   2.187849   343.146   343.181  3 54653.85489693 50.493
 71  21.926208   2.186699   343.248   343.220  3 54688.85488504 42.386
 72  21.927154   2.187719   343.541   343.541  2 54723.85484569 43.938
 73  21.925908   2.186168   344.199   344.217  3 54758.85486071 50.261
 74  21.925350   2.187376   345.788   345.795  3 54793.85483822 48.934
 75  21.926423   2.187265   344.341   344.341  2 54828.85485983 53.538
 76  21.926922   2.187482   344.287   344.287  2 54863.85483311 51.488
 77  21.925289   2.185957   344.110   344.116  3 54898.85485885 44.958
 78  21.925696   2.188396   344.020   344.041  3 54933.85482692 51.631
 79  21.926277   2.187872   344.448   344.445  3 54968.85486132 52.324
 80  21.923449   2.187524   343.433   343.435  3 55003.85488078 47.791
 81  21.927285   2.188578   343.191   343.183  3 55038.85486775 48.710
 82  21.926291   2.186101   343.422   343.449  3 55073.85485221 51.968
 83  21.926138   2.187105   343.981   343.992  3 55108.85480004 49.871
 84  21.925258   2.186347   344.543   344.544  3 55143.85480352 51.271
 85  21.927288   2.186360   344.860   344.844  3 55178.85477335 51.371
 86  21.925827   2.188389   344.838   344.874  3 55213.85479891 52.150
 87  21.927557   2.187586   344.188   344.188  2 55248.85477259 53.957
 88  21.925502   2.186446   344.821   344.800  3 55283.85479197 52.446
 89  21.924907   2.186682   344.645   344.633  3 55318.85476361 50.245
 90  21.925667   2.188283   343.948   344.010  3 55353.85476582 29.863
 91  21.924976   2.187440   343.711   343.743  3 55388.85476348 52.245
 92  21.927088   2.187533   343.556   343.556  2 55423.85478300 50.941
 93  21.927003   2.188012   344.203   344.208  3 55458.85475426 52.724
