# NaN NaN NaN ;Mean Elev.(m), Avg Gradient(m/km), RMS Gradient(m/km) - SRTM1     
# NaN NaN NaN ;Mean Elev.(m), Avg Gradient(m/km), RMS Gradient(m/km) - ASTER GDEM
#  305.001  -0.899   3.751 ;Mean Elev.(m), Avg Gradient(m/km), RMS Gradient(m/km) - GMTED2010 
  7   301.956 52457.86645475 52.97  18.110032  -0.066419 33.220
  7   301.995 52457.86645540 52.28  18.109302  -0.063109 33.220
  8   301.845 52492.86643129 51.26  18.116829  -0.060830 45.366
  8   301.855 52492.86643194 53.50  18.116109  -0.057520 45.366
  8   301.862 52492.86643258 49.19  18.115379  -0.054220 45.366
 10   302.968 52562.86645352 52.15  18.112850  -0.063501 37.240
 10   302.861 52562.86645417 53.15  18.112120  -0.060201 37.240
 10   302.961 52562.86645481 48.12  18.111390  -0.056893  8.515
 13   303.358 52667.86643350 53.86  18.109841  -0.073710 48.755
 13   303.356 52667.86643415 51.96  18.109111  -0.070410 48.755
 13   303.390 52667.86643479 54.00  18.108391  -0.067100 48.755
 13   303.388 52667.86643544 50.87  18.107661  -0.063790 48.755
 14   301.878 52702.86641154 53.16  18.115347  -0.061006 36.949
 14   301.869 52702.86641219 50.20  18.114627  -0.057696 36.949
 14   301.903 52702.86641283 50.67  18.113897  -0.054396 36.949
 16   302.713 52772.86641235 24.57  18.112923  -0.064095  9.887
 16   302.751 52772.86641299 23.39  18.112203  -0.060795  9.887
 16   302.855 52772.86641364 23.29  18.111473  -0.057495  9.887
 17   301.736 52807.86647225 19.98  18.109430  -0.074698 16.003
 17   301.796 52807.86647290 18.76  18.108700  -0.071388 16.003
 17   301.974 52807.86647354 18.77  18.107980  -0.068078 16.003
 17   302.089 52807.86647419 25.69  18.107250  -0.064778 16.003
 18   302.571 52842.86653177 52.11  18.110075  -0.066917 45.811
 18   302.583 52842.86653242 53.97  18.109345  -0.063607 45.811
 18   302.580 52842.86653306 48.65  18.108615  -0.060297 45.811
 19   302.043 52877.86656979 53.04  18.108906  -0.068361 46.704
 19   302.058 52877.86657043 53.77  18.108176  -0.065061 46.704
 19   302.041 52877.86657108 47.40  18.107446  -0.061751 46.704
 20   302.902 52912.86652912 17.38  18.115803  -0.061315 13.181
 20   302.821 52912.86652977 18.74  18.115083  -0.058005 13.181
 20   302.887 52912.86653041 18.20  18.114353  -0.054695 13.181
 21   303.197 52947.86648657 45.82  18.114205  -0.061823 13.339
 21   302.968 52947.86648721 51.01  18.113475  -0.058513 13.339
 23   303.676 53017.86651384 52.08  18.110292  -0.067155 48.601
 23   303.695 53017.86651448 52.81  18.109572  -0.063845 48.601
 23   303.706 53017.86651513 49.46  18.108842  -0.060535 48.601
 24   302.722 53052.86649539 51.59  18.113410  -0.065744 46.257
 24   302.643 53052.86649603 53.30  18.112690  -0.062434 46.257
 24   302.651 53052.86649668 52.32  18.111960  -0.059134 46.257
 25   301.749 53087.86652815 51.82  18.106569  -0.086986 39.630
 25   301.597 53087.86652880 52.57  18.105849  -0.083686 39.630
 25   301.637 53087.86652944 52.56  18.105119  -0.080376 39.630
 25   301.638 53087.86653008 53.93  18.104389  -0.077076 39.630
 25   301.669 53087.86653073 52.42  18.103669  -0.073766 39.630
 25   301.712 53087.86653137 54.06  18.102939  -0.070456 39.630
 26   302.300 53122.86650222 22.19  18.109740  -0.066402  9.906
 26   302.632 53122.86650286 25.46  18.109010  -0.063102  9.906
 27   301.424 53157.86655624 50.44  18.107428  -0.084629 15.585
 27   301.520 53157.86655688 45.18  18.106698  -0.081319 15.585
 27   301.408 53157.86655753 45.48  18.105978  -0.078019 15.585
 27   301.560 53157.86655817 40.26  18.105248  -0.074709 15.585
 27   301.410 53157.86655882 29.48  18.104518  -0.071409 15.585
 27   301.604 53157.86655946 28.23  18.103798  -0.068099 15.585
 28   301.549 53192.86655352 52.62  18.113718  -0.063518 46.118
 28   301.564 53192.86655416 52.96  18.112988  -0.060208 46.118
 28   301.571 53192.86655481 52.38  18.112268  -0.056898 46.118
 30   301.788 53262.86652214 52.55  18.109092  -0.074543 42.879
 30   301.768 53262.86652278 49.91  18.108372  -0.071233 42.879
 30   301.780 53262.86652342 52.94  18.107642  -0.067923 42.879
 30   301.755 53262.86652407 52.53  18.106922  -0.064623 42.879
 31   302.375 53297.86655813 48.09  18.105945  -0.089757 37.206
 31   302.413 53297.86655878 49.56  18.105225  -0.086457 37.206
 31   302.251 53297.86655942 46.45  18.104495  -0.083147 37.206
 31   302.296 53297.86656007 52.87  18.103765  -0.079847 37.206
 31   302.269 53297.86656071 52.31  18.103045  -0.076537 37.206
 31   302.288 53297.86656136 54.30  18.102315  -0.073237 37.206
 31   302.312 53297.86656200 50.51  18.101585  -0.069927 37.206
 33   303.459 53367.86647801 53.85  18.112472  -0.064510 48.713
 33   303.460 53367.86647865 51.56  18.111742  -0.061200 48.713
 33   303.492 53367.86647930 49.33  18.111022  -0.057900 48.713
 34   301.756 53402.86650686 29.33  18.110462  -0.067059 28.250
 34   301.795 53402.86650751 41.50  18.109732  -0.063749 28.250
 34   301.806 53402.86650815 45.01  18.109002  -0.060449 28.250
 35   301.127 53437.86649575 51.82  18.111333  -0.065560 38.063
 35   301.162 53437.86649640 51.62  18.110603  -0.062260 38.063
 35   301.187 53437.86649704 51.23  18.109873  -0.058950 38.063
 36   301.899 53472.86654828 47.67  18.109225  -0.079497 43.789
 36   301.939 53472.86654893 49.50  18.108505  -0.076187 43.789
 36   301.979 53472.86654957 51.45  18.107775  -0.072887 43.789
 36   302.027 53472.86655022 51.09  18.107045  -0.069577 43.789
 36   302.077 53472.86655086 51.65  18.106325  -0.066267 43.789
 37   301.943 53507.86657645 51.71  18.109684  -0.073893 41.758
 37   301.973 53507.86657710 49.54  18.108964  -0.070583 41.758
 37   301.975 53507.86657774 52.90  18.108234  -0.067283 41.758
 37   301.951 53507.86657839 50.58  18.107514  -0.063973 41.758
 38   302.130 53542.86658538 53.51  18.108588  -0.076799 42.762
 38   302.013 53542.86658602 50.92  18.107858  -0.073499 42.762
 38   302.006 53542.86658667 53.89  18.107138  -0.070189 42.762
 38   302.020 53542.86658731 54.05  18.106408  -0.066889 42.762
 39   301.379 53577.86657049 13.90  18.109859  -0.072816  6.779
 39   302.075 53577.86657114 14.72  18.109139  -0.069506  6.779
 39   302.333 53577.86657178 20.77  18.108409  -0.066206  6.779
 39   302.435 53577.86657243 26.59  18.107689  -0.062896  6.779
 40   302.271 53612.86652239 50.63  18.109779  -0.077042 46.727
 40   302.308 53612.86652303 52.07  18.109059  -0.073742 46.727
 40   302.297 53612.86652368 51.52  18.108329  -0.070432 46.727
 40   302.271 53612.86652432 53.14  18.107599  -0.067132 46.727
 40   302.238 53612.86652497 51.79  18.106879  -0.063822 46.727
 41   302.557 53647.86652954 50.03  18.112045  -0.067344 14.837
 41   302.575 53647.86653018 51.31  18.111325  -0.064044 14.837
 41   302.524 53647.86653083 53.34  18.110595  -0.060734 14.837
 42   303.030 53682.86654167 52.08  18.108364  -0.083065 48.785
 42   303.060 53682.86654231 53.56  18.107634  -0.079755 48.785
 42   303.066 53682.86654296 53.77  18.106904  -0.076455 48.785
 42   303.086 53682.86654360 51.72  18.106184  -0.073145 48.785
 42   303.106 53682.86654425 53.16  18.105454  -0.069845 48.785
 42   303.104 53682.86654489 51.16  18.104734  -0.066535 48.785
 43   303.580 53717.86647240 51.46  18.112988  -0.063829 49.226
 43   303.598 53717.86647304 52.11  18.112258  -0.060519 49.226
 43   303.636 53717.86647369 50.80  18.111528  -0.057219 49.226
 44   302.282 53752.86639299 52.08  18.116042  -0.062713 46.831
 44   302.218 53752.86639364 53.76  18.115312  -0.059413 46.831
 44   302.147 53752.86639428 52.22  18.114582  -0.056103 46.831
 45   301.681 53787.86642312 46.67  18.113581  -0.062811 41.400
 45   301.690 53787.86642377 47.59  18.112851  -0.059511 41.400
 45   301.731 53787.86642441 46.15  18.112131  -0.056201 41.400
 46   301.867 53822.86637780 25.74  18.113142  -0.063422 19.391
 46   301.928 53822.86637844 31.97  18.112412  -0.060112 19.391
 46   302.115 53822.86637909 32.71  18.111682  -0.056802 19.391
 47   301.848 53857.86646718 50.73  18.108966  -0.078729 40.790
 47   301.838 53857.86646782 53.16  18.108236  -0.075419 40.790
 47   301.850 53857.86646847 53.43  18.107506  -0.072119 40.790
 47   301.870 53857.86646911 53.65  18.106786  -0.068809 40.790
 47   301.877 53857.86646976 53.67  18.106056  -0.065509 40.790
 48   302.599 53892.86648436 53.31  18.113410  -0.062619 50.117
 48   302.603 53892.86648501 52.01  18.112690  -0.059309 50.117
 49   300.846 53927.86653877 52.01  18.104665  -0.088925 36.215
 49   300.854 53927.86653942 49.08  18.103935  -0.085625 36.215
 49   300.884 53927.86654006 49.32  18.103205  -0.082315 36.215
 49   300.909 53927.86654071 53.36  18.102485  -0.079015 36.215
 49   300.930 53927.86654135 53.73  18.101755  -0.075705 36.215
 49   300.949 53927.86654200 53.35  18.101025  -0.072405 36.215
 50   301.433 53962.86652242 52.45  18.107211  -0.083681 36.797
 50   301.304 53962.86652306 51.75  18.106481  -0.080371 36.797
 50   301.304 53962.86652371 51.26  18.105761  -0.077071 36.797
 50   301.328 53962.86652435 49.97  18.105031  -0.073761 36.797
 50   301.343 53962.86652500 53.59  18.104301  -0.070461 36.797
 50   301.341 53962.86652564 50.82  18.103581  -0.067151 36.797
 51   301.481 53997.86647294 52.82  18.112164  -0.063552 44.342
 51   301.500 53997.86647359 53.58  18.111434  -0.060242 44.342
 52   302.347 54032.86652272 52.85  18.112103  -0.063348 41.884
 52   302.360 54032.86652336 52.51  18.111383  -0.060048 41.884
 54   304.279 54102.86647464 51.97  18.110098  -0.067032 39.734
 54   304.292 54102.86647528 51.08  18.109378  -0.063722 39.734
 54   304.316 54102.86647593 50.12  18.108648  -0.060422 39.734
 55   302.579 54137.86644465 51.21  18.110253  -0.068325 41.099
 55   302.584 54137.86644529 49.65  18.109523  -0.065025 41.099
 55   302.596 54137.86644594 51.76  18.108793  -0.061715 41.099
 56   301.865 54172.86645237 25.52  18.109805  -0.067611 22.698
 56   302.124 54172.86645302 28.09  18.109085  -0.064301 22.698
 56   302.293 54172.86645366 31.14  18.108355  -0.060991 22.698
 57   301.884 54207.86644909 49.78  18.110272  -0.072618 42.622
 57   301.880 54207.86644974 50.09  18.109542  -0.069318 42.622
 57   301.879 54207.86645038 51.48  18.108812  -0.066008 42.622
 57   301.896 54207.86645103 51.80  18.108092  -0.062698 42.622
 58   302.546 54242.86648287 52.95  18.110421  -0.066275 45.664
 58   302.567 54242.86648351 53.70  18.109691  -0.062975 45.664
 58   302.584 54242.86648416 48.04  18.108971  -0.059665 45.664
 59   302.565 54277.86649603 51.86  18.110750  -0.068617 46.525
 59   302.589 54277.86649668 52.61  18.110030  -0.065307 46.525
 59   302.585 54277.86649732 51.54  18.109300  -0.062007 46.525
 60   302.095 54312.86649667 52.00  18.111378  -0.065301 42.966
 60   302.012 54312.86649731 52.45  18.110648  -0.061991 42.966
 60   302.013 54312.86649796 50.84  18.109918  -0.058691 42.966
 61   302.457 54347.86646833 52.98  18.110648  -0.065356 45.354
 61   302.485 54347.86646897 50.74  18.109918  -0.062046 45.354
 62   303.173 54382.86643418 51.91  18.110692  -0.064867 47.398
 62   303.201 54382.86643482 50.78  18.109962  -0.061557 47.398
 63   303.829 54417.86641739 52.40  18.109970  -0.065871 44.348
 63   303.813 54417.86641803 50.82  18.109240  -0.062561 44.348
 64   304.259 54452.86640336 49.20  18.110858  -0.068064 42.510
 64   304.235 54452.86640400 50.70  18.110138  -0.064754 42.510
 64   304.317 54452.86640464 50.59  18.109408  -0.061454 42.510
 65   303.502 54487.86641533 54.47  18.111657  -0.065630 46.188
 65   303.494 54487.86641597 54.18  18.110927  -0.062330 46.188
 65   303.521 54487.86641662 48.85  18.110207  -0.059020 46.188
 66   302.458 54522.86641709 51.75  18.111348  -0.064276 50.058
 66   302.475 54522.86641773 51.93  18.110628  -0.060976 50.058
 67   301.947 54557.86642526 26.09  18.110080  -0.065897 26.927
 67   301.861 54557.86642590 20.54  18.109360  -0.062587 26.927
 68   302.385 54592.86641284 50.92  18.110218  -0.069242 46.521
 68   302.389 54592.86641349 52.49  18.109498  -0.065932 46.521
 68   302.393 54592.86641413 51.49  18.108768  -0.062632 46.521
 69   302.222 54627.86642791 50.37  18.110320  -0.068711 46.518
 69   302.249 54627.86642855 51.94  18.109600  -0.065401 46.518
 69   302.266 54627.86642919 52.48  18.108870  -0.062101 46.518
 70   301.256 54662.86643411 50.52  18.109854  -0.074240 45.698
 70   301.194 54662.86643475 51.41  18.109124  -0.070930 45.698
 70   301.201 54662.86643540 53.04  18.108394  -0.067630 45.698
 70   301.156 54662.86643604 51.38  18.107674  -0.064320 45.698
 71   302.112 54697.86641026 51.30  18.111433  -0.065227 45.681
 71   302.155 54697.86641090 53.93  18.110703  -0.061917 45.681
 71   302.136 54697.86641155 48.73  18.109973  -0.058617 45.681
 72   302.211 54732.86639298 52.14  18.109969  -0.066121 40.290
 72   302.183 54732.86639362 50.15  18.109249  -0.062821 40.290
 73   302.745 54767.86638912 31.78  18.110978  -0.065903  9.915
 73   302.840 54767.86638976 33.24  18.110258  -0.062593  9.915
 73   302.827 54767.86639041 33.69  18.109528  -0.059293  9.915
 74   303.946 54802.86638585 51.24  18.109509  -0.068052 43.395
 74   303.967 54802.86638649 51.84  18.108779  -0.064752 43.395
 74   303.996 54802.86638714 49.32  18.108059  -0.061442 43.395
 75   303.267 54837.86638232 51.31  18.110695  -0.067070 44.650
 75   303.267 54837.86638297 51.43  18.109975  -0.063760 44.650
 75   303.292 54837.86638361 48.71  18.109245  -0.060460 44.650
 76   302.576 54872.86638569 52.62  18.109802  -0.066052 46.634
 76   302.588 54872.86638634 51.68  18.109072  -0.062752 46.634
 77   302.149 54907.86638869 52.95  18.109231  -0.068819 45.106
 77   302.198 54907.86638934 53.48  18.108501  -0.065519 45.106
 77   302.228 54907.86638998 50.67  18.107781  -0.062209 45.106
 78   302.024 54942.86637807 53.42  18.109495  -0.068964 45.013
 78   302.043 54942.86637871 52.14  18.108775  -0.065654 45.013
 78   302.058 54942.86637936 49.72  18.108045  -0.062354 45.013
 79   302.651 54977.86640507 49.67  18.110469  -0.073167 45.422
 79   302.622 54977.86640571 51.60  18.109739  -0.069867 45.422
 79   302.637 54977.86640636 52.08  18.109019  -0.066557 45.422
 79   302.653 54977.86640700 51.13  18.108289  -0.063257 45.422
 80   302.026 55012.86641265 50.97  18.109889  -0.067089 43.716
 80   302.037 55012.86641329 50.46  18.109169  -0.063779 43.716
 80   302.107 55012.86641394 48.48  18.108439  -0.060479 43.716
 81   301.553 55047.86640526 52.33  18.110931  -0.067072 41.999
 81   301.596 55047.86640590 51.61  18.110211  -0.063762 41.999
 81   301.626 55047.86640655 50.35  18.109481  -0.060462 41.999
 82   302.232 55082.86637632 52.07  18.110426  -0.066333 46.763
 82   302.268 55082.86637697 53.18  18.109706  -0.063023 46.763
 82   302.250 55082.86637761 49.68  18.108976  -0.059723 46.763
 83   302.464 55117.86633683 51.23  18.111565  -0.067465 47.460
 83   302.413 55117.86633748 54.23  18.110845  -0.064155 47.460
 83   302.416 55117.86633812 51.65  18.110115  -0.060855 47.460
 84   303.444 55152.86633356 45.10  18.109991  -0.068733 39.518
 84   303.451 55152.86633420 43.64  18.109261  -0.065433 39.518
 84   303.462 55152.86633485 43.13  18.108541  -0.062123 39.518
 85   303.866 55187.86632449 50.82  18.109934  -0.068940 45.973
 85   303.897 55187.86632513 51.61  18.109214  -0.065630 45.973
 85   303.916 55187.86632578 49.59  18.108484  -0.062330 45.973
 86   303.092 55222.86633307 47.53  18.109978  -0.067360 50.420
 86   303.106 55222.86633371 48.38  18.109258  -0.064050 50.420
 86   303.147 55222.86633436 50.45  18.108528  -0.060750 50.420
 87   302.662 55257.86632020 50.25  18.111408  -0.067469 45.346
 87   302.643 55257.86632085 53.50  18.110688  -0.064159 45.346
 87   302.668 55257.86632149 50.72  18.109958  -0.060859 45.346
 88   302.998 55292.86632048 52.39  18.110282  -0.068112 48.480
 88   303.026 55292.86632113 52.05  18.109552  -0.064802 48.480
 88   303.046 55292.86632177 50.93  18.108832  -0.061492 48.480
 89   303.243 55327.86630340 51.37  18.109771  -0.074584 47.928
 89   303.274 55327.86630405 49.85  18.109041  -0.071274 47.928
 89   303.310 55327.86630469 51.79  18.108311  -0.067974 47.928
 89   303.334 55327.86630534 49.63  18.107591  -0.064664 47.928
 90   302.736 55362.86629996 51.76  18.110332  -0.067168 43.818
 90   302.757 55362.86630061 49.89  18.109612  -0.063858 43.818
 90   302.753 55362.86630125 48.66  18.108882  -0.060558 43.818
 91   302.052 55397.86630805 19.92  18.110197  -0.068041 11.404
 91   302.383 55397.86630869 20.10  18.109477  -0.064741 11.404
 91   302.761 55397.86630934 23.50  18.108747  -0.061431 11.404
 92   302.228 55432.86631576 50.17  18.112035  -0.066551 44.261
 92   302.234 55432.86631640 52.54  18.111315  -0.063241 44.261
 92   302.229 55432.86631705 51.80  18.110585  -0.059941 44.261
 93   302.475 55467.86627390 53.58  18.111291  -0.065235 44.970
 93   302.478 55467.86627455 52.54  18.110561  -0.061925 44.970
 93   302.537 55467.86627519 50.31  18.109831  -0.058625 44.970
