# NaN NaN NaN ;Mean Elev.(m), Avg Gradient(m/km), RMS Gradient(m/km) - SRTM1     
# NaN NaN NaN ;Mean Elev.(m), Avg Gradient(m/km), RMS Gradient(m/km) - ASTER GDEM
#  294.996  -0.730   2.233 ;Mean Elev.(m), Avg Gradient(m/km), RMS Gradient(m/km) - GMTED2010 
  6  17.529564  -0.743473   294.576   294.417  9 52441.86834098 32.120
  7  17.534487  -0.744068   295.747   295.764 12 52476.86833679 52.446
  8  17.544704  -0.733041   296.158   296.159 12 52511.86828589 52.002
  9  17.540111  -0.743892   296.182   296.586 12 52546.86831376 21.827
 10  17.540276  -0.742609   296.756   297.311 12 52581.86832854 24.423
 11  17.535951  -0.744038   297.647   298.000 12 52616.86829971 30.309
 12  17.544629  -0.732941   298.145   298.146 13 52651.86827734 47.831
 13  17.541652  -0.739601   294.671   294.857 12 52686.86827034 31.592
 14  17.539486  -0.745146   295.640   295.636 12 52721.86831791 50.625
 15  17.527738  -0.743746   295.037   295.046  9 52756.86834094 19.760
 17  17.542415  -0.738409   296.193   296.177 12 52826.86836113 52.318
 18  17.543784  -0.737036   296.572   296.567 12 52861.86840675 52.199
 19  17.537861  -0.744425   297.171   297.165 13 52896.86843547 47.812
 20  17.536867  -0.744974   297.557   297.537 13 52931.86838247 47.443
 21  17.541370  -0.740278   298.234   298.229 12 52966.86838397 50.522
 22  17.533578  -0.746220   297.704   297.703 12 53001.86841055 47.915
 23  17.536407  -0.743737   296.607   296.625 11 53036.86836047 51.859
 24  17.539093  -0.744736   295.625   295.615 12 53071.86838364 52.212
 25  17.536826  -0.746248   294.995   295.042 13 53106.86836059 23.465
 26  17.539685  -0.742768   294.640   294.507 12 53141.86839240 25.621
 27  17.540146  -0.740958   293.906   293.908 12 53176.86841935 38.030
 28  17.537847  -0.744417   294.920   294.862 12 53211.86843825 22.018
 29  17.540036  -0.740058   296.381   296.371 13 53246.86840730 46.962
 30  17.537276  -0.744628   295.514   295.649 13 53281.86839405 22.581
 31  17.541161  -0.740752   297.722   297.699 13 53316.86840191 52.064
 32  17.542969  -0.737301   297.900   297.901 12 53351.86836808 52.716
 33  17.539640  -0.744980   296.906   296.896 12 53386.86835564 50.464
 34  17.544838  -0.732866   295.199   295.091 13 53421.86836004 44.548
 35  17.542563  -0.736793   295.269   295.276 13 53456.86836473 52.350
 36  17.532772  -0.745499   295.500   295.525 11 53491.86844871 52.275
 37  17.542816  -0.737537   295.927   295.913 12 53526.86843149 52.406
 38  17.533697  -0.746311   295.902   295.893 12 53561.86845868 52.045
 39  17.543267  -0.737736   295.700   295.726 12 53596.86839906 43.016
 40  17.535502  -0.744714   296.674   296.674 12 53631.86839285 50.703
 41  17.535831  -0.745114   296.612   296.618 11 53666.86841526 24.745
 42  17.542399  -0.737144   297.971   297.974 12 53701.86836468 52.418
 43  17.543399  -0.735679   296.939   296.940 12 53736.86827504 45.308
 44  17.544039  -0.734485   294.452   294.529 12 53771.86828259 38.355
 45  17.542950  -0.739614   295.204   295.223 12 53806.86827142 48.505
 47  17.541773  -0.739621   295.454   295.463 13 53876.86833990 49.441
 48  17.533498  -0.742559   295.209   295.133 11 53911.86839000 34.126
 49  17.530907  -0.743345   295.192   295.126 10 53946.86840666 42.984
 50  17.539036  -0.745395   296.205   296.215 12 53981.86834955 49.346
 51  17.541126  -0.739678   296.972   296.982 12 54016.86837541 52.517
 52  17.546039  -0.733219   297.736   297.733 13 54051.86837359 52.534
 53  17.540676  -0.740258   298.461   298.454 13 54086.86836409 52.109
 54  17.540343  -0.744141   297.201   297.244 12 54121.86828834 40.783
 55  17.539868  -0.745135   295.655   295.720 12 54156.86832431 39.910
 56  17.539687  -0.740064   295.666   295.672 13 54191.86828753 51.495
 57  17.539539  -0.743249   295.451   295.434 12 54226.86833614 18.581
 58  17.540060  -0.741314   296.089   296.127 12 54261.86835642 48.919
 59  17.540241  -0.739905   295.994   295.980 13 54296.86836093 52.634
 60  17.541424  -0.741005   296.587   296.601 12 54331.86835147 52.003
 61  17.539922  -0.741419   296.307   296.219 12 54366.86829369 21.588
 62  17.540894  -0.741064   297.470   297.583 13 54401.86829394 38.332
 63  17.539686  -0.742154   298.219   298.219 12 54436.86825080 26.438
 64  17.541904  -0.739487   298.047   298.047 12 54471.86827902 42.362
 65  17.540450  -0.742117   296.699   296.694 13 54506.86826287 52.298
 66  17.541291  -0.740698   295.722   295.718 13 54541.86829330 50.841
 67  17.540302  -0.742270   295.857   295.869 13 54576.86826504 46.934
 68  17.540594  -0.741542   295.765   295.772 13 54611.86828512 50.091
 69  17.540149  -0.744476   296.158   296.157 12 54646.86829129 49.801
 70  17.539821  -0.741924   295.770   295.757 12 54681.86829275 52.009
 71  17.540558  -0.739987   296.677   296.751 13 54716.86824197 44.410
 72  17.539987  -0.743265   297.133   297.163 12 54751.86826429 41.125
 73  17.540277  -0.742052   297.864   297.860 13 54786.86823073 52.833
 74  17.540878  -0.742455   297.996   297.992 12 54821.86825819 52.885
 75  17.540729  -0.741012   296.009   295.960 12 54856.86822759 18.874
 76  17.539113  -0.743921   296.288   296.290 13 54891.86826091 49.590
 77  17.538986  -0.743825   295.536   295.513 12 54926.86822500 50.317
 78  17.539232  -0.743450   295.231   295.367 12 54961.86826059 35.320
 79  17.537902  -0.743843   294.564   294.227 12 54996.86828155 26.692
 80  17.540042  -0.745100   295.982   295.985 12 55031.86827048 46.375
 81  17.540354  -0.739898   295.967   295.965 13 55066.86826106 50.984
 82  17.538793  -0.743416   295.552   295.428 12 55101.86820080 30.224
 83  17.540254  -0.741379   296.315   296.177 12 55136.86820631 39.368
 84  17.540503  -0.742109   298.150   298.147 13 55171.86816828 52.712
 85  17.539932  -0.741287   297.311   297.312 13 55206.86820069 52.004
 86  17.539582  -0.743245   295.577   295.320 12 55241.86817324 26.523
 87  17.540262  -0.744611   296.232   296.225 12 55276.86819344 50.680
 88  17.540184  -0.742025   296.783   296.786 13 55311.86815890 50.929
 89  17.540529  -0.740650   296.638   296.637 12 55346.86816463 45.410
 90  17.540280  -0.743193   296.094   296.095 11 55381.86815539 21.578
 91  17.540233  -0.740582   296.132   296.075 13 55416.86818362 18.152
 92  17.540733  -0.740978   296.469   296.468 12 55451.86816656 50.029
 93  17.540979  -0.740216   297.038   297.055 13 55486.86808924 46.957
