#  287.923  -0.842   4.142 ;Mean Elev.(m), Avg Gradient(m/km), RMS Gradient(m/km) - SRTM1     
#  273.838  -0.364   5.598 ;Mean Elev.(m), Avg Gradient(m/km), RMS Gradient(m/km) - ASTER GDEM
#  288.000  -0.958   4.012 ;Mean Elev.(m), Avg Gradient(m/km), RMS Gradient(m/km) - GMTED2010 
  7   290.718 52460.87021380 51.99  16.925791  -1.196064 42.397
  7   290.792 52460.87021445 51.25  16.925061  -1.192754 42.397
  7   290.809 52460.87021509 48.71  16.924341  -1.189454 42.397
  8   290.941 52495.87021206 49.95  16.925469  -1.196889 46.410
  8   290.943 52495.87021271 49.66  16.924739  -1.193579 46.410
  8   290.970 52495.87021335 50.08  16.924019  -1.190279 46.410
  9   291.114 52530.87019684 29.56  16.920730  -1.200618 33.292
  9   291.405 52530.87019749 37.82  16.920010  -1.197318 33.292
 10   292.507 52565.87021773 52.53  16.927891  -1.194920 47.057
 10   292.530 52565.87021837 50.90  16.927171  -1.191610 47.057
 10   292.549 52565.87021902 51.84  16.926438  -1.188307 50.803
 13   292.325 52670.87020363 51.92  16.920442  -1.199796 45.131
 13   292.344 52670.87020428 49.22  16.919722  -1.196496 45.131
 14   290.784 52705.87019858 51.67  16.923576  -1.196837 49.153
 14   290.831 52705.87019922 50.34  16.922846  -1.193527 49.153
 16   291.318 52775.87017770 52.45  16.924801  -1.195565 30.517
 16   291.290 52775.87017835 50.45  16.924071  -1.192265 30.517
 17   290.916 52810.87025264 51.00  16.919720  -1.202566 47.087
 17   290.970 52810.87025329 53.79  16.918990  -1.199256 47.087
 18   291.674 52845.87030896 53.59  16.920941  -1.198465 49.435
 18   291.627 52845.87030960 49.44  16.920221  -1.195165 49.435
 19   291.616 52880.87034571 51.07  16.919730  -1.200837 48.823
 19   291.641 52880.87034636 52.21  16.919000  -1.197527 48.823
 20   292.596 52915.87030394 53.47  16.924163  -1.195369 50.601
 20   292.537 52915.87030459 52.02  16.923433  -1.192069 50.601
 21   292.978 52950.87026420 45.34  16.925979  -1.194457 41.435
 21   292.987 52950.87026484 45.06  16.925249  -1.191147 41.435
 22   293.229 52985.87028493 51.07  16.927591  -1.194823 48.073
 22   293.200 52985.87028557 51.25  16.926861  -1.191513 48.073
 22   293.229 52985.87028622 51.14  16.926141  -1.188213 48.073
 23   292.398 53020.87027475 52.17  16.924385  -1.196758 45.154
 23   292.439 53020.87027539 51.15  16.923665  -1.193458 45.154
 24   291.425 53055.87026404 51.38  16.926353  -1.193487 47.698
 24   291.445 53055.87026468 51.76  16.925633  -1.190187 47.698
 25   290.365 53090.87029884 52.32  16.915860  -1.208240 33.414
 25   290.428 53090.87029949 50.65  16.915135  -1.204935 38.449
 26   290.758 53125.87027127 49.02  16.923828  -1.197735 25.624
 26   290.805 53125.87027192 49.15  16.923098  -1.194425 25.624
 27   290.379 53160.87033203 52.80  16.916819  -1.204918 47.342
 27   290.398 53160.87033267 50.91  16.916089  -1.201618 47.342
 28   290.649 53195.87033106 49.21  16.923275  -1.195036 48.823
 28   290.655 53195.87033170 52.23  16.922545  -1.191726 48.823
 29   290.641 53230.87031582 49.61  16.926545  -1.193899 47.340
 29   290.667 53230.87031646 50.06  16.925815  -1.190589 47.340
 30   291.337 53265.87028474 27.93  16.920738  -1.201562 25.385
 30   291.146 53265.87028538 21.18  16.920008  -1.198252 25.385
 32   293.282 53335.87030546 51.80  16.921164  -1.197343 48.651
 32   293.280 53335.87030611 50.12  16.920434  -1.194033 48.651
 33   292.335 53370.87024343 53.27  16.923281  -1.195826 49.219
 33   292.344 53370.87024408 50.88  16.922551  -1.192516 49.219
 34   290.646 53405.87027773 51.51  16.923468  -1.198547 46.468
 34   290.652 53405.87027838 49.66  16.922738  -1.195237 46.468
 35   289.997 53440.87026459 51.14  16.921817  -1.196900 43.619
 35   289.978 53440.87026524 51.15  16.921087  -1.193590 43.619
 37   290.907 53510.87034533 52.80  16.921254  -1.198200 45.832
 37   290.738 53510.87034597 49.06  16.920524  -1.194890 45.832
 38   291.064 53545.87036118 47.76  16.918359  -1.204673 46.589
 38   291.044 53545.87036182 52.82  16.917639  -1.201373 46.589
 39   290.597 53580.87033607 51.09  16.921524  -1.199963 43.325
 39   290.623 53580.87033671 49.16  16.920804  -1.196663 43.325
 41   292.038 53650.87030376 52.31  16.923141  -1.198651 53.245
 41   292.057 53650.87030440 52.84  16.922411  -1.195341 53.245
 43   292.711 53720.87023814 50.70  16.924253  -1.196284 46.738
 43   292.734 53720.87023879 52.16  16.923523  -1.192974 46.738
 44   291.224 53755.87016539 48.40  16.929060  -1.196005 37.599
 44   291.236 53755.87016604 40.39  16.928330  -1.192705 37.599
 44   291.273 53755.87016668 42.65  16.927600  -1.189395 37.599
 44   291.272 53755.87016733 42.32  16.926880  -1.186095 37.599
 45   290.503 53790.87019365 50.52  16.925220  -1.194550 44.517
 45   290.514 53790.87019429 50.37  16.924490  -1.191250 44.517
 46   290.543 53825.87015292 46.19  16.926296  -1.194258 22.151
 46   290.398 53825.87015356 35.95  16.925566  -1.190948 22.151
 48   291.285 53895.87026333 52.04  16.923314  -1.197687 52.580
 48   291.297 53895.87026397 52.13  16.922594  -1.194387 52.580
 50   290.902 53965.87029111 49.76  16.916724  -1.205118 28.526
 50   290.886 53965.87029175 51.80  16.915994  -1.201808 28.526
 51   291.423 54000.87025167 46.68  16.924454  -1.197198 40.869
 51   291.244 54000.87025232 39.11  16.923724  -1.193898 40.869
 52   292.227 54035.87029390 52.12  16.923827  -1.195145 55.625
 52   292.232 54035.87029455 52.84  16.923097  -1.191845 55.625
 53   293.500 54070.87028728 51.28  16.923250  -1.197401 49.445
 53   293.518 54070.87028793 50.03  16.922530  -1.194091 49.445
 54   293.098 54105.87024003 50.45  16.920849  -1.198126 42.006
 54   293.123 54105.87024068 50.04  16.920127  -1.194821 48.919
 56   290.845 54175.87022099 51.38  16.920908  -1.197454 46.587
 56   290.797 54175.87022163 49.21  16.920188  -1.194144 46.587
 57   290.535 54210.87022655 51.22  16.920801  -1.199469 45.535
 57   290.575 54210.87022720 50.33  16.920081  -1.196159 45.535
 58   291.180 54245.87025721 52.90  16.921682  -1.199239 50.703
 58   291.249 54245.87025785 51.84  16.920952  -1.195939 50.703
 59   291.321 54280.87026827 53.84  16.921839  -1.198146 47.680
 59   291.348 54280.87026891 51.54  16.921109  -1.194846 47.680
 60   291.077 54315.87026733 51.98  16.922950  -1.195440 46.748
 60   290.918 54315.87026797 49.10  16.922220  -1.192140 46.748
 61   291.757 54350.87023488 54.42  16.921831  -1.196796 47.397
 61   291.791 54350.87023552 50.80  16.921111  -1.193486 47.397
 62   292.692 54385.87020592 49.55  16.922729  -1.196938 47.550
 62   292.719 54385.87020657 51.11  16.921999  -1.193638 47.550
 63   293.370 54420.87018393 51.24  16.921580  -1.199250 46.536
 63   293.389 54420.87018457 49.67  16.920860  -1.195940 46.536
 64   293.449 54455.87017810 51.05  16.922805  -1.197799 49.371
 64   293.475 54455.87017875 50.83  16.922075  -1.194499 49.371
 65   292.338 54490.87018519 51.50  16.922856  -1.198040 49.801
 65   292.358 54490.87018583 52.85  16.922126  -1.194730 49.801
 66   291.080 54525.87019111 48.49  16.923387  -1.196171 44.824
 66   291.143 54525.87019175 52.11  16.922657  -1.192871 44.824
 67   290.792 54560.87019397 48.10  16.921363  -1.197679 41.869
 67   290.824 54560.87019462 51.58  16.920643  -1.194369 41.869
 68   291.108 54595.87018735 51.24  16.921341  -1.197757 46.337
 68   291.065 54595.87018799 48.95  16.920611  -1.194457 46.337
 69   291.123 54630.87020043 50.51  16.921359  -1.200683 52.206
 69   291.144 54630.87020107 53.87  16.920629  -1.197373 52.206
 70   290.614 54665.87020692 51.69  16.920259  -1.199188 45.118
 70   290.660 54665.87020756 50.83  16.919529  -1.195878 45.118
 71   291.429 54700.87017659 44.54  16.923071  -1.197299 33.333
 71   291.463 54700.87017723 41.05  16.922351  -1.193989 33.333
 72   291.937 54735.87016686 53.19  16.921745  -1.197985 46.120
 72   291.976 54735.87016750 51.82  16.921015  -1.194685 46.120
 73   292.324 54770.87015655 27.10  16.922885  -1.197482 30.235
 73   292.685 54770.87015719 39.83  16.922165  -1.194172 30.235
 74   293.066 54805.87015974 51.92  16.921052  -1.199417 35.033
 74   293.109 54805.87016039 50.69  16.920322  -1.196107 35.033
 75   292.209 54840.87015213 22.46  16.922560  -1.199005 12.299
 75   292.082 54840.87015278 18.85  16.921830  -1.195695 12.299
 76   290.944 54875.87016125 24.19  16.920933  -1.198460  7.829
 76   291.081 54875.87016190 21.64  16.920203  -1.195160  7.829
 77   290.901 54910.87015685 49.47  16.920747  -1.200329 40.671
 77   290.938 54910.87015749 50.93  16.920017  -1.197029 40.671
 78   290.868 54945.87015368 51.53  16.920668  -1.200792 44.014
 78   290.909 54945.87015432 50.66  16.919938  -1.197482 44.014
 79   291.158 54980.87018068 31.81  16.920423  -1.198344 37.151
 79   291.435 54980.87018132 45.39  16.919693  -1.195044 37.151
 80   291.074 55015.87018185 52.46  16.921832  -1.198797 49.745
 80   291.114 55015.87018250 53.08  16.921112  -1.195487 49.745
 81   290.818 55050.87017636 48.37  16.922866  -1.198870 47.309
 81   290.865 55050.87017701 50.76  16.922146  -1.195560 47.309
 82   291.625 55085.87014213 52.04  16.921666  -1.199852 45.123
 82   291.565 55085.87014278 51.94  16.920936  -1.196542 45.123
 83   291.913 55120.87010998 23.11  16.923241  -1.197520 26.878
 83   291.700 55120.87011062 22.56  16.922511  -1.194220 26.878
 84   293.138 55155.87010181 51.74  16.920775  -1.197905 37.206
 84   293.176 55155.87010246 51.20  16.920045  -1.194595 37.206
 85   292.889 55190.87009967 52.83  16.921017  -1.197480 48.454
 85   292.918 55190.87010032 49.87  16.920287  -1.194180 48.454
 86   291.922 55225.87010206 50.56  16.921549  -1.200017 45.866
 86   291.901 55225.87010270 50.35  16.920819  -1.196707 45.866
 87   291.096 55260.87009467 52.52  16.922725  -1.198201 44.040
 87   291.116 55260.87009531 51.97  16.921995  -1.194891 44.040
 88   291.470 55295.87008781 52.58  16.921813  -1.198264 42.559
 88   291.420 55295.87008845 50.81  16.921083  -1.194954 42.559
 89   291.692 55330.87007626 50.21  16.920091  -1.199919 41.444
 89   291.680 55330.87007690 49.28  16.919371  -1.196609 41.444
 91   291.195 55400.87008194 51.27  16.921571  -1.197254 42.199
 91   291.107 55400.87008258 51.64  16.920841  -1.193954 42.199
 92   291.393 55435.87008656 51.25  16.923587  -1.198410 46.067
 92   291.414 55435.87008721 52.68  16.922867  -1.195100 46.067
 93   292.080 55470.87003906 51.34  16.922224  -1.197133 46.749
 93   292.063 55470.87003970 52.59  16.921504  -1.193823 46.749
