#   40.753 -10.805  23.807 ;Mean Elev.(m), Avg Gradient(m/km), RMS Gradient(m/km) - SRTM1     
#   72.440  -9.408  22.096 ;Mean Elev.(m), Avg Gradient(m/km), RMS Gradient(m/km) - ASTER GDEM
#   42.583  -9.799  24.081 ;Mean Elev.(m), Avg Gradient(m/km), RMS Gradient(m/km) - GMTED2010 
  7  13.590782  -5.660121    38.315    38.455  3 52469.88134258 34.673
 16  13.591049  -5.655133    40.125    40.125  5 52784.88129874 37.621
 24  13.595166  -5.645926    40.854    40.854  2 53064.88138215 35.075
 26  13.596386  -5.643855    40.065    40.065  2 53134.88138266 35.577
 28  13.590631  -5.655099    37.595    37.558  4 53204.88145032 36.982
 31  13.589880  -5.662072    43.093    43.131  4 53309.88143189 31.687
 36  13.588081  -5.669149   164.188   167.544  4 53484.88145195  1.066
 37  13.592459  -5.648811    39.051    39.057  3 53519.88145239 38.939
 39  13.596060  -5.645282    37.344    37.344  2 53589.88141963 35.730
 46  13.592858  -5.649129    40.849    40.914  3 53834.88129468 32.740
 47  13.591164  -5.653710    39.456    39.513  4 53869.88135484 36.377
 48  13.590416  -5.656207    38.851    38.834  4 53904.88138923 38.618
 49  13.591145  -5.695485   165.181   165.181  2 53939.88141493  1.407
 50  13.590313  -5.660010    38.494    38.574  5 53974.88138014 35.480
 58  13.591142  -5.651792    39.387    39.440  4 54254.88137016 37.680
 59  13.592098  -5.645038    40.469    40.469  2 54289.88137391 31.999
 63  13.592739  -5.648943    46.649    46.675  3 54429.88127440 34.500
 64  13.592851  -5.647689    46.823    46.827  3 54464.88129034 33.831
 68  13.591332  -5.650614    40.524    40.544  3 54604.88129914 35.850
 76  13.591435  -5.653159    41.726    41.722  5 54884.88127450 36.001
 78  13.591127  -5.652205    40.397    40.452  4 54954.88127026 36.927
 79  13.590531  -5.657813    40.373    40.339  5 54989.88129299 37.347
 80  13.592260  -5.648069    41.955    41.724  3 55024.88128577 30.052
 82  13.591186  -5.652302    39.530    39.570  4 55094.88123182 36.852
 86  13.591441  -5.652443    42.808    42.869  4 55234.88119864 35.739
 87  13.591406  -5.647999    41.223    41.275  3 55269.88120775 35.832
 89  13.591698  -5.649443    41.910    41.879  3 55339.88118018 35.710
 90  13.592415  -5.650292   147.081   147.081  2 55374.88117144  1.076
 91  13.592936  -5.649192    38.546    38.546  3 55409.88119359 36.648
 92  13.591906  -5.648862    38.620    38.626  3 55444.88118877 37.709
