#  325.975  -1.147   3.960 ;Mean Elev.(m), Avg Gradient(m/km), RMS Gradient(m/km) - SRTM1     
#  324.727  -1.212   4.629 ;Mean Elev.(m), Avg Gradient(m/km), RMS Gradient(m/km) - ASTER GDEM
#  327.370  -1.458   4.010 ;Mean Elev.(m), Avg Gradient(m/km), RMS Gradient(m/km) - GMTED2010 
  7  20.522477   2.000567   330.415   330.421  5 52451.85889167 50.761
  8  20.530329   2.001855   330.220   330.221  4 52486.85887381 51.139
  9  20.529427   2.001135   330.321   330.335  5 52521.85884303 38.791
 11  20.525775   1.999725   331.387   331.376  5 52591.85888760 51.101
 12  20.539592   1.998052   332.253   332.241  3 52626.85880324 51.944
 13  20.529220   1.999751   331.096   331.088  5 52661.85885118 43.246
 14  20.532672   2.001198   330.411   330.412  5 52696.85882913 45.756
 15  20.537666   1.997773   330.771   330.753  3 52731.85885289 49.910
 16  20.525188   2.000631   331.384   331.374  5 52766.85886285 50.814
 17  20.530748   2.001661   330.431   330.430  5 52801.85886885 51.857
 18  20.532280   2.001535   330.916   330.889  4 52836.85893456 52.538
 19  20.532403   2.001507   330.568   330.554  5 52871.85897493 51.543
 20  20.532361   2.000847   331.418   331.417  5 52906.85896713 52.745
 21  20.534203   2.001193   331.290   331.292  4 52941.85889693 51.961
 23  20.526859   1.999573   331.007   330.953  5 53011.85895043 38.335
 24  20.528771   1.999676   330.887   330.841  5 53046.85891695 48.860
 25  20.523731   2.001011   330.574   330.624  3 53081.85895162 52.179
 26  20.525067   2.001440   330.637   330.610  3 53116.85892215 51.329
 27  20.524593   2.000745   330.263   330.264  3 53151.85897104 52.815
 28  20.538294   1.998738   330.032   330.041  3 53186.85895689 51.199
 29  20.531142   2.002013   329.667   329.696  4 53221.85898177 50.938
 30  20.525723   2.000797   329.472   329.548  3 53256.85895783 31.988
 31  20.521846   2.002296   330.142   330.122  3 53291.85897416 37.399
 32  20.533028   2.001405   331.227   331.224  4 53326.85894790 53.514
 33  20.534458   2.000786   331.732   331.730  4 53361.85890410 51.183
 35  20.533193   2.000000   323.091   327.890  4 53431.85891632  3.133
 36  20.529845   2.000543   330.973   330.969  5 53466.85895000 52.174
 37  20.524031   2.000058   330.216   330.226  4 53501.85900483 42.415
 38  20.530093   2.001532   330.193   330.163  5 53536.85899683 52.507
 39  20.524988   2.000772   329.741   329.750  5 53571.85900215 51.184
 40  20.529906   2.001475   330.231   330.201  5 53606.85895058 14.182
 41  20.527922   1.999948   330.217   330.204  5 53641.85895086 52.134
 42  20.524992   2.000126   331.154   331.155  5 53676.85896992 50.713
 43  20.534070   2.001028   331.304   331.294  4 53711.85889905 52.621
 44  20.533467   2.001349   330.421   330.453  4 53746.85881068 52.700
 45  20.534257   2.001072   330.130   330.126  4 53781.85884171 50.840
 46  20.533370   2.001478   329.964   329.986  4 53816.85880827 25.263
 47  20.525846   2.000338   330.698   330.709  4 53851.85887948 42.763
 48  20.539736   1.996715   331.203   331.210  3 53886.85888449 51.298
 49  20.520401   2.001267   329.443   329.461  4 53921.85895773 49.797
 50  20.521494   2.002596   329.797   329.807  3 53956.85895353 51.876
 51  20.533468   2.000347   330.087   330.064  4 53991.85887434 52.844
 52  20.530649   2.003110   330.317   330.295  5 54026.85893949 34.079
 53  20.535657   2.000002   332.016   332.022  4 54061.85893181 51.163
 55  20.530402   2.002218   331.249   331.249  4 54131.85885442 51.817
 56  20.529049   1.999934   330.983   330.992  4 54166.85887658 47.255
 57  20.529307   2.003173   330.588   330.583  4 54201.85885754 51.387
 58  20.531032   2.001831   331.212   331.217  4 54236.85889359 50.830
 59  20.530451   2.003020   330.925   330.903  5 54271.85891404 51.408
 60  20.530317   2.003045   330.202   330.223  5 54306.85891604 51.687
 61  20.531367   2.001994   330.742   330.763  4 54341.85889634 51.901
 62  20.529794   2.003357   330.715   330.717  5 54376.85885099 50.989
 63  20.529702   2.002462   331.585   331.581  4 54411.85884332 52.264
 64  20.530165   2.001735   331.903   331.906  5 54446.85881535 51.630
 66  20.530939   2.002795   330.932   330.944  5 54516.85882947 49.963
 67  20.530159   2.000964   330.612   330.505  5 54551.85884789 31.574
 68  20.530383   2.001646   330.834   330.828  5 54586.85882548 50.675
 69  20.529748   2.001970   330.588   330.589  4 54621.85884415 51.069
 70  20.528953   1.999634   329.781   329.771  5 54656.85885318 50.765
 71  20.530006   2.001760   329.680   330.066  5 54691.85883745 22.565
 72  20.531041   2.000929   330.340   330.345  5 54726.85880585 51.477
 73  20.529409   2.001263   331.011   331.017  5 54761.85881416 50.514
 74  20.529113   2.002481   332.321   332.323  4 54796.85879868 52.150
 75  20.530081   2.000118   331.051   331.041  5 54831.85881505 50.671
 76  20.530962   2.000707   330.993   330.994  5 54866.85879430 50.864
 77  20.528568   2.000509   330.831   330.829  4 54901.85881335 51.235
 78  20.530832   2.001856   330.846   330.850  4 54936.85878402 51.428
 79  20.530428   2.000713   331.251   331.256  5 54971.85881756 51.312
 80  20.528600   1.999689   330.225   330.216  5 55006.85883519 51.381
 81  20.530697   2.002080   329.870   329.863  4 55041.85882399 51.884
 82  20.530179   2.000759   330.171   330.157  5 55076.85880427 50.875
 83  20.529997   2.003245   330.761   330.762  5 55111.85875682 49.748
 84  20.528742   2.001287   331.269   331.266  5 55146.85875782 51.772
 85  20.530246   2.001144   331.696   331.695  5 55181.85873545 52.357
 86  20.530188   2.000549   331.627   331.631  5 55216.85875251 51.055
 87  20.531913   2.001246   330.896   330.940  4 55251.85873153 41.110
 88  20.528989   2.001614   331.553   331.518  5 55286.85874611 52.961
 89  20.528246   2.001629   331.454   331.444  4 55321.85872180 51.925
 90  20.528970   2.002596   330.959   330.959  4 55356.85872143 51.758
 91  20.529263   2.002316   330.377   330.378  4 55391.85872272 52.466
 92  20.530648   2.001984   330.459   330.462  4 55426.85873775 51.917
 93  20.531570   2.002488   330.883   330.902  5 55461.85870395 48.974
