#  379.219  -3.531   8.890 ;Mean Elev.(m), Avg Gradient(m/km), RMS Gradient(m/km) - SRTM1     
#  381.407  -3.492   9.035 ;Mean Elev.(m), Avg Gradient(m/km), RMS Gradient(m/km) - ASTER GDEM
#  379.147  -3.499   9.114 ;Mean Elev.(m), Avg Gradient(m/km), RMS Gradient(m/km) - GMTED2010 
  7   374.952 52444.34835437  9.11  24.708317   0.621142 13.030
  7   374.904 52444.34835502 14.50  24.707587   0.617842 13.030
  7   376.088 52444.34835566 19.67  24.706857   0.614532 13.030
  7   377.223 52444.34835630 25.08  24.706137   0.611222 13.030
  8   371.250 52479.34834833 35.08  24.712916   0.617306 13.429
  8   372.097 52479.34834897 41.69  24.712186   0.614006 13.429
  8   372.170 52479.34834962 43.97  24.711466   0.610696 13.429
  8   371.233 52479.34835026 43.47  24.710736   0.607396 13.429
  8   371.309 52479.34835091 43.59  24.710006   0.604086 13.429
  9   368.576 52514.34829637 25.18  24.722321   0.606655  8.544
  9   368.428 52514.34829702 19.30  24.721591   0.603355  8.544
  9   368.491 52514.34829766 18.43  24.720861   0.600045  8.544
  9   368.605 52514.34829831 18.99  24.720141   0.596745  8.544
 10   372.342 52549.34833972 49.94  24.713853   0.615106 16.710
 10   372.327 52549.34834037 48.57  24.713133   0.611806 16.710
 10   371.629 52549.34834101 50.35  24.712403   0.608496 16.710
 10   371.708 52549.34834166 49.45  24.711673   0.605196 16.710
 11   373.724 52584.34832867 50.21  24.721226   0.607666 15.244
 11   373.451 52584.34832931 49.06  24.720496   0.604356 15.244
 11   372.893 52584.34832995 49.11  24.719776   0.601056 15.244
 11   372.696 52584.34833060 50.48  24.719046   0.597746 15.244
 12   374.161 52619.34830549 51.59  24.714027   0.614183 16.062
 12   374.216 52619.34830613 47.08  24.713297   0.610873 16.062
 12   373.930 52619.34830678 47.69  24.712567   0.607573 16.062
 12   374.002 52619.34830742 46.55  24.711847   0.604263 16.062
 13   374.903 52654.34829028 49.07  24.723171   0.607206 17.107
 13   373.707 52654.34829092 51.11  24.722441   0.603906 17.107
 13   373.658 52654.34829157 49.95  24.721711   0.600596 17.107
 13   373.747 52654.34829221 50.77  24.720991   0.597286 17.107
 14   372.298 52689.34828488 47.83  24.717322   0.613609 11.555
 14   373.352 52689.34828553 50.62  24.716602   0.610309 11.555
 14   372.228 52689.34828617 48.53  24.715872   0.606999 11.555
 14   372.204 52689.34828682 49.66  24.715142   0.603699 11.555
 14   372.354 52689.34828746 47.67  24.714422   0.600387  7.014
 15   373.135 52724.34833023 52.04  24.717232   0.611587 10.777
 15   373.085 52724.34833088 52.92  24.716502   0.608277 10.777
 15   373.046 52724.34833152 48.29  24.715782   0.604967 10.777
 15   373.065 52724.34833217 48.74  24.715052   0.601667 10.777
 16   374.101 52759.34834806 52.71  24.706959   0.620201 16.941
 16   373.699 52759.34834871 50.27  24.706229   0.616901 16.941
 16   373.617 52759.34834935 48.83  24.705499   0.613591 16.941
 16   373.389 52759.34835000 49.12  24.704779   0.610291 16.941
 17   371.770 52794.34830428 50.02  24.720435   0.609725 17.089
 17   372.705 52794.34830492 46.43  24.719705   0.606425 17.089
 17   371.755 52794.34830557 50.92  24.718985   0.603115 17.089
 17   371.686 52794.34830621 49.93  24.718255   0.599815 17.089
 17   372.392 52794.34830686 38.49  24.717525   0.596505 17.089
 18   372.594 52829.34837248 42.67  24.721073   0.604469 13.346
 18   372.771 52829.34837312 38.96  24.720353   0.601159 13.346
 18   372.636 52829.34837377 40.70  24.719623   0.597859 13.346
 19   371.930 52864.34841660 48.82  24.723405   0.606669 16.374
 19   372.408 52864.34841724 47.62  24.722675   0.603369 16.374
 19   371.722 52864.34841789 50.34  24.721955   0.600059 16.374
 19   371.855 52864.34841853 50.33  24.721225   0.596759 16.374
 20   372.318 52899.34844472 29.46  24.715492   0.613540  7.434
 20   372.320 52899.34844536 28.00  24.714762   0.610230  7.434
 20   372.395 52899.34844601 28.28  24.714032   0.606930  7.434
 20   372.506 52899.34844665 28.77  24.713312   0.603620  7.434
 21   372.212 52934.34838823 47.59  24.714969   0.616137 15.989
 21   372.537 52934.34838888 49.75  24.714239   0.612837 15.989
 21   372.307 52934.34838952 49.26  24.713509   0.609527 15.989
 21   372.054 52934.34839017 47.59  24.712789   0.606227 15.989
 21   372.217 52934.34839081 48.28  24.712059   0.602917 15.989
 22   372.653 52969.34840324 40.72  24.717311   0.613718 11.962
 22   373.183 52969.34840389 41.28  24.716581   0.610408 11.962
 22   372.705 52969.34840453 42.66  24.715861   0.607098 11.962
 22   372.488 52969.34840518 44.66  24.715131   0.603798 11.962
 22   372.844 52969.34840582 43.65  24.714401   0.600488 11.962
 23   373.318 53004.34842149 42.37  24.711643   0.618695 13.557
 23   373.646 53004.34842213 43.84  24.710923   0.615395 13.557
 23   373.137 53004.34842278 45.44  24.710193   0.612085 13.557
 23   373.157 53004.34842342 45.53  24.709463   0.608785 13.557
 23   373.255 53004.34842407 45.92  24.708743   0.605475 13.557
 24   373.475 53039.34837089 49.99  24.714274   0.617033 15.597
 24   374.260 53039.34837153 52.08  24.713554   0.613733 15.597
 24   373.450 53039.34837218 50.79  24.712824   0.610423 15.597
 24   373.457 53039.34837282 47.95  24.712094   0.607123 15.597
 24   373.735 53039.34837347 46.89  24.711374   0.603813 15.597
 25   372.328 53074.34840197 42.93  24.714360   0.614496 14.553
 25   372.252 53074.34840262 43.67  24.713630   0.611186 14.553
 25   372.328 53074.34840326 44.60  24.712910   0.607886 14.553
 25   372.253 53074.34840391 46.98  24.712180   0.604576 14.553
 26   373.623 53109.34837164 47.74  24.711211   0.614076 14.688
 26   372.606 53109.34837228 47.21  24.710481   0.610766 14.688
 26   372.602 53109.34837293 47.39  24.709751   0.607466 14.688
 27   371.723 53144.34841218 37.70  24.715683   0.614976 13.706
 27   372.264 53144.34841283 36.41  24.714953   0.611676 13.706
 27   371.854 53144.34841347 39.63  24.714233   0.608366 13.706
 27   371.868 53144.34841412 42.15  24.713503   0.605056 13.706
 27   372.042 53144.34841476 43.72  24.712773   0.601756 13.706
 28   370.762 53179.34842872 21.44  24.719365   0.610470  7.632
 28   370.608 53179.34842936 18.10  24.718635   0.607160  7.632
 28   370.316 53179.34843001 15.50  24.717905   0.603860  7.632
 28   370.463 53179.34843065 14.85  24.717185   0.600550  7.632
 28   370.728 53179.34843130 12.26  24.716455   0.597250  7.632
 29   370.381 53214.34844957 27.80  24.715416   0.615031  8.250
 29   369.918 53214.34845021 25.06  24.714686   0.611721  8.250
 29   369.755 53214.34845085 25.87  24.713966   0.608421  8.250
 29   369.506 53214.34845150 24.72  24.713236   0.605111  8.250
 29   369.481 53214.34845214 22.93  24.712506   0.601811  8.250
 30   371.918 53249.34841983 43.86  24.716753   0.611043 17.979
 30   370.732 53249.34842048 44.13  24.716023   0.607743 17.979
 30   370.820 53249.34842112 44.22  24.715303   0.604433 17.979
 30   370.733 53249.34842177 47.80  24.714573   0.601133 17.979
 31   371.732 53284.34841395 43.91  24.713357   0.617384 12.589
 31   372.424 53284.34841460 38.84  24.712627   0.614074 12.589
 31   372.392 53284.34841524 34.37  24.711897   0.610774 12.589
 31   371.668 53284.34841589 36.07  24.711177   0.607464 12.589
 31   371.616 53284.34841653 42.24  24.710447   0.604164 12.589
 32   373.057 53319.34840582 51.76  24.721479   0.607027 14.683
 32   373.250 53319.34840647 47.50  24.720749   0.603727 14.683
 32   372.663 53319.34840711 48.29  24.720029   0.600417 14.683
 32   372.778 53319.34840776 45.55  24.719299   0.597117 14.683
 33   373.776 53354.34837289 51.42  24.721423   0.607686 16.885
 33   373.818 53354.34837353 50.42  24.720693   0.604386 16.885
 33   373.884 53354.34837418 47.59  24.719973   0.601076 16.885
 33   373.890 53354.34837482 51.31  24.719243   0.597766 16.885
 34   372.106 53389.34837504 31.68  24.715827   0.611718 13.338
 34   372.184 53389.34837568 33.92  24.715097   0.608418 13.338
 34   372.312 53389.34837633 40.03  24.714377   0.605108 13.338
 34   372.425 53389.34837697 45.39  24.713647   0.601808 13.338
 35   371.780 53424.34837455 20.44  24.721666   0.607259  4.883
 35   371.675 53424.34837519 23.08  24.720946   0.603949  4.883
 35   371.465 53424.34837584 22.36  24.720216   0.600649  4.883
 35   372.003 53424.34837648 21.54  24.719496   0.597339  4.883
 36   374.849 53459.34837948 50.48  24.721400   0.607119 15.751
 36   373.334 53459.34838013 48.80  24.720680   0.603809 15.751
 36   373.980 53459.34838077 45.89  24.719950   0.600499 15.751
 36   373.993 53459.34838141 46.12  24.719220   0.597199 15.751
 37   373.213 53494.34846316 46.62  24.710194   0.615604 12.577
 37   372.037 53494.34846380 44.09  24.709464   0.612294 12.577
 37   372.083 53494.34846445 43.00  24.708734   0.608994 12.577
 38   371.954 53529.34844009 51.00  24.721947   0.607964 17.541
 38   372.008 53529.34844073 51.79  24.721217   0.604664 17.541
 38   371.994 53529.34844138 51.89  24.720497   0.601354 17.541
 38   371.806 53529.34844202 50.49  24.719767   0.598044 17.541
 39   371.007 53564.34846920 51.56  24.711893   0.618580 17.751
 39   371.141 53564.34846985 50.83  24.711173   0.615280 17.751
 39   370.955 53564.34847049 49.75  24.710443   0.611970 17.751
 39   370.861 53564.34847114 48.56  24.709713   0.608670 17.751
 39   370.994 53564.34847178 48.55  24.708993   0.605360 17.751
 40   370.863 53599.34841191 47.71  24.719625   0.610624 15.902
 40   371.843 53599.34841255 50.52  24.718895   0.607324 15.902
 40   370.995 53599.34841320 48.50  24.718175   0.604014 15.902
 40   370.757 53599.34841384 47.71  24.717445   0.600704 15.902
 40   371.340 53599.34841449 42.72  24.716725   0.597404 15.902
 41   371.700 53634.34840747 26.57  24.713768   0.615536  9.357
 41   371.367 53634.34840812 24.90  24.713038   0.612226  9.357
 41   371.292 53634.34840876 25.64  24.712308   0.608926  9.357
 41   371.377 53634.34840941 26.68  24.711588   0.605616  9.357
 42   371.608 53669.34842936 27.29  24.712437   0.615532  7.734
 42   371.492 53669.34843000 27.85  24.711707   0.612222  7.734
 42   371.674 53669.34843065 27.29  24.710977   0.608922  7.734
 42   372.014 53669.34843129 33.42  24.710257   0.605612  7.734
 43   372.998 53704.34836953 44.64  24.721668   0.606926 16.016
 43   372.981 53704.34837017 44.75  24.720938   0.603626 16.016
 43   373.003 53704.34837082 48.62  24.720218   0.600316 16.016
 43   373.283 53704.34837146 44.79  24.719488   0.597016 16.016
 44   371.978 53739.34827859 21.14  24.721613   0.608828 10.908
 44   371.821 53739.34827923 22.31  24.720893   0.605528 10.908
 44   371.974 53739.34827988 30.18  24.720163   0.602218 10.908
 44   371.962 53739.34828052 44.00  24.719433   0.598908 10.908
 44   372.197 53739.34828117 39.67  24.718713   0.595608 10.908
 45   372.678 53774.34829805 44.12  24.721259   0.604926 15.224
 45   371.501 53774.34829870 44.53  24.720529   0.601626 15.224
 45   371.529 53774.34829934 41.60  24.719809   0.598316 15.224
 46   372.904 53809.34828107 34.96  24.719871   0.610384 14.886
 46   372.473 53809.34828172 35.69  24.719151   0.607084 14.886
 46   372.530 53809.34828236 42.09  24.718421   0.603774 14.886
 46   372.999 53809.34828301 40.66  24.717701   0.600474 14.886
 46   372.862 53809.34828365 37.24  24.716971   0.597164 14.886
 48   373.177 53879.34835222 48.92  24.719541   0.606607 16.041
 48   373.243 53879.34835286 46.58  24.718821   0.603297 16.041
 48   373.200 53879.34835351 45.74  24.718091   0.599997 16.041
 48   373.223 53879.34835415 39.05  24.717371   0.596687 16.041
 49   371.186 53914.34840582 49.61  24.711215   0.616926 17.722
 49   371.126 53914.34840647 48.73  24.710485   0.613616 17.722
 49   371.030 53914.34840711 50.01  24.709765   0.610316 17.722
 49   370.880 53914.34840776 49.27  24.709035   0.607006 17.722
 50   370.628 53949.34841644 47.93  24.709971   0.620851 17.540
 50   371.310 53949.34841708 51.46  24.709241   0.617551 17.540
 50   370.511 53949.34841772 51.07  24.708511   0.614241 17.540
 50   370.472 53949.34841837 48.06  24.707791   0.610941 17.540
 50   370.548 53949.34841901 51.65  24.707061   0.607631 17.540
 51   371.120 53984.34835654 48.51  24.716986   0.614170 17.707
 51   371.714 53984.34835718 51.09  24.716256   0.610860 17.707
 51   371.349 53984.34835782 50.49  24.715536   0.607560 17.707
 51   371.175 53984.34835847 52.05  24.714806   0.604250 17.707
 51   371.118 53984.34835911 47.62  24.714086   0.600950 17.707
 52   370.732 54019.34839142 25.11  24.718034   0.609550  9.706
 52   370.787 54019.34839206 19.68  24.717304   0.606240  9.706
 52   371.013 54019.34839271 17.71  24.716574   0.602940  9.706
 52   371.160 54019.34839335 27.48  24.715854   0.599630  9.706
 53   374.265 54054.34838313 49.85  24.724861   0.605504 17.543
 53   374.430 54054.34838378 49.76  24.724131   0.602204 17.543
 53   373.572 54054.34838442 49.26  24.723411   0.598894 17.543
 53   373.592 54054.34838507 53.56  24.722681   0.595584 17.543
 54   375.117 54089.34837289 47.92  24.718250   0.610267 14.803
 54   375.177 54089.34837354 48.11  24.717530   0.606967 14.803
 54   375.140 54089.34837418 45.75  24.716800   0.603657 14.803
 54   375.188 54089.34837483 43.16  24.716070   0.600357 14.803
 55   373.885 54124.34829632 46.19  24.718573   0.611676 16.750
 55   373.862 54124.34829697 50.91  24.717843   0.608376 16.750
 55   373.738 54124.34829761 52.80  24.717113   0.605066 16.750
 55   373.784 54124.34829826 52.21  24.716393   0.601766 16.750
 55   374.227 54124.34829890 43.54  24.715663   0.598456 16.750
 56   373.408 54159.34833808 33.25  24.716663   0.613454  9.537
 56   373.355 54159.34833873 32.54  24.715943   0.610144  9.537
 56   373.182 54159.34833937 31.26  24.715213   0.606844  9.537
 56   373.384 54159.34834002 30.60  24.714493   0.603534  9.537
 56   373.516 54159.34834066 38.34  24.713763   0.600224  9.537
 57   374.200 54194.34829937 46.49  24.717394   0.610227 11.918
 57   373.073 54194.34830001 47.89  24.716674   0.606927 11.918
 57   373.135 54194.34830066 45.67  24.715944   0.603617 11.918
 57   373.004 54194.34830130 40.31  24.715214   0.600317 11.918
 58   374.459 54229.34835006 51.35  24.717197   0.611215 15.729
 58   374.072 54229.34835070 52.31  24.716467   0.607905 15.729
 58   373.737 54229.34835135 50.25  24.715747   0.604605 15.729
 58   373.767 54229.34835199 47.95  24.715017   0.601295 15.729
 59   373.626 54264.34836868 29.48  24.717588   0.610222 10.626
 59   372.986 54264.34836933 27.84  24.716858   0.606922 10.626
 59   372.701 54264.34836997 27.70  24.716138   0.603612 10.626
 59   372.947 54264.34837062 26.20  24.715408   0.600302 10.626
 60   372.250 54299.34837219 48.25  24.718868   0.611906 16.858
 60   371.326 54299.34837284 50.63  24.718138   0.608596 16.858
 60   371.332 54299.34837348 49.08  24.717408   0.605296 16.858
 60   371.277 54299.34837413 50.45  24.716688   0.601986 16.858
 60   371.422 54299.34837477 47.31  24.715958   0.598686 16.858
 61   371.723 54334.34836347 51.11  24.717183   0.606235 14.910
 61   371.642 54334.34836411 46.75  24.716453   0.602925 14.910
 61   371.756 54334.34836475 34.24  24.715723   0.599625 14.910
 63   373.649 54404.34830638 49.75  24.717496   0.612788 16.163
 63   373.189 54404.34830702 52.70  24.716776   0.609478 16.163
 63   373.340 54404.34830766 51.73  24.716046   0.606168 16.163
 63   373.106 54404.34830831 51.37  24.715316   0.602868 16.163
 63   373.119 54404.34830895 45.62  24.714596   0.599558 16.163
 64   374.952 54439.34826385 48.55  24.717041   0.610773 15.597
 64   373.535 54439.34826449 49.97  24.716321   0.607463 15.597
 64   373.614 54439.34826513 51.44  24.715591   0.604163 15.597
 64   373.737 54439.34826578 48.64  24.714861   0.600853 15.597
 65   373.530 54474.34829295 48.46  24.719279   0.612077 17.158
 65   374.560 54474.34829360 49.87  24.718549   0.608777 17.158
 65   373.362 54474.34829424 48.60  24.717829   0.605467 17.158
 65   373.445 54474.34829489 52.56  24.717099   0.602167 17.158
 65   373.328 54474.34829553 51.06  24.716369   0.598857 17.158
 66   373.132 54509.34827676 49.51  24.717642   0.610436 16.433
 66   373.142 54509.34827740 50.10  24.716912   0.607126 16.433
 66   373.044 54509.34827805 52.17  24.716192   0.603826 16.433
 66   373.250 54509.34827869 50.08  24.715462   0.600516 16.433
 67   374.037 54544.34830709 48.33  24.718301   0.612170 18.046
 67   372.833 54544.34830773 50.21  24.717571   0.608860 18.046
 67   372.751 54544.34830838 49.92  24.716851   0.605560 18.046
 67   372.961 54544.34830902 49.33  24.716121   0.602250 18.046
 67   372.967 54544.34830967 44.95  24.715391   0.598950 18.046
 68   373.801 54579.34827536 41.79  24.718096   0.610740 12.014
 68   373.336 54579.34827600 33.89  24.717366   0.607440 12.014
 68   373.235 54579.34827665 31.91  24.716636   0.604130 12.014
 68   372.249 54579.34827729 27.68  24.715916   0.600830 12.014
 69   373.782 54614.34829762 45.39  24.718102   0.609529 15.811
 69   372.181 54614.34829827 42.61  24.717382   0.606229 15.811
 69   371.800 54614.34829891 39.42  24.716652   0.602919 15.811
 69   371.752 54614.34829956 38.53  24.715922   0.599619 15.811
 70   371.036 54649.34830675 23.66  24.716511   0.613196 11.605
 70   370.924 54649.34830739 18.75  24.715781   0.609896 11.605
 70   370.971 54649.34830804 17.79  24.715061   0.606586 11.605
 70   371.556 54649.34830868 22.52  24.714331   0.603276 11.605
 70   371.156 54649.34830932 30.09  24.713601   0.599976 11.605
 71   371.511 54684.34830322 37.33  24.717758   0.613383 15.526
 71   371.642 54684.34830387 38.84  24.717028   0.610083 15.526
 71   371.352 54684.34830451 32.28  24.716298   0.606773 15.526
 71   371.157 54684.34830516 43.01  24.715578   0.603473 15.526
 71   371.264 54684.34830580 37.92  24.714848   0.600163 15.526
 72   372.619 54719.34825121 48.53  24.718870   0.610949 15.804
 72   372.781 54719.34825185 48.83  24.718150   0.607649 15.804
 72   371.284 54719.34825249 49.45  24.717420   0.604339 15.804
 72   371.297 54719.34825314 48.78  24.716690   0.601039 15.804
 72   371.880 54719.34825378 41.37  24.715970   0.597729 15.804
 73   372.418 54754.34827748 49.42  24.717453   0.613645 18.130
 73   373.128 54754.34827812 50.84  24.716733   0.610345 18.130
 73   372.523 54754.34827877 49.20  24.716003   0.607035 18.130
 73   372.221 54754.34827941 51.68  24.715273   0.603735 18.130
 73   372.483 54754.34828006 48.63  24.714553   0.600425 18.130
 74   374.637 54789.34824499 50.59  24.716670   0.611645 18.219
 74   374.678 54789.34824564 49.79  24.715940   0.608335 18.219
 74   374.597 54789.34824628 51.05  24.715220   0.605025 18.219
 74   374.426 54789.34824693 51.73  24.714490   0.601725 18.219
 75   373.087 54824.34827265 50.54  24.718171   0.612252 17.179
 75   374.019 54824.34827329 48.82  24.717451   0.608952 17.179
 75   373.129 54824.34827393 48.43  24.716721   0.605642 17.179
 75   373.328 54824.34827458 50.16  24.715991   0.602342 17.179
 75   373.726 54824.34827522 43.01  24.715271   0.599032 17.179
 76   374.734 54859.34823842 48.15  24.718426   0.609493 15.472
 76   373.601 54859.34823906 49.34  24.717696   0.606183 15.472
 76   373.517 54859.34823971 49.60  24.716966   0.602883 15.472
 76   373.722 54859.34824035 48.79  24.716246   0.599573 15.472
 77   373.142 54894.34827451 47.53  24.716389   0.614140 17.919
 77   373.015 54894.34827516 49.68  24.715669   0.610840 17.919
 77   373.152 54894.34827580 46.74  24.714939   0.607530 17.919
 77   373.177 54894.34827645 51.79  24.714209   0.604230 17.919
 77   373.502 54894.34827709 45.34  24.713489   0.600920 17.919
 78   372.617 54929.34823657 48.54  24.716561   0.614099 17.480
 78   372.823 54929.34823722 51.63  24.715831   0.610799 17.480
 78   372.663 54929.34823786 51.10  24.715111   0.607489 17.480
 78   372.781 54929.34823851 49.90  24.714381   0.604179 17.480
 78   373.113 54929.34823915 50.33  24.713651   0.600879 17.480
 79   373.629 54964.34827404 49.76  24.717015   0.612626 18.185
 79   373.598 54964.34827468 51.90  24.716285   0.609316 18.185
 79   373.640 54964.34827533 51.67  24.715565   0.606016 18.185
 79   373.700 54964.34827597 51.28  24.714835   0.602706 18.185
 79   374.269 54964.34827662 43.83  24.714105   0.599406 18.185
 80   372.762 54999.34829438 31.68  24.715519   0.615826 15.973
 80   372.024 54999.34829503 31.11  24.714789   0.612516 15.973
 80   371.970 54999.34829567 38.74  24.714069   0.609216 15.973
 80   371.743 54999.34829632 43.96  24.713339   0.605906 15.973
 80   372.188 54999.34829696 42.12  24.712609   0.602606 15.973
 81   371.270 55034.34828174 51.27  24.717631   0.611002 20.400
 81   371.266 55034.34828239 51.50  24.716901   0.607702 20.400
 81   371.086 55034.34828303 49.76  24.716181   0.604392 20.400
 81   371.148 55034.34828368 48.16  24.715451   0.601092 20.400
 82   371.527 55069.34827087 46.78  24.717927   0.612286 17.180
 82   372.363 55069.34827152 51.11  24.717207   0.608986 17.180
 82   371.299 55069.34827216 47.93  24.716477   0.605676 17.180
 82   371.245 55069.34827281 47.34  24.715757   0.602376 17.180
 82   371.491 55069.34827345 43.53  24.715027   0.599066 17.180
 83   373.395 55104.34821206 50.10  24.715775   0.610484 15.803
 83   373.348 55104.34821271 45.43  24.715045   0.607184 15.803
 83   372.339 55104.34821335 45.98  24.714315   0.603874 15.803
 83   372.273 55104.34821400 43.66  24.713595   0.600564 15.803
 85   374.778 55174.34817880 47.07  24.718608   0.611970 17.321
 85   374.659 55174.34817944 49.80  24.717878   0.608660 17.321
 85   373.998 55174.34818009 49.37  24.717158   0.605360 17.321
 85   373.980 55174.34818073 51.93  24.716428   0.602050 17.321
 85   373.885 55174.34818138 47.26  24.715698   0.598750 17.321
 86   373.679 55209.34821407 47.38  24.717341   0.611721 14.348
 86   373.719 55209.34821471 46.61  24.716621   0.608421 14.348
 86   373.585 55209.34821535 43.36  24.715891   0.605111 14.348
 86   373.809 55209.34821600 43.94  24.715161   0.601811 14.348
 86   373.938 55209.34821664 35.97  24.714441   0.598501 14.348
 87   373.320 55244.34818518 46.62  24.717027   0.613446 17.667
 87   373.224 55244.34818583 49.43  24.716307   0.610136 17.667
 87   373.162 55244.34818647 49.64  24.715577   0.606836 17.667
 87   373.383 55244.34818712 48.56  24.714847   0.603526 17.667
 87   373.301 55244.34818776 44.73  24.714127   0.600226 17.667
 88   374.689 55279.34820693 48.18  24.717271   0.613962 18.589
 88   374.250 55279.34820757 52.44  24.716541   0.610652 18.589
 88   374.310 55279.34820822 50.28  24.715821   0.607352 18.589
 88   374.257 55279.34820886 49.29  24.715091   0.604042 18.589
 88   374.342 55279.34820951 50.13  24.714361   0.600742 18.589
 89   374.469 55314.34817112 40.75  24.717449   0.613545 14.209
 89   374.614 55314.34817176 40.93  24.716719   0.610245 14.209
 89   374.575 55314.34817241 39.30  24.715999   0.606935 14.209
 89   374.340 55314.34817305 37.64  24.715269   0.603635 14.209
 89   374.330 55314.34817370 34.50  24.714549   0.600325 14.209
 90   374.133 55349.34817850 45.88  24.717940   0.612746 16.375
 90   372.800 55349.34817914 51.22  24.717220   0.609446 16.375
 90   372.742 55349.34817979 46.79  24.716490   0.606136 16.375
 90   372.797 55349.34818043 47.14  24.715760   0.602836 16.375
 90   372.912 55349.34818108 46.06  24.715040   0.599526 16.375
 91   372.809 55384.34817067 49.15  24.716838   0.613456 16.805
 91   372.882 55384.34817131 51.34  24.716108   0.610156 16.805
 91   372.166 55384.34817196 51.19  24.715378   0.606846 16.805
 91   372.250 55384.34817260 51.27  24.714658   0.603536 16.805
 91   372.344 55384.34817325 44.95  24.713928   0.600236 16.805
 92   372.011 55419.34819727 41.66  24.717933   0.610123 15.006
 92   371.436 55419.34819792 37.75  24.717203   0.606813 15.006
 92   371.419 55419.34819856 40.44  24.716483   0.603513 15.006
 92   371.395 55419.34819921 37.99  24.715753   0.600203 15.006
 93   373.472 55454.34817566 40.24  24.717983   0.612221 17.422
 93   372.225 55454.34817630 43.20  24.717253   0.608921 17.422
 93   372.777 55454.34817694 43.04  24.716523   0.605611 17.422
 93   372.392 55454.34817759 45.41  24.715803   0.602311 17.422
 93   372.258 55454.34817823 45.77  24.715073   0.599001 17.422
 94   373.315 55489.34809567 47.74  24.718659   0.611763 13.596
 94   373.311 55489.34809631 49.18  24.717939   0.608453 13.596
 94   373.499 55489.34809695 45.24  24.717209   0.605153 13.596
 94   373.225 55489.34809760 42.94  24.716479   0.601843 13.596
 94   372.579 55489.34809824 39.29  24.715759   0.598543 13.596
