#  361.053  -2.411   7.572 ;Mean Elev.(m), Avg Gradient(m/km), RMS Gradient(m/km) - SRTM1     
#  350.393  -2.627   7.802 ;Mean Elev.(m), Avg Gradient(m/km), RMS Gradient(m/km) - ASTER GDEM
#  361.942  -2.974   7.658 ;Mean Elev.(m), Avg Gradient(m/km), RMS Gradient(m/km) - GMTED2010 
  7   361.675 52445.85075608 46.07  23.571558   1.189027  9.561
  7   361.757 52445.85075673 45.81  23.570838   1.192327  9.561
  7   361.596 52445.85075737 50.31  23.570106   1.195638 34.437
  7   361.096 52445.85076447 46.74  23.562116   1.231998 34.437
  7   361.043 52445.85076511 45.55  23.561386   1.235298 34.437
  7   360.996 52445.85076575 46.59  23.560666   1.238608 34.437
  7   361.298 52445.85076640 47.52  23.559936   1.241918 34.437
  7   360.889 52445.85076704 46.38  23.559206   1.245218 34.437
  7   360.822 52445.85076769 47.34  23.558486   1.248528 34.437
  8   362.896 52480.85074682 17.74  23.578469   1.185513  4.786
  8   361.795 52480.85074746 18.73  23.577739   1.188813  4.786
  8   361.359 52480.85074811 20.09  23.577019   1.192123  4.786
  8   360.731 52480.85075326 22.99  23.571200   1.218564  4.373
  8   360.686 52480.85075391 23.92  23.570480   1.221874  4.373
  8   360.452 52480.85075455 22.80  23.569750   1.225174  4.373
  8   360.448 52480.85075520 21.98  23.569020   1.228484  4.373
  8   360.485 52480.85075584 20.86  23.568300   1.231784  4.373
  8   360.693 52480.85075649 23.08  23.567570   1.235094  4.373
  8   360.495 52480.85075713 19.84  23.566840   1.238394  4.373
  8   360.101 52480.85075778 19.41  23.566120   1.241704  4.373
  8   359.920 52480.85075842 18.83  23.565390   1.245014  4.373
  8   359.836 52480.85075907 19.32  23.564660   1.248314  4.373
  9   361.059 52515.85069489 46.71  23.590198   1.174291 13.480
  9   361.990 52515.85069553 41.96  23.589478   1.177601 13.480
  9   361.555 52515.85069618 40.87  23.588748   1.180911 13.480
  9   361.455 52515.85069682 39.95  23.588018   1.184211 13.480
  9   361.661 52515.85069876 34.94  23.585843   1.194132 22.853
  9   361.797 52515.85069940 31.38  23.585113   1.197432 22.853
  9   360.900 52515.85070005 27.16  23.584393   1.200742 22.853
  9   361.282 52515.85070069 27.56  23.583663   1.204042 22.853
  9   362.133 52515.85070262 47.29  23.581483   1.213962 22.853
  9   361.165 52515.85070327 46.14  23.580763   1.217272 22.853
  9   361.008 52515.85070391 42.47  23.580033   1.220572 22.853
  9   360.940 52515.85070456 48.45  23.579303   1.223882 22.853
  9   361.016 52515.85070520 49.08  23.578583   1.227182 22.853
 10   361.620 52550.85074401 45.47  23.578337   1.183680 20.922
 10   361.802 52550.85074466 47.18  23.577617   1.186980 20.922
 10   361.817 52550.85074530 45.74  23.576887   1.190290 20.922
 10   361.838 52550.85074595 43.45  23.576157   1.193590 20.922
 10   361.270 52550.85075110 50.41  23.570340   1.220040 45.708
 10   361.102 52550.85075175 50.32  23.569620   1.223340 45.708
 10   360.990 52550.85075239 55.10  23.568890   1.226650 45.708
 10   361.079 52550.85075304 51.75  23.568170   1.229950 45.708
 10   361.012 52550.85075368 50.85  23.567440   1.233260 45.708
 10   360.884 52550.85075433 51.31  23.566710   1.236570 45.708
 10   360.899 52550.85075497 51.27  23.565980   1.239870 45.708
 10   361.010 52550.85075562 52.79  23.565260   1.243180 45.708
 10   360.826 52550.85075626 52.49  23.564530   1.246480 45.708
 11   362.597 52585.85071231 50.27  23.595235   1.170267 20.742
 11   362.921 52585.85071295 48.80  23.594505   1.173577 20.742
 11   362.573 52585.85071360 48.17  23.593775   1.176877 20.742
 11   362.796 52585.85071424 48.59  23.593055   1.180187 20.742
 11   362.789 52585.85071489 49.25  23.592325   1.183487 20.742
 11   362.750 52585.85071553 50.08  23.591595   1.186797 20.742
 11   362.757 52585.85071618 50.33  23.590875   1.190107 20.742
 11   362.603 52585.85071682 48.89  23.590145   1.193407 20.742
 11   362.757 52585.85071747 48.99  23.589425   1.196717 20.742
 11   362.529 52585.85071811 50.32  23.588695   1.200017 20.742
 11   362.468 52585.85071875 52.07  23.587965   1.203328 23.748
 11   362.185 52585.85071940 50.99  23.587235   1.206628 23.748
 11   362.203 52585.85072004 50.81  23.586515   1.209938 23.748
 11   362.267 52585.85072069 52.29  23.585785   1.213238 23.748
 11   362.313 52585.85072133 51.16  23.585065   1.216548 23.748
 11   362.697 52585.85072198 47.49  23.584335   1.219848 23.748
 11   362.217 52585.85072262 50.95  23.583605   1.223158 23.748
 11   362.151 52585.85072327 52.45  23.582885   1.226468 23.748
 12   363.296 52620.85069727 49.33  23.581998   1.182234 14.252
 12   363.425 52620.85069791 52.13  23.581268   1.185544 14.252
 12   363.402 52620.85069856 50.42  23.580538   1.188844 14.252
 12   363.039 52620.85070242 50.52  23.576183   1.208677 41.459
 12   363.181 52620.85070307 46.16  23.575453   1.211987 41.459
 12   362.957 52620.85070371 51.22  23.574733   1.215287 41.459
 12   362.956 52620.85070436 52.84  23.574003   1.218597 41.459
 12   362.845 52620.85070500 50.99  23.573283   1.221907 41.459
 12   362.900 52620.85070565 51.62  23.572553   1.225207 41.459
 12   362.839 52620.85070629 53.75  23.571823   1.228517 41.459
 12   362.698 52620.85070694 50.78  23.571103   1.231817 41.459
 15   364.531 52725.85072528 13.55  23.586199   1.177452  3.905
 15   364.605 52725.85072592 12.70  23.585469   1.180762  3.905
 15   362.584 52725.85072657 15.61  23.584749   1.184062  3.905
 15   362.206 52725.85072721 15.12  23.584019   1.187372  3.905
 15   361.313 52725.85073043 18.53  23.580389   1.203902  3.905
 15   361.297 52725.85073108 19.17  23.579659   1.207202  3.905
 15   361.001 52725.85073172 19.58  23.578939   1.210512  3.905
 15   360.815 52725.85073237 19.69  23.578209   1.213812  3.905
 15   360.522 52725.85073301 20.81  23.577478   1.217125  5.473
 15   361.091 52725.85073366 20.89  23.576758   1.220425  5.473
 15   361.390 52725.85073430 19.58  23.576028   1.223735  5.473
 15   361.604 52725.85073495 22.30  23.575298   1.227035  5.473
 15   361.513 52725.85073559 33.70  23.574578   1.230345  5.473
 16   362.746 52760.85074470 50.15  23.571471   1.189459 10.419
 16   362.812 52760.85074535 50.15  23.570741   1.192759 10.419
 16   362.208 52760.85074599 49.62  23.570017   1.196070 41.288
 16   362.263 52760.85075308 50.34  23.562027   1.232430 41.288
 16   362.060 52760.85075373 51.20  23.561297   1.235730 41.288
 16   362.030 52760.85075437 51.71  23.560577   1.239040 41.288
 16   362.098 52760.85075502 50.98  23.559847   1.242350 41.288
 16   362.064 52760.85075566 50.98  23.559127   1.245650 41.288
 16   362.083 52760.85075631 47.14  23.558397   1.248960 41.288
 17   362.217 52795.85069888 42.09  23.591777   1.170813 14.057
 17   361.684 52795.85069952 47.35  23.591047   1.174113 14.057
 17   362.046 52795.85070017 45.27  23.590317   1.177423 14.057
 17   361.812 52795.85070081 47.92  23.589597   1.180733 14.057
 17   362.017 52795.85070146 47.70  23.588867   1.184033 14.057
 17   361.843 52795.85070339 48.81  23.586681   1.193953 26.519
 17   361.893 52795.85070404 48.14  23.585961   1.197253 26.519
 17   361.622 52795.85070468 48.25  23.585231   1.200563 26.519
 17   361.527 52795.85070533 48.67  23.584501   1.203863 26.519
 17   361.429 52795.85070597 52.32  23.583781   1.207173 26.519
 17   361.468 52795.85070662 49.39  23.583051   1.210483 26.519
 17   361.410 52795.85070726 49.33  23.582321   1.213783 26.519
 17   361.373 52795.85070791 50.88  23.581601   1.217093 26.519
 17   361.000 52795.85070855 46.62  23.580871   1.220393 26.519
 17   361.096 52795.85070919 50.38  23.580141   1.223703 26.519
 17   361.090 52795.85070984 51.66  23.579421   1.227003 26.519
 18   361.849 52830.85076543 53.56  23.593102   1.171685 17.404
 18   362.406 52830.85076608 49.43  23.592372   1.174985 17.404
 18   362.438 52830.85076672 48.74  23.591642   1.178295 17.404
 18   362.492 52830.85076736 48.29  23.590922   1.181595 17.404
 18   362.535 52830.85076801 49.59  23.590192   1.184905 17.404
 18   362.493 52830.85076865 50.69  23.589462   1.188215 17.404
 18   362.369 52830.85076930 51.29  23.588742   1.191515 17.404
 18   362.372 52830.85076994 49.59  23.588015   1.194825 27.384
 18   362.182 52830.85077059 50.77  23.587285   1.198125 27.384
 18   362.085 52830.85077123 49.97  23.586555   1.201435 27.384
 18   362.025 52830.85077188 50.24  23.585835   1.204735 27.384
 18   362.182 52830.85077252 50.01  23.585105   1.208045 27.384
 18   361.919 52830.85077317 49.55  23.584375   1.211355 27.384
 18   361.938 52830.85077381 51.62  23.583645   1.214655 27.384
 18   361.765 52830.85077446 49.65  23.582925   1.217965 27.384
 18   361.805 52830.85077510 48.57  23.582195   1.221265 27.384
 18   361.904 52830.85077575 50.01  23.581465   1.224575 27.384
 18   361.834 52830.85077639 49.17  23.580745   1.227875 27.384
 19   361.176 52865.85080869 44.90  23.595705   1.169347 16.794
 19   360.760 52865.85080933 43.44  23.594985   1.172657 16.794
 19   362.046 52865.85080998 35.56  23.594255   1.175957 16.794
 19   361.441 52865.85081062 35.00  23.593525   1.179267 16.794
 19   361.498 52865.85081127 31.40  23.592805   1.182577 16.794
 19   362.091 52865.85081191 29.27  23.592075   1.185877 16.794
 19   361.220 52865.85081255 39.66  23.591345   1.189187 16.794
 19   362.276 52865.85081513 44.91  23.588442   1.202408 22.769
 19   362.047 52865.85081578 45.48  23.587712   1.205708 22.769
 19   361.514 52865.85081642 48.35  23.586992   1.209018 22.769
 19   361.508 52865.85081707 50.68  23.586262   1.212328 22.769
 19   361.609 52865.85081771 47.20  23.585532   1.215628 22.769
 19   361.350 52865.85081836 48.42  23.584812   1.218938 22.769
 19   361.399 52865.85081900 49.54  23.584082   1.222238 22.769
 19   361.425 52865.85081965 51.67  23.583352   1.225548 22.769
 20   362.421 52900.85084028 41.96  23.582285   1.182981 11.001
 20   361.921 52900.85084544 28.79  23.576467   1.209422 19.288
 20   361.768 52900.85084608 28.54  23.575747   1.212732 19.288
 20   361.597 52900.85084673 30.68  23.575017   1.216032 19.288
 20   361.790 52900.85084737 31.75  23.574297   1.219342 19.288
 20   362.037 52900.85084802 33.84  23.573567   1.222642 19.288
 20   361.881 52900.85084866 43.22  23.572837   1.225952 19.288
 20   362.143 52900.85084931 46.69  23.572117   1.229252 19.288
 20   362.341 52900.85084995 46.05  23.571387   1.232562 19.288
 21   362.672 52935.85078200 17.25  23.581574   1.183837  5.283
 21   362.062 52935.85078264 18.86  23.580844   1.187137  5.283
 21   361.496 52935.85078329 19.48  23.580124   1.190447  5.283
 21   361.152 52935.85078651 21.05  23.576490   1.206970 17.066
 21   360.971 52935.85078715 22.42  23.575760   1.210280 17.066
 21   361.263 52935.85078780 23.30  23.575040   1.213590 17.066
 21   361.459 52935.85078844 23.73  23.574310   1.216890 17.066
 21   361.526 52935.85078909 24.37  23.573590   1.220200 17.066
 21   361.843 52935.85078973 24.45  23.572860   1.223500 17.066
 21   361.825 52935.85079038 29.77  23.572130   1.226810 17.066
 21   361.594 52935.85079102 38.40  23.571410   1.230110 17.066
 21   362.501 52935.85079167 37.83  23.570680   1.233420 17.066
 22   362.947 52970.85080369 47.45  23.583068   1.181508 11.160
 22   362.892 52970.85080433 50.74  23.582338   1.184818 11.160
 22   362.587 52970.85080498 47.96  23.581618   1.188118 11.160
 22   362.493 52970.85080885 48.28  23.577254   1.207958 35.229
 22   362.507 52970.85080949 49.62  23.576524   1.211258 35.229
 22   362.658 52970.85081014 50.80  23.575804   1.214568 35.229
 22   362.271 52970.85081078 52.21  23.575074   1.217868 35.229
 22   362.341 52970.85081142 49.85  23.574344   1.221178 35.229
 22   362.312 52970.85081207 49.16  23.573624   1.224478 35.229
 22   362.281 52970.85081271 51.84  23.572894   1.227788 35.229
 22   362.232 52970.85081336 49.84  23.572164   1.231088 35.229
 23   362.692 53005.85081903 14.71  23.577197   1.184814  9.237
 23   362.589 53005.85081968  9.71  23.576477   1.188124  9.237
 23   362.278 53005.85082032  5.91  23.575747   1.191424  9.237
 23   362.091 53005.85082096  6.13  23.575018   1.194734  9.223
 23   361.502 53005.85082612 10.56  23.569208   1.221174  9.223
 23   360.877 53005.85082677 11.58  23.568478   1.224484  9.223
 23   360.657 53005.85082741 12.82  23.567758   1.227784  9.223
 23   361.075 53005.85082806 13.27  23.567028   1.231094  9.223
 23   361.326 53005.85082870 13.72  23.566298   1.234394  9.223
 23   361.333 53005.85082935 17.16  23.565578   1.237704  9.223
 23   361.322 53005.85082999 21.22  23.564848   1.241014  9.223
 23   361.507 53005.85083063 22.48  23.564118   1.244314  9.223
 23   361.516 53005.85083128 26.17  23.563398   1.247624  9.223
 24   362.389 53040.85077017 46.82  23.580518   1.183036 36.011
 24   362.483 53040.85077082 47.90  23.579798   1.186336 36.011
 24   362.289 53040.85077146 48.65  23.579068   1.189646 36.011
 24   361.976 53040.85077533 50.73  23.574708   1.209476 36.011
 24   362.032 53040.85077662 50.92  23.573258   1.216086 36.011
 24   361.913 53040.85077727 51.36  23.572528   1.219396 36.011
 24   361.883 53040.85077791 51.17  23.571798   1.222696 36.011
 24   362.091 53040.85077855 49.25  23.571078   1.226006 36.011
 24   361.690 53040.85077920 52.14  23.570348   1.229316 36.011
 24   361.643 53040.85077984 51.59  23.569618   1.232616 36.011
 24   361.638 53040.85078049 49.49  23.568888   1.235926 36.011
 25   361.687 53075.85080304 49.04  23.579397   1.185618 11.570
 25   361.765 53075.85080368 50.55  23.578667   1.188918 11.570
 25   361.646 53075.85080433 49.97  23.577939   1.192229 42.804
 25   361.375 53075.85080949 51.16  23.572129   1.218669 42.804
 25   361.198 53075.85081013 52.19  23.571399   1.221979 42.804
 25   361.463 53075.85081078 49.86  23.570679   1.225279 42.804
 25   361.261 53075.85081142 52.02  23.569949   1.228589 42.804
 25   361.198 53075.85081206 51.03  23.569219   1.231889 42.804
 25   361.059 53075.85081271 49.99  23.568499   1.235199 42.804
 25   361.115 53075.85081335 47.44  23.567769   1.238509 42.804
 25   360.961 53075.85081529 52.98  23.565589   1.248419 42.804
 26   362.446 53110.85077481 47.87  23.575032   1.194046 27.235
 26   361.689 53110.85077545 48.13  23.574302   1.197356 27.235
 26   361.770 53110.85077996 50.28  23.569212   1.220496 27.235
 26   361.514 53110.85078061 51.30  23.568492   1.223796 27.235
 26   361.461 53110.85078125 51.39  23.567762   1.227106 27.235
 26   361.321 53110.85078190 53.78  23.567042   1.230406 27.235
 26   361.418 53110.85078254 51.14  23.566305   1.233715 40.412
 26   361.351 53110.85078319 52.27  23.565585   1.237015 40.412
 26   361.303 53110.85078383 50.85  23.564855   1.240325 40.412
 26   361.175 53110.85078448 52.17  23.564125   1.243635 40.412
 26   361.270 53110.85078512 52.02  23.563405   1.246935 40.412
 27   361.452 53145.85081533 46.90  23.580697   1.182663 10.806
 27   361.376 53145.85081597 50.28  23.579977   1.185963 10.806
 27   361.738 53145.85081662 49.23  23.579245   1.189274 38.451
 27   361.408 53145.85082048 48.17  23.574885   1.209104 38.451
 27   361.228 53145.85082177 50.21  23.573435   1.215714 38.451
 27   361.196 53145.85082242 52.72  23.572705   1.219024 38.451
 27   361.283 53145.85082306 51.69  23.571985   1.222324 38.451
 27   361.062 53145.85082371 49.46  23.571255   1.225634 38.451
 27   361.020 53145.85082435 53.44  23.570525   1.228934 38.451
 27   361.045 53145.85082500 51.53  23.569805   1.232244 38.451
 27   361.132 53145.85082564 48.26  23.569075   1.235544 38.451
 28   360.316 53180.85082264 51.29  23.589323   1.175059 15.542
 28   360.847 53180.85082328 49.33  23.588593   1.178359 15.542
 28   361.170 53180.85082393 48.30  23.587873   1.181669 15.542
 28   361.077 53180.85082457 48.47  23.587143   1.184969 15.542
 28   361.077 53180.85082651 51.26  23.584963   1.194891 26.172
 28   360.763 53180.85082715 49.05  23.584233   1.198191 26.172
 28   361.127 53180.85082779 47.27  23.583513   1.201501 26.172
 28   361.133 53180.85082844 47.94  23.582783   1.204801 26.172
 28   360.747 53180.85082908 51.60  23.582053   1.208111 26.172
 28   360.433 53180.85082973 50.86  23.581333   1.211421 26.172
 28   360.459 53180.85083037 47.25  23.580603   1.214721 26.172
 28   360.393 53180.85083102 51.48  23.579883   1.218031 26.172
 28   360.953 53180.85083166 44.20  23.579153   1.221331 26.172
 28   360.295 53180.85083231 51.73  23.578423   1.224641 26.172
 28   360.425 53180.85083295 52.01  23.577703   1.227941 26.172
 29   360.622 53215.85084699 45.32  23.581666   1.184038 11.467
 29   360.840 53215.85084763 42.77  23.580936   1.187348 11.467
 29   360.261 53215.85084827 47.76  23.580216   1.190648 11.467
 29   360.439 53215.85085150 49.65  23.576585   1.207180 37.297
 29   360.211 53215.85085214 51.54  23.575855   1.210490 37.297
 29   360.335 53215.85085279 49.22  23.575125   1.213790 37.297
 29   360.092 53215.85085343 50.16  23.574405   1.217100 37.297
 29   360.120 53215.85085408 51.58  23.573675   1.220400 37.297
 29   360.114 53215.85085472 51.35  23.572945   1.223710 37.297
 29   360.193 53215.85085537 48.51  23.572225   1.227010 37.297
 29   360.076 53215.85085601 51.49  23.571495   1.230320 37.297
 29   360.066 53215.85085666 50.09  23.570765   1.233620 37.297
 30   360.899 53250.85082376 46.49  23.580896   1.182520 23.937
 30   361.059 53250.85082440 50.81  23.580176   1.185820 23.937
 30   361.076 53250.85082505 48.61  23.579446   1.189130 23.937
 30   360.452 53250.85082892 47.69  23.575096   1.208960 23.937
 30   360.568 53250.85083021 48.85  23.573636   1.215570 23.937
 30   360.508 53250.85083085 50.44  23.572916   1.218880 23.937
 30   360.510 53250.85083150 49.76  23.572186   1.222180 23.937
 30   360.447 53250.85083214 50.26  23.571461   1.225491 39.791
 30   360.400 53250.85083279 49.62  23.570731   1.228791 39.791
 30   360.294 53250.85083343 51.89  23.570011   1.232101 39.791
 30   360.347 53250.85083407 50.46  23.569281   1.235401 39.791
 31   361.754 53285.85081745 50.52  23.577557   1.184072  9.505
 31   361.714 53285.85081809 48.81  23.576837   1.187372  9.505
 31   361.672 53285.85081874 50.24  23.576101   1.190682 40.844
 31   361.651 53285.85081938 52.08  23.575381   1.193982 40.844
 31   361.370 53285.85082454 51.64  23.569561   1.220432 40.844
 31   361.273 53285.85082519 52.59  23.568841   1.223732 40.844
 31   361.234 53285.85082583 50.68  23.568111   1.227042 40.844
 31   361.221 53285.85082647 53.06  23.567381   1.230342 40.844
 31   361.052 53285.85082712 50.40  23.566661   1.233652 40.844
 31   361.053 53285.85082776 52.77  23.565931   1.236952 40.844
 31   361.030 53285.85082841 50.42  23.565201   1.240262 40.844
 31   360.962 53285.85082905 53.34  23.564481   1.243572 40.844
 31   360.907 53285.85082970 53.40  23.563751   1.246872 40.844
 32   362.877 53320.85079217 47.54  23.595313   1.169094 18.914
 32   362.736 53320.85079281 51.55  23.594593   1.172394 18.914
 32   362.814 53320.85079346 49.09  23.593863   1.175704 18.914
 32   362.639 53320.85079410 49.24  23.593133   1.179004 18.914
 32   362.623 53320.85079474 48.68  23.592413   1.182314 18.914
 32   362.559 53320.85079539 49.89  23.591683   1.185614 18.914
 32   362.498 53320.85079603 48.22  23.590953   1.188924 18.914
 32   362.286 53320.85079668 48.10  23.590233   1.192234 18.914
 32   362.482 53320.85079732 49.40  23.589503   1.195534 18.914
 32   362.529 53320.85079797 50.33  23.588773   1.198844 18.914
 32   362.305 53320.85079861 49.98  23.588053   1.202144 18.914
 32   362.207 53320.85079926 51.82  23.587321   1.205456 21.283
 32   362.147 53320.85079990 51.00  23.586601   1.208756 21.283
 32   362.098 53320.85080055 52.75  23.585871   1.212066 21.283
 32   362.135 53320.85080119 50.21  23.585141   1.215366 21.283
 32   361.976 53320.85080184 46.88  23.584421   1.218676 21.283
 32   361.987 53320.85080248 49.24  23.583691   1.221986 21.283
 32   361.968 53320.85080313 50.24  23.582961   1.225286 21.283
 33   363.263 53355.85076198 51.97  23.592699   1.171922 16.900
 33   363.498 53355.85076263 47.56  23.591979   1.175232 16.900
 33   363.272 53355.85076327 48.82  23.591249   1.178532 16.900
 33   363.312 53355.85076392 47.67  23.590529   1.181842 16.900
 33   363.352 53355.85076456 48.91  23.589799   1.185152 16.900
 33   363.276 53355.85076585 48.70  23.588349   1.191762 16.900
 33   363.277 53355.85076650 49.60  23.587619   1.195062 16.900
 33   363.089 53355.85076714 50.60  23.586894   1.198374 24.869
 33   362.920 53355.85076778 50.94  23.586164   1.201674 24.869
 33   362.740 53355.85076843 50.60  23.585444   1.204984 24.869
 33   362.774 53355.85076907 51.87  23.584714   1.208284 24.869
 33   362.760 53355.85076972 49.53  23.583984   1.211594 24.869
 33   362.774 53355.85077036 51.27  23.583264   1.214904 24.869
 33   362.798 53355.85077101 46.95  23.582534   1.218204 24.869
 33   362.624 53355.85077165 46.65  23.581814   1.221514 24.869
 33   362.586 53355.85077230 48.94  23.581084   1.224814 24.869
 33   362.497 53355.85077294 50.16  23.580354   1.228124 24.869
 34   361.682 53390.85077545 37.47  23.582726   1.181679  7.222
 34   361.664 53390.85077609 34.94  23.581996   1.184989  7.222
 34   361.865 53390.85077674 35.57  23.581266   1.188289  7.222
 34   361.392 53390.85078060 36.73  23.576909   1.208129 31.775
 34   361.275 53390.85078125 40.51  23.576179   1.211429 31.775
 34   361.163 53390.85078189 37.38  23.575459   1.214739 31.775
 34   361.239 53390.85078254 42.73  23.574729   1.218039 31.775
 34   361.149 53390.85078318 48.43  23.573999   1.221349 31.775
 34   361.128 53390.85078383 46.52  23.573279   1.224649 31.775
 34   360.999 53390.85078447 50.51  23.572549   1.227959 31.775
 34   360.898 53390.85078512 51.34  23.571819   1.231259 31.775
 35   360.740 53425.85077059 55.20  23.590753   1.174013 17.299
 35   361.790 53425.85077124 46.96  23.590033   1.177323 17.299
 35   361.688 53425.85077188 49.04  23.589303   1.180633 17.299
 35   361.536 53425.85077253 50.66  23.588573   1.183933 17.299
 35   361.382 53425.85077446 49.28  23.586396   1.193854 26.749
 35   361.255 53425.85077511 45.57  23.585666   1.197154 26.749
 35   361.251 53425.85077575 46.93  23.584946   1.200464 26.749
 35   361.169 53425.85077640 49.14  23.584216   1.203764 26.749
 35   361.075 53425.85077704 52.62  23.583486   1.207074 26.749
 35   361.112 53425.85077769 48.94  23.582766   1.210384 26.749
 35   360.930 53425.85077833 51.20  23.582036   1.213684 26.749
 35   360.895 53425.85077898 50.61  23.581316   1.216994 26.749
 35   361.127 53425.85077962 44.58  23.580586   1.220294 26.749
 35   360.713 53425.85078026 50.17  23.579856   1.223604 26.749
 35   360.881 53425.85078091 51.77  23.579136   1.226904 26.749
 36   362.802 53460.85077945 23.52  23.590774   1.173532  4.827
 36   362.482 53460.85078009 24.04  23.590054   1.176832  4.827
 36   362.468 53460.85078074 24.17  23.589324   1.180142  4.827
 36   361.916 53460.85078138 25.42  23.588594   1.183442  4.827
 36   361.252 53460.85078331 28.74  23.586414   1.193362  4.827
 36   361.046 53460.85078396 28.64  23.585694   1.196672  4.827
 36   360.934 53460.85078460 28.85  23.584964   1.199972  4.827
 36   361.264 53460.85078525 28.11  23.584234   1.203282  4.827
 36   361.710 53460.85078589 26.62  23.583514   1.206582  4.827
 36   361.750 53460.85078654 26.31  23.582784   1.209892  4.827
 36   361.556 53460.85078718 26.31  23.582054   1.213192  4.827
 36   361.626 53460.85078783 25.86  23.581334   1.216502  4.827
 36   361.610 53460.85078847 25.53  23.580604   1.219802  4.827
 36   361.887 53460.85078912 31.75  23.579874   1.223112  4.827
 36   361.732 53460.85078976 25.26  23.579154   1.226412  4.827
 37   361.635 53495.85086349 50.85  23.575409   1.185499  9.452
 37   361.721 53495.85086413 49.15  23.574689   1.188799  9.452
 37   361.719 53495.85086477 48.74  23.573957   1.192109 42.278
 37   361.660 53495.85086542 48.59  23.573237   1.195409 42.278
 37   361.464 53495.85086606 51.10  23.572507   1.198719 42.278
 37   361.476 53495.85087058 49.91  23.567417   1.221859 42.278
 37   361.167 53495.85087122 52.66  23.566697   1.225159 42.278
 37   361.089 53495.85087187 51.91  23.565967   1.228469 42.278
 37   361.014 53495.85087251 51.81  23.565237   1.231769 42.278
 37   360.969 53495.85087316 52.50  23.564517   1.235079 42.278
 37   361.062 53495.85087380 52.41  23.563787   1.238379 42.278
 37   360.967 53495.85087444 50.76  23.563057   1.241689 42.278
 37   360.956 53495.85087509 51.31  23.562337   1.244989 42.278
 37   360.894 53495.85087573 51.47  23.561607   1.248299 42.278
 38   360.780 53530.85083806 49.97  23.590944   1.173424 14.740
 38   361.744 53530.85083871 48.43  23.590224   1.176734 14.740
 38   361.764 53530.85083935 48.92  23.589494   1.180034 14.740
 38   361.839 53530.85084000 49.08  23.588774   1.183344 14.740
 38   361.596 53530.85084193 49.67  23.586585   1.193256 28.912
 38   361.430 53530.85084258 48.76  23.585865   1.196566 28.912
 38   361.493 53530.85084322 48.26  23.585135   1.199866 28.912
 38   361.648 53530.85084387 48.00  23.584405   1.203176 28.912
 38   361.366 53530.85084451 51.08  23.583685   1.206486 28.912
 38   361.120 53530.85084516 50.68  23.582955   1.209786 28.912
 38   360.983 53530.85084580 50.97  23.582235   1.213096 28.912
 38   361.023 53530.85084645 51.86  23.581505   1.216396 28.912
 38   361.233 53530.85084709 44.71  23.580775   1.219706 28.912
 38   360.875 53530.85084773 47.61  23.580055   1.223006 28.912
 38   360.909 53530.85084838 53.26  23.579325   1.226316 28.912
 39   360.993 53565.85086762 49.53  23.576762   1.186111 11.510
 39   360.916 53565.85086827 48.02  23.576032   1.189411 11.510
 39   360.684 53565.85086891 48.91  23.575304   1.192724 41.779
 39   360.753 53565.85086956 50.93  23.574574   1.196024 41.779
 39   360.670 53565.85087407 51.61  23.569494   1.219164 41.779
 39   360.672 53565.85087472 51.60  23.568764   1.222474 41.779
 39   360.610 53565.85087536 52.07  23.568044   1.225774 41.779
 39   360.605 53565.85087600 52.91  23.567314   1.229084 41.779
 39   360.478 53565.85087665 51.39  23.566584   1.232384 41.779
 39   360.295 53565.85087729 53.56  23.565864   1.235694 41.779
 39   360.395 53565.85087794 51.92  23.565134   1.238994 41.779
 39   360.277 53565.85087858 50.99  23.564414   1.242304 41.779
 39   360.293 53565.85087923 50.72  23.563684   1.245614 41.779
 39   360.312 53565.85087987 53.49  23.562954   1.248914 41.779
 40   360.877 53600.85080867 51.13  23.587352   1.177459 12.673
 40   361.209 53600.85080931 48.74  23.586632   1.180769 12.673
 40   361.389 53600.85080996 49.50  23.585902   1.184069 12.673
 40   361.043 53600.85081254 51.09  23.582996   1.197290 28.078
 40   361.119 53600.85081318 50.70  23.582276   1.200600 28.078
 40   360.980 53600.85081383 51.34  23.581546   1.203900 28.078
 40   360.916 53600.85081447 48.36  23.580816   1.207210 28.078
 40   360.853 53600.85081512 51.82  23.580096   1.210520 28.078
 40   360.848 53600.85081576 50.55  23.579366   1.213820 28.078
 40   360.793 53600.85081641 48.39  23.578646   1.217130 28.078
 40   360.523 53600.85081705 49.84  23.577916   1.220430 28.078
 40   360.746 53600.85081769 46.88  23.577186   1.223740 28.078
 40   360.668 53600.85081834 50.46  23.576466   1.227040 28.078
 41   361.345 53635.85080753 49.36  23.579334   1.185180 10.790
 41   361.611 53635.85080817 48.17  23.578614   1.188480 10.790
 41   361.547 53635.85080882 46.65  23.577879   1.191791 40.401
 41   361.228 53635.85081397 50.27  23.572069   1.218231 40.401
 41   361.014 53635.85081462 52.99  23.571339   1.221541 40.401
 41   361.091 53635.85081526 53.13  23.570619   1.224841 40.401
 41   361.223 53635.85081591 49.50  23.569889   1.228151 40.401
 41   361.035 53635.85081655 50.62  23.569159   1.231451 40.401
 41   360.916 53635.85081720 51.89  23.568439   1.234761 40.401
 41   360.958 53635.85081784 48.29  23.567709   1.238061 40.401
 41   360.724 53635.85081978 55.43  23.565529   1.247981 40.401
 42   362.211 53670.85082865 49.35  23.577689   1.185740 11.406
 42   362.183 53670.85082930 51.11  23.576969   1.189040 11.406
 42   362.172 53670.85082994 47.08  23.576237   1.192351 40.272
 42   361.615 53670.85083510 50.29  23.570427   1.218791 40.272
 42   361.716 53670.85083574 51.66  23.569697   1.222101 40.272
 42   361.840 53670.85083639 53.52  23.568977   1.225401 40.272
 42   361.685 53670.85083703 50.25  23.568247   1.228711 40.272
 42   361.615 53670.85083768 52.50  23.567517   1.232011 40.272
 42   361.570 53670.85083832 51.29  23.566797   1.235321 40.272
 42   361.577 53670.85083897 48.56  23.566067   1.238621 40.272
 42   361.370 53670.85083961 49.95  23.565337   1.241931 40.272
 42   361.494 53670.85084026 49.68  23.564617   1.245241 40.272
 42   361.326 53670.85084090 53.25  23.563887   1.248541 40.272
 43   362.998 53705.85075793 47.16  23.593955   1.169384 19.035
 43   362.388 53705.85075858 51.56  23.593225   1.172684 19.035
 43   362.685 53705.85075922 48.74  23.592505   1.175994 19.035
 43   362.607 53705.85075987 46.20  23.591775   1.179294 19.035
 43   362.637 53705.85076051 50.11  23.591055   1.182604 19.035
 43   362.689 53705.85076116 49.93  23.590325   1.185914 19.035
 43   362.470 53705.85076180 50.56  23.589595   1.189214 19.035
 43   362.573 53705.85076245 50.29  23.588875   1.192524 19.035
 43   362.491 53705.85076309 52.52  23.588145   1.195824 19.035
 43   362.750 53705.85076373 50.39  23.587418   1.199135 25.614
 43   362.562 53705.85076438 49.96  23.586688   1.202435 25.614
 43   362.266 53705.85076502 49.74  23.585968   1.205745 25.614
 43   362.096 53705.85076567 52.55  23.585238   1.209045 25.614
 43   362.240 53705.85076631 51.67  23.584508   1.212355 25.614
 43   362.308 53705.85076696 50.99  23.583788   1.215665 25.614
 43   362.650 53705.85076760 44.12  23.583058   1.218965 25.614
 43   362.008 53705.85076825 47.72  23.582338   1.222275 25.614
 43   362.007 53705.85076889 49.49  23.581608   1.225575 25.614
 44   361.304 53740.85067182 48.44  23.590639   1.173581 13.295
 44   362.359 53740.85067247 42.80  23.589909   1.176881 13.295
 44   362.132 53740.85067311 43.74  23.589189   1.180191 13.295
 44   362.003 53740.85067376 44.82  23.588459   1.183501 13.295
 44   361.819 53740.85067569 44.84  23.586279   1.193411 13.295
 44   361.760 53740.85067634 45.72  23.585559   1.196724 22.192
 44   361.816 53740.85067698 43.81  23.584829   1.200024 22.192
 44   361.906 53740.85067763 46.21  23.584109   1.203334 22.192
 44   361.724 53740.85067827 48.52  23.583379   1.206634 22.192
 44   361.502 53740.85067891 48.80  23.582649   1.209944 22.192
 44   361.513 53740.85067956 49.74  23.581929   1.213244 22.192
 44   361.124 53740.85068020 50.00  23.581199   1.216554 22.192
 44   361.164 53740.85068085 44.16  23.580479   1.219864 22.192
 44   361.115 53740.85068149 49.72  23.579749   1.223164 22.192
 44   361.333 53740.85068214 47.76  23.579019   1.226474 22.192
 45   361.983 53775.85069328 47.12  23.592131   1.170513 16.129
 45   361.594 53775.85069392 50.85  23.591401   1.173813 16.129
 45   361.636 53775.85069457 50.58  23.590671   1.177123 16.129
 45   361.490 53775.85069521 49.04  23.589951   1.180433 16.129
 45   361.710 53775.85069586 49.75  23.589221   1.183733 16.129
 45   361.529 53775.85069779 49.49  23.587039   1.193654 25.994
 45   361.294 53775.85069844 51.89  23.586319   1.196954 25.994
 45   361.497 53775.85069908 49.15  23.585589   1.200264 25.994
 45   361.726 53775.85069973 49.71  23.584859   1.203564 25.994
 45   361.262 53775.85070037 53.64  23.584139   1.206874 25.994
 45   361.325 53775.85070101 52.14  23.583409   1.210184 25.994
 45   361.210 53775.85070166 51.32  23.582679   1.213484 25.994
 45   360.889 53775.85070230 52.32  23.581959   1.216794 25.994
 45   360.775 53775.85070295 42.26  23.581229   1.220094 25.994
 45   360.927 53775.85070359 47.57  23.580499   1.223404 25.994
 45   360.927 53775.85070424 49.91  23.579779   1.226704 25.994
 46   361.942 53810.85067516 48.44  23.588313   1.177063 17.503
 46   361.984 53810.85067581 48.85  23.587593   1.180373 17.503
 46   362.029 53810.85067645 50.62  23.586863   1.183673 17.503
 46   361.888 53810.85067903 50.97  23.583963   1.196903 17.503
 46   361.661 53810.85067968 51.04  23.583233   1.200203 17.503
 46   361.584 53810.85068032 48.85  23.582510   1.203515 24.172
 46   361.775 53810.85068096 47.81  23.581780   1.206815 24.172
 46   361.526 53810.85068161 51.62  23.581060   1.210125 24.172
 46   361.538 53810.85068225 49.42  23.580330   1.213425 24.172
 46   361.408 53810.85068290 49.10  23.579600   1.216735 24.172
 46   361.424 53810.85068354 50.14  23.578880   1.220045 24.172
 46   361.387 53810.85068419 46.17  23.578150   1.223345 24.172
 46   361.309 53810.85068483 50.13  23.577430   1.226655 24.172
 47   362.308 53845.85072356 48.71  23.580795   1.183627 12.851
 47   362.394 53845.85072421 50.19  23.580065   1.186927 12.851
 47   362.464 53845.85072485 47.45  23.579335   1.190237 12.851
 47   361.791 53845.85072872 47.75  23.574980   1.210068 41.023
 47   362.055 53845.85073001 49.65  23.573520   1.216678 41.023
 47   362.035 53845.85073066 49.86  23.572800   1.219988 41.023
 47   361.748 53845.85073130 48.76  23.572070   1.223288 41.023
 47   361.746 53845.85073194 49.13  23.571340   1.226598 41.023
 47   361.644 53845.85073259 53.35  23.570620   1.229898 41.023
 47   361.589 53845.85073323 52.53  23.569890   1.233208 41.023
 48   361.936 53880.85074683 47.26  23.589915   1.174588 11.875
 48   362.458 53880.85074747 42.29  23.589185   1.177898 11.875
 48   362.360 53880.85074812 38.86  23.588465   1.181208 11.875
 48   362.141 53880.85074876 33.76  23.587735   1.184508 11.875
 48   361.281 53880.85075070 31.24  23.585552   1.194428 10.367
 48   361.298 53880.85075134 30.80  23.584832   1.197728 10.367
 48   361.634 53880.85075198 29.47  23.584102   1.201038 10.367
 48   362.034 53880.85075263 28.86  23.583372   1.204338 10.367
 48   362.091 53880.85075327 28.48  23.582652   1.207648 10.367
 48   361.944 53880.85075392 28.58  23.581922   1.210958 10.367
 48   361.892 53880.85075456 29.21  23.581192   1.214258 10.367
 48   361.818 53880.85075521 30.28  23.580472   1.217568 10.367
 48   361.987 53880.85075585 35.44  23.579742   1.220868 10.367
 48   361.983 53880.85075650 48.60  23.579012   1.224178 10.367
 48   362.439 53880.85075714 46.18  23.578292   1.227478 10.367
 49   360.675 53915.85080852 49.74  23.575236   1.187717 13.184
 49   360.844 53915.85080917 49.84  23.574506   1.191027 13.184
 49   360.714 53915.85080981 49.56  23.573786   1.194327 13.184
 49   360.734 53915.85081046 49.70  23.573056   1.197638 42.323
 49   360.408 53915.85081497 48.98  23.567976   1.220778 42.323
 49   360.141 53915.85081562 52.86  23.567246   1.224078 42.323
 49   360.258 53915.85081626 52.55  23.566516   1.227388 42.323
 49   360.270 53915.85081690 52.13  23.565796   1.230688 42.323
 49   360.195 53915.85081755 51.96  23.565066   1.233998 42.323
 49   360.098 53915.85081819 53.60  23.564336   1.237298 42.323
 49   360.102 53915.85081884 51.99  23.563616   1.240608 42.323
 49   360.082 53915.85081948 48.79  23.562886   1.243918 42.323
 49   359.987 53915.85082013 51.48  23.562156   1.247218 42.323
 50   360.934 53950.85081604 34.28  23.573986   1.185884  7.490
 50   360.659 53950.85081669 32.08  23.573256   1.189184  7.490
 50   360.232 53950.85081733 26.33  23.572536   1.192494  7.490
 50   360.600 53950.85081798 26.11  23.571806   1.195794  7.490
 50   360.123 53950.85082314 26.11  23.565997   1.222247 16.577
 50   359.788 53950.85082442 23.09  23.564537   1.228857 16.577
 50   359.585 53950.85082507 21.69  23.563817   1.232157 16.577
 50   359.736 53950.85082571 22.41  23.563087   1.235467 16.577
 50   359.862 53950.85082636 22.54  23.562357   1.238767 16.577
 50   359.873 53950.85082700 20.65  23.561637   1.242077 16.577
 50   359.767 53950.85082765 20.77  23.560907   1.245377 16.577
 50   359.644 53950.85082829 23.81  23.560187   1.248687 16.577
 52   360.762 54020.85079018 50.73  23.585612   1.179132 15.291
 52   361.149 54020.85079083 46.53  23.584882   1.182432 15.291
 52   361.342 54020.85079147 45.99  23.584162   1.185742 15.291
 52   361.396 54020.85079534 50.88  23.579797   1.205574 30.554
 52   361.464 54020.85079599 48.34  23.579067   1.208874 30.554
 52   361.020 54020.85079663 52.63  23.578347   1.212184 30.554
 52   361.029 54020.85079727 48.66  23.577617   1.215494 30.554
 52   360.931 54020.85079792 49.39  23.576887   1.218794 30.554
 52   360.818 54020.85079856 48.01  23.576167   1.222104 30.554
 52   360.909 54020.85079921 49.66  23.575437   1.225404 30.554
 52   360.764 54020.85079985 51.51  23.574707   1.228714 30.554
 53   363.304 54055.85077945 53.63  23.595036   1.170956 17.666
 53   363.735 54055.85078010 48.94  23.594306   1.174256 17.666
 53   363.815 54055.85078074 44.95  23.593586   1.177566 17.666
 53   363.624 54055.85078139 49.31  23.592856   1.180866 17.666
 53   363.738 54055.85078203 49.12  23.592126   1.184176 17.666
 53   363.626 54055.85078268 50.17  23.591406   1.187486 17.666
 53   363.359 54055.85078332 49.98  23.590676   1.190786 17.666
 53   363.207 54055.85078396 49.33  23.589946   1.194096 17.666
 53   363.435 54055.85078461 49.26  23.589226   1.197396 17.666
 53   363.521 54055.85078525 50.12  23.588494   1.200708 21.180
 53   363.345 54055.85078590 49.44  23.587774   1.204008 21.180
 53   363.347 54055.85078654 51.56  23.587044   1.207318 21.180
 53   363.487 54055.85078719 52.20  23.586314   1.210618 21.180
 53   363.629 54055.85078783 49.43  23.585594   1.213928 21.180
 53   362.992 54055.85078848 49.06  23.584864   1.217238 21.180
 53   362.974 54055.85078912 48.67  23.584134   1.220538 21.180
 53   362.934 54055.85078977 50.50  23.583414   1.223848 21.180
 53   362.895 54055.85079041 50.39  23.582684   1.227148 21.180
 54   363.477 54090.85076676 48.42  23.586796   1.176644 17.918
 54   363.725 54090.85076740 49.47  23.586076   1.179954 17.918
 54   363.962 54090.85076805 51.52  23.585346   1.183254 17.918
 54   363.489 54090.85076869 50.79  23.584626   1.186564 17.918
 54   363.312 54090.85077256 47.93  23.580261   1.206396 33.371
 54   363.245 54090.85077321 49.76  23.579541   1.209706 33.371
 54   363.129 54090.85077385 49.87  23.578811   1.213006 33.371
 54   363.175 54090.85077450 49.51  23.578081   1.216316 33.371
 54   363.152 54090.85077514 49.41  23.577361   1.219616 33.371
 54   363.086 54090.85077579 49.64  23.576631   1.222926 33.371
 54   363.017 54090.85077643 51.01  23.575911   1.226236 33.371
 54   362.926 54090.85077708 49.84  23.575181   1.229536 33.371
 55   362.799 54125.85069718 47.43  23.586064   1.178592 15.024
 55   362.962 54125.85069783 47.01  23.585334   1.181902 15.024
 55   362.664 54125.85069847 50.20  23.584614   1.185212 15.024
 55   362.333 54125.85070234 48.25  23.580247   1.205042 30.476
 55   362.353 54125.85070298 50.33  23.579517   1.208342 30.476
 55   362.161 54125.85070363 50.89  23.578797   1.211652 30.476
 55   362.211 54125.85070427 50.42  23.578067   1.214962 30.476
 55   362.142 54125.85070492 51.30  23.577337   1.218262 30.476
 55   362.101 54125.85070556 49.79  23.576617   1.221572 30.476
 55   362.045 54125.85070621 50.40  23.575887   1.224872 30.476
 55   361.924 54125.85070685 52.16  23.575157   1.228182 30.476
 57   362.386 54195.85069895 48.63  23.585239   1.179922 16.866
 57   362.299 54195.85069960 48.47  23.584519   1.183232 16.866
 57   362.178 54195.85070024 49.21  23.583789   1.186532 16.866
 57   361.798 54195.85070411 49.10  23.579423   1.206371 32.431
 57   361.710 54195.85070475 50.22  23.578703   1.209671 32.431
 57   361.614 54195.85070540 52.44  23.577973   1.212981 32.431
 57   361.499 54195.85070604 51.05  23.577243   1.216291 32.431
 57   361.601 54195.85070669 49.80  23.576523   1.219591 32.431
 57   361.583 54195.85070733 49.94  23.575793   1.222901 32.431
 57   361.572 54195.85070798 50.16  23.575063   1.226201 32.431
 57   361.475 54195.85070862 50.79  23.574343   1.229511 32.431
 58   363.909 54230.85074850 45.12  23.584653   1.181172 22.924
 58   363.817 54230.85074915 46.21  23.583923   1.184472 22.924
 58   363.713 54230.85074979 45.29  23.583193   1.187782 22.924
 58   362.113 54230.85075366 50.49  23.578841   1.207611 34.701
 58   362.111 54230.85075431 52.06  23.578111   1.210921 34.701
 58   361.894 54230.85075495 51.81  23.577381   1.214231 34.701
 58   361.916 54230.85075559 49.25  23.576661   1.217531 34.701
 58   361.851 54230.85075624 50.48  23.575931   1.220841 34.701
 58   361.880 54230.85075688 48.61  23.575201   1.224141 34.701
 58   361.824 54230.85075753 50.91  23.574481   1.227451 34.701
 58   361.729 54230.85075817 51.31  23.573751   1.230751 34.701
 59   362.162 54265.85076598 49.07  23.585542   1.179771 15.162
 59   362.655 54265.85076663 47.81  23.584812   1.183071 15.162
 59   362.489 54265.85076727 49.94  23.584082   1.186381 15.162
 59   362.149 54265.85077114 46.85  23.579731   1.206213 30.178
 59   362.141 54265.85077178 47.27  23.579001   1.209523 30.178
 59   361.743 54265.85077243 50.39  23.578271   1.212823 30.178
 59   361.792 54265.85077307 48.80  23.577551   1.216133 30.178
 59   361.650 54265.85077372 50.50  23.576821   1.219443 30.178
 59   361.556 54265.85077436 49.50  23.576091   1.222743 30.178
 59   361.522 54265.85077501 50.65  23.575371   1.226053 30.178
 59   361.460 54265.85077565 52.74  23.574641   1.229353 30.178
 60   361.492 54300.85076972 47.48  23.586936   1.176570 17.095
 60   360.742 54300.85077036 51.88  23.586206   1.179870 17.095
 60   361.646 54300.85077101 47.59  23.585486   1.183180 17.095
 60   361.451 54300.85077165 47.97  23.584756   1.186490 17.095
 60   361.335 54300.85077552 47.93  23.580395   1.206322 24.523
 60   361.334 54300.85077617 48.78  23.579675   1.209622 24.523
 60   361.533 54300.85077681 49.88  23.578945   1.212932 24.523
 60   360.918 54300.85077746 49.49  23.578215   1.216232 24.523
 60   361.009 54300.85077810 50.88  23.577495   1.219542 24.523
 60   361.372 54300.85077874 46.50  23.576765   1.222852 24.523
 60   360.832 54300.85077939 51.83  23.576035   1.226152 24.523
 60   360.908 54300.85078003 48.87  23.575315   1.229462 24.523
 61   362.389 54335.85075874 19.58  23.585519   1.180509  5.171
 61   362.110 54335.85075939 19.68  23.584799   1.183819  5.171
 61   361.871 54335.85076003 21.72  23.584069   1.187119  5.171
 61   360.948 54335.85076390 25.31  23.579712   1.206960 12.740
 61   360.891 54335.85076454 25.63  23.578982   1.210260 12.740
 61   361.157 54335.85076519 29.02  23.578262   1.213570 12.740
 61   361.070 54335.85076583 30.96  23.577532   1.216870 12.740
 61   361.298 54335.85076648 32.13  23.576802   1.220180 12.740
 61   361.462 54335.85076712 36.78  23.576082   1.223490 12.740
 61   361.487 54335.85076777 45.03  23.575352   1.226790 12.740
 61   361.860 54335.85076841 46.35  23.574632   1.230100 12.740
 62   362.009 54370.85070127 50.95  23.586802   1.177186 11.680
 62   362.214 54370.85070191 47.38  23.586072   1.180486 11.680
 62   361.859 54370.85070255 45.20  23.585342   1.183796 11.680
 62   362.004 54370.85070320 40.85  23.584622   1.187096 11.680
 62   362.120 54370.85070642 47.58  23.580987   1.203628 31.183
 62   362.161 54370.85070707 47.73  23.580257   1.206938 31.183
 62   361.907 54370.85070771 50.51  23.579527   1.210238 31.183
 62   361.647 54370.85070836 49.29  23.578807   1.213548 31.183
 62   361.568 54370.85070900 50.72  23.578077   1.216848 31.183
 62   361.501 54370.85070965 52.18  23.577347   1.220158 31.183
 62   362.004 54370.85071029 45.04  23.576627   1.223458 31.183
 62   361.518 54370.85071094 53.26  23.575897   1.226768 31.183
 62   361.656 54370.85071158 49.96  23.575167   1.230068 31.183
 63   362.873 54405.85070355 50.64  23.583959   1.182289 17.556
 63   362.766 54405.85070420 49.36  23.583229   1.185599 17.556
 63   362.617 54405.85070484 48.01  23.582509   1.188899 17.556
 63   362.615 54405.85070806 47.60  23.578870   1.205431 36.746
 63   362.672 54405.85070871 51.31  23.578140   1.208731 36.746
 63   362.518 54405.85070935 49.62  23.577420   1.212041 36.746
 63   362.319 54405.85071000 51.00  23.576690   1.215341 36.746
 63   362.330 54405.85071064 48.59  23.575960   1.218651 36.746
 63   362.206 54405.85071129 50.41  23.575240   1.221961 36.746
 63   362.276 54405.85071193 49.23  23.574510   1.225261 36.746
 63   362.226 54405.85071258 53.01  23.573790   1.228571 36.746
 63   362.352 54405.85071322 50.09  23.573060   1.231871 36.746
 64   363.507 54440.85066039 47.60  23.586151   1.178144 17.195
 64   363.322 54440.85066104 48.13  23.585421   1.181454 17.195
 64   363.182 54440.85066168 49.50  23.584701   1.184754 17.195
 64   363.129 54440.85066555 46.75  23.580342   1.204594 33.853
 64   363.221 54440.85066620 48.82  23.579612   1.207894 33.853
 64   362.719 54440.85066684 50.02  23.578882   1.211204 33.853
 64   362.764 54440.85066748 50.88  23.578152   1.214504 33.853
 64   362.567 54440.85066813 52.89  23.577432   1.217814 33.853
 64   362.537 54440.85066877 52.73  23.576702   1.221114 33.853
 64   362.687 54440.85066942 50.24  23.575972   1.224424 33.853
 64   362.859 54440.85067006 51.27  23.575252   1.227734 33.853
 65   362.123 54475.85069013 51.82  23.586933   1.177854 15.938
 65   362.752 54475.85069077 47.53  23.586203   1.181164 15.938
 65   362.794 54475.85069142 49.90  23.585473   1.184464 15.938
 65   362.266 54475.85069529 48.33  23.581122   1.204296 31.098
 65   362.159 54475.85069593 50.21  23.580392   1.207606 31.098
 65   362.151 54475.85069658 50.48  23.579662   1.210906 31.098
 65   362.069 54475.85069722 49.10  23.578942   1.214216 31.098
 65   361.954 54475.85069787 54.04  23.578212   1.217516 31.098
 65   362.173 54475.85069851 50.26  23.577482   1.220826 31.098
 65   361.966 54475.85069915 49.71  23.576762   1.224136 31.098
 65   361.939 54475.85069980 50.55  23.576032   1.227436 31.098
 66   362.413 54510.85067581 47.32  23.586074   1.178244  9.062
 66   362.486 54510.85067646 47.96  23.585344   1.181544  9.062
 66   362.688 54510.85067710 49.50  23.584628   1.184854 30.964
 66   362.452 54510.85068097 46.08  23.580258   1.204684 30.964
 66   362.117 54510.85068162 48.87  23.579538   1.207994 30.964
 66   362.064 54510.85068226 48.63  23.578808   1.211294 30.964
 66   361.893 54510.85068291 51.37  23.578078   1.214604 30.964
 66   362.192 54510.85068355 49.90  23.577358   1.217904 30.964
 66   361.860 54510.85068419 48.85  23.576628   1.221214 30.964
 66   361.908 54510.85068484 49.19  23.575898   1.224514 30.964
 66   361.964 54510.85068548 49.45  23.575178   1.227824 30.964
 67   362.219 54545.85070483 45.08  23.585323   1.180311  9.894
 67   362.204 54545.85070548 45.61  23.584593   1.183611  9.894
 67   362.056 54545.85070612 40.13  23.583864   1.186921 24.224
 67   361.980 54545.85070999 39.41  23.579504   1.206751 24.224
 67   361.620 54545.85071063 45.20  23.578784   1.210061 24.224
 67   361.662 54545.85071128 46.25  23.578054   1.213361 24.224
 67   361.539 54545.85071192 38.37  23.577324   1.216671 24.224
 67   361.542 54545.85071257 37.99  23.576604   1.219971 24.224
 67   361.519 54545.85071321 40.69  23.575874   1.223281 24.224
 67   361.399 54545.85071386 40.28  23.575144   1.226581 24.224
 67   361.402 54545.85071450 38.06  23.574424   1.229891 24.224
 68   362.227 54580.85067173 49.80  23.586936   1.178021  9.199
 68   362.101 54580.85067238 48.92  23.586216   1.181321  9.199
 68   362.055 54580.85067302 48.82  23.585484   1.184632 31.767
 68   361.862 54580.85067689 45.62  23.581124   1.204462 31.767
 68   362.005 54580.85067754 49.21  23.580404   1.207772 31.767
 68   361.847 54580.85067818 49.90  23.579674   1.211072 31.767
 68   361.521 54580.85067883 52.21  23.578944   1.214382 31.767
 68   361.435 54580.85067947 52.75  23.578224   1.217682 31.767
 68   361.373 54580.85068011 49.23  23.577494   1.220992 31.767
 68   361.546 54580.85068076 50.09  23.576764   1.224292 31.767
 68   361.574 54580.85068140 50.86  23.576044   1.227602 31.767
 69 14722.510 54615.85069430 51.78  23.586317   1.179417  9.767
 69 14723.610 54615.85069495 47.34  23.585587   1.182717  9.767
 69 14723.349 54615.85069559 50.11  23.584856   1.186029 30.976
 69 14722.999 54615.85069946 47.81  23.580496   1.205859 30.976
 69 14723.036 54615.85070011 51.32  23.579776   1.209169 30.976
 69 14722.709 54615.85070075 50.23  23.579046   1.212469 30.976
 69 14722.971 54615.85070139 50.96  23.578316   1.215779 30.976
 69 14722.733 54615.85070204 49.43  23.577596   1.219079 30.976
 69 14722.529 54615.85070268 45.83  23.576866   1.222389 30.976
 69 14722.449 54615.85070333 52.35  23.576136   1.225689 30.976
 69 14722.391 54615.85070397 52.09  23.575416   1.228999 30.976
 70   361.265 54650.85070722 45.67  23.582770   1.181854 11.295
 70   361.326 54650.85070787 47.82  23.582040   1.185154 11.295
 70   361.318 54650.85070851 48.48  23.581309   1.188465 32.303
 70   360.921 54650.85071238 47.03  23.576949   1.208295 32.303
 70   360.730 54650.85071303 51.12  23.576229   1.211605 32.303
 70   361.155 54650.85071367 50.33  23.575499   1.214905 32.303
 70   360.616 54650.85071432 47.93  23.574769   1.218215 32.303
 70   360.669 54650.85071496 49.93  23.574049   1.221515 32.303
 70   360.603 54650.85071561 50.79  23.573319   1.224825 32.303
 70   360.775 54650.85071625 51.32  23.572589   1.228125 32.303
 70   360.561 54650.85071689 51.54  23.571869   1.231435 32.303
 71   361.763 54685.85070018 49.86  23.584425   1.181410 11.086
 71   361.583 54685.85070083 50.41  23.583705   1.184720 11.086
 71   361.311 54685.85070147 47.44  23.582975   1.188020 11.086
 71   361.259 54685.85070534 47.58  23.578618   1.207861 33.702
 71   361.361 54685.85070598 47.40  23.577888   1.211161 33.702
 71   360.895 54685.85070663 50.19  23.577168   1.214471 33.702
 71   361.324 54685.85070727 51.60  23.576438   1.217771 33.702
 71   360.787 54685.85070792 48.70  23.575708   1.221081 33.702
 71   361.166 54685.85070856 50.88  23.574988   1.224381 33.702
 71   360.672 54685.85070921 53.89  23.574258   1.227691 33.702
 71   360.988 54685.85070985 50.88  23.573528   1.230991 33.702
 73   362.191 54755.85067427 46.60  23.584659   1.179637 10.555
 73   362.253 54755.85067491 48.91  23.583939   1.182937 10.555
 73   362.079 54755.85067556 51.21  23.583208   1.186249 32.146
 73   361.508 54755.85067943 42.63  23.578848   1.206079 32.146
 73   361.626 54755.85068007 34.79  23.578128   1.209389 32.146
 73   361.716 54755.85068072 41.00  23.577398   1.212689 32.146
 73   361.771 54755.85068136 48.46  23.576668   1.215999 32.146
 73   361.500 54755.85068201 48.22  23.575948   1.219299 32.146
 73   361.582 54755.85068265 51.77  23.575218   1.222609 32.146
 73   361.630 54755.85068330 50.44  23.574488   1.225909 32.146
 73   361.403 54755.85068394 51.39  23.573768   1.229219 32.146
 74   364.153 54790.85064499 39.78  23.583576   1.181614  7.446
 74   364.066 54790.85064564 39.14  23.582840   1.184923 19.570
 74   363.565 54790.85065015 29.68  23.577760   1.208063 19.570
 74   363.133 54790.85065080 28.81  23.577030   1.211363 19.570
 74   363.293 54790.85065144 28.63  23.576300   1.214673 19.570
 74   363.227 54790.85065209 29.00  23.575580   1.217973 19.570
 74   363.281 54790.85065273 31.99  23.574850   1.221283 19.570
 74   363.313 54790.85065338 38.17  23.574120   1.224583 19.570
 74   363.431 54790.85065402 42.44  23.573400   1.227893 19.570
 74   363.166 54790.85065466 46.24  23.572670   1.231193 19.570
 75   362.513 54825.85067089 50.39  23.585340   1.179961 10.707
 75   362.357 54825.85067154 49.54  23.584620   1.183261 10.707
 75   362.416 54825.85067218 49.68  23.583888   1.186571 32.545
 75   362.253 54825.85067605 48.08  23.579528   1.206401 32.545
 75   362.167 54825.85067669 50.27  23.578808   1.209711 32.545
 75   362.183 54825.85067734 49.57  23.578078   1.213011 32.545
 75   361.907 54825.85067798 51.15  23.577348   1.216321 32.545
 75   361.877 54825.85067863 50.56  23.576628   1.219621 32.545
 75   361.792 54825.85067927 50.18  23.575898   1.222931 32.545
 75   361.766 54825.85067992 50.62  23.575168   1.226231 32.545
 75   361.768 54825.85068056 50.03  23.574448   1.229541 32.545
 76   362.817 54860.85063819 49.05  23.586410   1.177408 33.155
 76   361.988 54860.85063884 52.88  23.585690   1.180708 33.155
 76   362.714 54860.85063948 48.01  23.584960   1.184018 33.155
 76   362.533 54860.85064013 48.85  23.584230   1.187318 33.155
 76   362.365 54860.85064335 46.91  23.580600   1.203848 33.155
 76   362.377 54860.85064399 48.31  23.579870   1.207158 33.155
 76   362.134 54860.85064464 49.34  23.579150   1.210458 33.155
 76   362.055 54860.85064528 51.00  23.578420   1.213768 33.155
 76   361.992 54860.85064593 51.42  23.577690   1.217068 33.155
 76   361.881 54860.85064657 51.42  23.576970   1.220378 33.155
 76   361.791 54860.85064722 47.88  23.576240   1.223678 33.155
 76   361.667 54860.85064786 52.03  23.575510   1.226988 33.155
 76   361.862 54860.85064851 49.20  23.574790   1.230298 33.155
 77   362.414 54895.85067217 47.73  23.582953   1.183480 12.943
 77   362.482 54895.85067281 49.81  23.582224   1.186791 38.276
 77   362.013 54895.85067668 44.50  23.577864   1.206621 38.276
 77   362.119 54895.85067732 50.40  23.577144   1.209931 38.276
 77   361.807 54895.85067797 53.21  23.576414   1.213231 38.276
 77   361.899 54895.85067861 51.44  23.575684   1.216541 38.276
 77   361.795 54895.85067926 50.61  23.574964   1.219841 38.276
 77   361.856 54895.85067990 49.70  23.574234   1.223151 38.276
 77   361.710 54895.85068055 51.58  23.573504   1.226451 38.276
 77   361.652 54895.85068119 51.24  23.572784   1.229761 38.276
 78   362.225 54930.85063657 49.94  23.583071   1.182331 10.583
 78   362.234 54930.85063722 48.40  23.582337   1.185640 30.227
 78   361.940 54930.85063786 51.60  23.581617   1.188940 30.227
 78   361.814 54930.85064173 45.39  23.577257   1.208780 30.227
 78   361.717 54930.85064238 51.00  23.576527   1.212080 30.227
 78   361.558 54930.85064302 50.53  23.575797   1.215390 30.227
 78   361.625 54930.85064366 48.64  23.575077   1.218690 30.227
 78   361.393 54930.85064431 50.61  23.574347   1.222000 30.227
 78   361.382 54930.85064495 51.17  23.573617   1.225300 30.227
 78   361.317 54930.85064560 53.02  23.572897   1.228610 30.227
 78   361.421 54930.85064624 51.23  23.572167   1.231910 30.227
 79   362.771 54965.85067313 48.75  23.583897   1.181843 12.886
 79   362.837 54965.85067378 46.45  23.583166   1.185155 34.501
 79   362.625 54965.85067442 47.39  23.582436   1.188455 34.501
 79   362.266 54965.85067829 46.98  23.578086   1.208295 34.501
 79   362.361 54965.85067894 49.81  23.577356   1.211595 34.501
 79   362.113 54965.85067958 50.91  23.576626   1.214905 34.501
 79   362.065 54965.85068023 52.06  23.575906   1.218205 34.501
 79   362.010 54965.85068087 50.02  23.575176   1.221515 34.501
 79   361.993 54965.85068151 51.10  23.574446   1.224815 34.501
 79   361.890 54965.85068216 50.63  23.573726   1.228125 34.501
 79   361.854 54965.85068280 50.90  23.572996   1.231425 34.501
 80   361.187 55000.85069369 49.63  23.580799   1.185187 36.206
 80   361.536 55000.85069433 49.35  23.580079   1.188487 36.206
 80   361.108 55000.85069820 45.66  23.575719   1.208327 36.206
 80   361.217 55000.85069885 44.84  23.574989   1.211627 36.206
 80   360.953 55000.85069949 50.35  23.574259   1.214937 36.206
 80   361.261 55000.85070014 46.35  23.573539   1.218237 36.206
 80   360.988 55000.85070078 46.81  23.572809   1.221547 36.206
 80   360.987 55000.85070142 51.27  23.572079   1.224847 36.206
 80   360.875 55000.85070207 51.96  23.571359   1.228157 36.206
 80   360.840 55000.85070271 50.72  23.570629   1.231457 36.206
 82   361.129 55070.85066753 48.24  23.584735   1.180518 12.525
 82   361.328 55070.85066818 42.64  23.584005   1.183818 12.525
 82   361.481 55070.85066882 43.42  23.583278   1.187130 29.386
 82   361.057 55070.85067269 48.02  23.578918   1.206960 29.386
 82   360.873 55070.85067334 45.98  23.578198   1.210270 29.386
 82   360.926 55070.85067398 41.05  23.577468   1.213570 29.386
 82   360.861 55070.85067463 44.54  23.576738   1.216880 29.386
 82   360.802 55070.85067527 46.81  23.576018   1.220180 29.386
 82   360.842 55070.85067592 44.64  23.575288   1.223490 29.386
 82   360.793 55070.85067656 49.61  23.574558   1.226790 29.386
 82   360.902 55070.85067720 49.51  23.573838   1.230100 29.386
 83   362.139 55105.85061052 48.58  23.583452   1.181430 11.879
 83   362.129 55105.85061116 48.82  23.582716   1.184742 36.393
 83   362.227 55105.85061181 50.92  23.581996   1.188042 36.393
 83   361.849 55105.85061568 48.01  23.577636   1.207882 36.393
 83   361.590 55105.85061632 51.24  23.576906   1.211182 36.393
 83   361.594 55105.85061697 48.17  23.576176   1.214492 36.393
 83   361.484 55105.85061761 50.29  23.575456   1.217792 36.393
 83   361.614 55105.85061825 50.46  23.574726   1.221102 36.393
 83   361.409 55105.85061890 50.37  23.573996   1.224402 36.393
 83   361.361 55105.85061954 52.24  23.573276   1.227712 36.393
 83   361.357 55105.85062019 49.34  23.572546   1.231022 36.393
 84   362.167 55140.85061640 49.28  23.584125   1.181641 33.591
 84   362.397 55140.85061704 48.64  23.583405   1.184951 33.591
 84   362.387 55140.85061768 46.26  23.582675   1.188251 33.591
 84   362.494 55140.85062155 46.23  23.578315   1.208091 33.591
 84   362.559 55140.85062220 40.60  23.577595   1.211391 33.591
 84   361.999 55140.85062284 43.98  23.576865   1.214701 33.591
 84   361.878 55140.85062349 47.07  23.576135   1.218001 33.591
 84   361.929 55140.85062413 50.53  23.575415   1.221311 33.591
 84   361.947 55140.85062478 48.62  23.574685   1.224611 33.591
 84   361.873 55140.85062542 52.42  23.573955   1.227921 33.591
 84   361.875 55140.85062607 48.37  23.573235   1.231231 33.591
 85   363.205 55175.85057753 47.95  23.586890   1.176709 13.280
 85   363.232 55175.85057818 51.96  23.586170   1.180009 13.280
 85   363.197 55175.85057882 48.12  23.585433   1.183319 33.627
 85   363.004 55175.85057947 46.31  23.584713   1.186619 33.627
 85   362.811 55175.85058334 52.59  23.580353   1.206459 33.627
 85   362.927 55175.85058398 52.24  23.579623   1.209759 33.627
 85   362.708 55175.85058463 51.97  23.578893   1.213069 33.627
 85   362.613 55175.85058527 52.74  23.578173   1.216369 33.627
 85   362.442 55175.85058591 51.79  23.577443   1.219679 33.627
 85   362.561 55175.85058656 47.73  23.576713   1.222979 33.627
 85   362.533 55175.85058720 50.06  23.575993   1.226289 33.627
 85   362.354 55175.85058785 50.16  23.575263   1.229589 33.627
 86   363.024 55210.85061115 46.94  23.584875   1.179346 14.263
 86   362.780 55210.85061179 50.95  23.584155   1.182646 14.263
 86   363.008 55210.85061244 47.49  23.583424   1.185958 34.676
 86   362.651 55210.85061631 47.01  23.579064   1.205788 34.676
 86   362.631 55210.85061695 48.81  23.578344   1.209098 34.676
 86   362.543 55210.85061760 50.18  23.577614   1.212398 34.676
 86   362.523 55210.85061824 51.48  23.576884   1.215708 34.676
 86   362.316 55210.85061889 51.49  23.576164   1.219008 34.676
 86   362.215 55210.85061953 49.96  23.575434   1.222318 34.676
 86   362.332 55210.85062017 49.46  23.574704   1.225618 34.676
 86   362.343 55210.85062082 51.39  23.573984   1.228928 34.676
 87   362.535 55245.85058299 46.03  23.584942   1.179107 12.754
 87   362.553 55245.85058363 47.67  23.584222   1.182407 12.754
 87   362.469 55245.85058428 49.01  23.583488   1.185717 34.273
 87   362.044 55245.85058815 46.85  23.579128   1.205547 34.273
 87   361.834 55245.85058879 49.64  23.578408   1.208857 34.273
 87   361.919 55245.85058944 50.55  23.577678   1.212157 34.273
 87   361.766 55245.85059008 52.12  23.576948   1.215467 34.273
 87   361.724 55245.85059073 50.30  23.576228   1.218767 34.273
 87   361.703 55245.85059137 48.05  23.575498   1.222077 34.273
 87   361.648 55245.85059201 50.31  23.574768   1.225377 34.273
 87   361.655 55245.85059266 49.96  23.574048   1.228687 34.273
 88   362.856 55280.85060479 49.97  23.583998   1.180949 14.687
 88   363.200 55280.85060544 48.63  23.583268   1.184249 14.687
 88   363.121 55280.85060608 46.81  23.582541   1.187559 35.066
 88   362.794 55280.85060995 47.53  23.578181   1.207389 35.066
 88   362.762 55280.85061059 47.78  23.577461   1.210699 35.066
 88   362.730 55280.85061124 50.41  23.576731   1.213999 35.066
 88   362.532 55280.85061188 50.68  23.576001   1.217309 35.066
 88   362.479 55280.85061253 51.77  23.575281   1.220609 35.066
 88   362.411 55280.85061317 48.59  23.574551   1.223919 35.066
 88   362.375 55280.85061382 51.02  23.573821   1.227219 35.066
 88   362.547 55280.85061446 48.64  23.573101   1.230529 35.066
 89   363.203 55315.85057212 46.27  23.583518   1.181081 10.728
 89   363.127 55315.85057276 48.94  23.582787   1.184392 35.379
 89   362.983 55315.85057341 46.74  23.582067   1.187692 35.379
 89   362.507 55315.85057727 48.14  23.577707   1.207532 35.379
 89   362.490 55315.85057792 48.78  23.576977   1.210832 35.379
 89   362.406 55315.85057856 49.40  23.576247   1.214142 35.379
 89   362.329 55315.85057921 51.10  23.575527   1.217442 35.379
 89   362.243 55315.85057985 50.11  23.574797   1.220752 35.379
 89   362.365 55315.85058050 48.97  23.574067   1.224052 35.379
 89   362.146 55315.85058114 50.85  23.573347   1.227362 35.379
 89   362.129 55315.85058179 49.72  23.572617   1.230662 35.379
 90   361.887 55350.85057676 50.28  23.585016   1.179552 14.445
 90   362.106 55350.85057741 51.77  23.584296   1.182852 14.445
 90   362.088 55350.85057805 49.57  23.583567   1.186165 35.732
 90   362.056 55350.85058192 51.54  23.579207   1.205995 35.732
 90   362.041 55350.85058256 51.05  23.578487   1.209305 35.732
 90   361.752 55350.85058321 52.09  23.577757   1.212605 35.732
 90   361.808 55350.85058385 53.45  23.577027   1.215915 35.732
 90   361.910 55350.85058450 51.98  23.576307   1.219215 35.732
 90   361.505 55350.85058514 50.43  23.575577   1.222525 35.732
 90   361.593 55350.85058579 50.03  23.574847   1.225825 35.732
 90   361.475 55350.85058643 50.15  23.574127   1.229135 35.732
 91   361.784 55385.85057102 40.35  23.583291   1.181062  8.112
 91   362.013 55385.85057167 42.26  23.582555   1.184372 32.173
 91   362.064 55385.85057231 42.18  23.581835   1.187672 32.173
 91   361.514 55385.85057618 45.59  23.577475   1.207512 32.173
 91   361.348 55385.85057682 43.09  23.576745   1.210812 32.173
 91   361.262 55385.85057747 47.71  23.576015   1.214122 32.173
 91   361.148 55385.85057811 50.64  23.575295   1.217422 32.173
 91   361.132 55385.85057876 48.26  23.574565   1.220732 32.173
 91   361.127 55385.85057940 50.17  23.573835   1.224032 32.173
 91   361.042 55385.85058005 53.62  23.573115   1.227342 32.173
 91   360.985 55385.85058069 51.58  23.572385   1.230652 32.173
 92   361.339 55420.85059508 51.82  23.585662   1.180275 14.620
 92   361.455 55420.85059573 51.47  23.584942   1.183575 14.620
 92   361.127 55420.85059637 49.72  23.584212   1.186885 33.077
 92   361.382 55420.85060024 50.57  23.579852   1.206715 33.077
 92   361.381 55420.85060089 48.69  23.579132   1.210025 33.077
 92   361.070 55420.85060153 51.14  23.578402   1.213325 33.077
 92   360.918 55420.85060217 53.21  23.577672   1.216635 33.077
 92   360.861 55420.85060282 53.09  23.576952   1.219935 33.077
 92   360.855 55420.85060346 48.29  23.576222   1.223245 33.077
 92   360.830 55420.85060411 51.08  23.575492   1.226545 33.077
 92   361.028 55420.85060475 49.52  23.574772   1.229855 33.077
 93   361.796 55455.85057084 48.14  23.585505   1.178848 15.384
 93   362.094 55455.85057148 51.92  23.584785   1.182158 15.384
 93   362.061 55455.85057212 50.18  23.584055   1.185458 15.384
 93   361.917 55455.85057599 50.83  23.579699   1.205301 32.737
 93   361.986 55455.85057664 51.09  23.578969   1.208601 32.737
 93   362.195 55455.85057728 50.85  23.578249   1.211911 32.737
 93   361.799 55455.85057793 51.67  23.577519   1.215211 32.737
 93   361.737 55455.85057857 50.71  23.576789   1.218521 32.737
 93   361.726 55455.85057922 51.60  23.576069   1.221821 32.737
 93   361.669 55455.85057986 49.73  23.575339   1.225131 32.737
 93   361.671 55455.85058051 50.76  23.574609   1.228431 32.737
 94   362.449 55490.85048789 19.25  23.587015   1.178587  6.999
 94   362.286 55490.85048853 20.57  23.586295   1.181897  6.999
 94   361.998 55490.85048918 21.55  23.585565   1.185197  6.999
 94   361.841 55490.85049111 21.75  23.583393   1.195120  6.259
 94   361.523 55490.85049176 21.45  23.582663   1.198420  6.259
 94   360.895 55490.85049240 21.82  23.581933   1.201730  6.259
 94   360.485 55490.85049304 22.95  23.581213   1.205030  6.259
 94   360.841 55490.85049369 23.72  23.580483   1.208340  6.259
 94   360.888 55490.85049433 23.54  23.579763   1.211650  6.259
 94   360.959 55490.85049498 24.17  23.579033   1.214950  6.259
 94   360.965 55490.85049562 25.55  23.578303   1.218260  6.259
 94   361.681 55490.85049627 26.23  23.577583   1.221560  6.259
 94   361.565 55490.85049691 24.95  23.576853   1.224870  6.259
 94   361.580 55490.85049756 22.12  23.576133   1.228170  6.259
