# NaN NaN NaN ;Mean Elev.(m), Avg Gradient(m/km), RMS Gradient(m/km) - SRTM1     
# NaN NaN NaN ;Mean Elev.(m), Avg Gradient(m/km), RMS Gradient(m/km) - ASTER GDEM
#  303.830  -0.686   2.307 ;Mean Elev.(m), Avg Gradient(m/km), RMS Gradient(m/km) - GMTED2010 
  7   301.509 52457.86644444 51.19  18.121648  -0.119307 28.074
  7   301.421 52457.86644508 48.71  18.120928  -0.115997 28.074
  7   301.515 52457.86644573 53.03  18.120198  -0.112697 28.074
  7   301.643 52457.86644637 50.31  18.119478  -0.109387 28.074
  8   301.492 52492.86642227 52.27  18.126999  -0.107100 45.366
  8   301.484 52492.86642291 51.31  18.126269  -0.103800 45.366
  8   301.630 52492.86642356 49.16  18.125549  -0.100490 45.366
 10   302.578 52562.86644385 51.98  18.123740  -0.113081 37.240
 10   302.841 52562.86644450 51.36  18.123020  -0.109781 37.240
 10   302.561 52562.86644514 53.78  18.122290  -0.106471 37.240
 13   303.168 52667.86642383 51.51  18.120737  -0.123288 27.302
 13   303.020 52667.86642448 51.10  18.120007  -0.119988 27.302
 13   303.044 52667.86642512 51.50  18.119281  -0.116680 48.755
 13   303.062 52667.86642577 54.10  18.118551  -0.113380 48.755
 14   301.569 52702.86640187 50.99  18.126248  -0.110584 23.382
 14   301.510 52702.86640252 51.82  18.125518  -0.107274 23.382
 14   301.453 52702.86640316 54.25  18.124798  -0.103974 23.382
 14   301.463 52702.86640381 51.29  18.124067  -0.100666 36.949
 16   302.626 52772.86640268 48.50  18.123813  -0.113683 16.996
 16   302.672 52772.86640332 50.65  18.123093  -0.110375  9.887
 16   302.676 52772.86640397 46.27  18.122363  -0.107075  9.887
 17   301.597 52807.86646258 31.60  18.120332  -0.124275  9.690
 17   301.269 52807.86646323 27.48  18.119600  -0.120968 16.003
 17   301.510 52807.86646387 32.03  18.118880  -0.117658 16.003
 17   301.616 52807.86646452 41.90  18.118150  -0.114358 16.003
 18   302.310 52842.86652146 52.65  18.121695  -0.119797 45.811
 18   302.294 52842.86652210 51.72  18.120975  -0.116497 45.811
 18   302.313 52842.86652274 53.25  18.120245  -0.113187 45.811
 18   302.367 52842.86652339 51.00  18.119515  -0.109887 45.811
 19   301.754 52877.86655947 53.37  18.120526  -0.121251 46.704
 19   301.832 52877.86656012 51.41  18.119796  -0.117941 46.704
 19   301.908 52877.86656076 53.36  18.119076  -0.114641 46.704
 19   301.918 52877.86656140 51.65  18.118346  -0.111331 46.704
 20   302.795 52912.86652010 18.22  18.125974  -0.107584  6.977
 20   302.833 52912.86652074 18.96  18.125244  -0.104284  6.977
 20   302.572 52912.86652139 16.89  18.124523  -0.100975 13.181
 21   302.849 52947.86647690 45.57  18.125099  -0.111400 29.932
 21   302.909 52947.86647754 50.62  18.124379  -0.108090 29.932
 21   302.948 52947.86647819 51.57  18.123649  -0.104790 29.932
 23   303.474 53017.86650417 51.46  18.121184  -0.116733 30.899
 23   303.508 53017.86650481 51.11  18.120462  -0.113425 48.601
 23   303.548 53017.86650546 54.23  18.119732  -0.110125 48.601
 24   302.279 53052.86648636 52.73  18.123590  -0.112024 46.257
 24   302.379 53052.86648701 51.24  18.122860  -0.108714 46.257
 24   302.409 53052.86648765 52.27  18.122130  -0.105414 46.257
 25   301.422 53087.86651977 53.66  18.116010  -0.129954 26.536
 25   301.552 53087.86652041 51.33  18.115280  -0.126654 26.536
 25   301.424 53087.86652106 50.82  18.114560  -0.123344 26.536
 25   301.406 53087.86652170 51.01  18.113830  -0.120044 26.536
 26   301.291 53122.86649190 22.27  18.121360  -0.119289  6.356
 26   301.500 53122.86649255 21.58  18.120630  -0.115982  9.906
 26   301.410 53122.86649319 22.67  18.119910  -0.112682  9.906
 26   301.334 53122.86649384 22.44  18.119180  -0.109372  9.906
 27   301.204 53157.86654786 49.16  18.116867  -0.127597 24.565
 27   301.364 53157.86654850 48.86  18.116147  -0.124297 24.565
 27   301.255 53157.86654915 49.29  18.115417  -0.120987 24.565
 27   301.376 53157.86654979 52.25  18.114687  -0.117687 24.565
 28   301.245 53192.86654385 50.20  18.124608  -0.113098 46.118
 28   301.358 53192.86654449 51.63  18.123888  -0.109788 46.118
 28   301.276 53192.86654514 53.12  18.123158  -0.106488 46.118
 28   301.464 53192.86654578 48.52  18.122438  -0.103178 46.118
 30   301.491 53262.86651247 50.79  18.119991  -0.124122 30.354
 30   301.462 53262.86651311 50.53  18.119261  -0.120812 30.354
 30   301.458 53262.86651375 50.66  18.118531  -0.117512 30.354
 30   301.515 53262.86651440 53.41  18.117812  -0.114203 42.879
 33   303.297 53367.86646834 50.53  18.123362  -0.114090 48.713
 33   303.280 53367.86646898 53.25  18.122632  -0.110790 48.713
 33   303.276 53367.86646963 53.00  18.121912  -0.107480 48.713
 34   301.524 53402.86649719 50.06  18.121352  -0.116639 28.250
 34   301.512 53402.86649784 50.11  18.120622  -0.113339 28.250
 34   301.431 53402.86649848 52.28  18.119902  -0.110029 28.250
 35   300.767 53437.86648608 48.87  18.122223  -0.115140 38.063
 35   300.929 53437.86648673 52.65  18.121493  -0.111840 38.063
 35   300.830 53437.86648737 52.23  18.120763  -0.108530 38.063
 36   301.703 53472.86653926 52.26  18.119404  -0.125763 23.813
 36   301.652 53472.86653990 52.31  18.118674  -0.122463 23.813
 36   301.785 53472.86654055 48.83  18.117945  -0.119157 43.789
 36   301.800 53472.86654119 51.84  18.117215  -0.115847 43.789
 37   301.690 53507.86656678 52.30  18.120580  -0.123471 26.781
 37   301.706 53507.86656743 51.12  18.119860  -0.120161 26.781
 37   301.738 53507.86656807 50.58  18.119130  -0.116861 26.781
 37   301.773 53507.86656872 48.95  18.118404  -0.113553 41.758
 38   301.827 53542.86657571 51.23  18.119484  -0.126379 25.664
 38   301.869 53542.86657635 50.73  18.118754  -0.123079 25.664
 38   301.900 53542.86657700 50.81  18.118028  -0.119769 42.762
 38   301.916 53542.86657764 51.36  18.117298  -0.116469 42.762
 38   301.939 53542.86657828 51.28  18.116578  -0.113159 42.762
 39   301.050 53577.86656082 17.47  18.120752  -0.122396 17.662
 39   300.989 53577.86656147 13.44  18.120032  -0.119086 17.662
 39   300.837 53577.86656211 11.61  18.119302  -0.115786 17.662
 39   300.875 53577.86656276 11.47  18.118579  -0.112476  6.779
 40   302.031 53612.86651336 52.06  18.119949  -0.123322 46.727
 40   301.971 53612.86651401 50.38  18.119219  -0.120022 46.727
 40   301.951 53612.86651465 53.74  18.118489  -0.116712 46.727
 40   301.997 53612.86651530 52.51  18.117769  -0.113412 46.727
 41   302.306 53647.86651987 49.72  18.122946  -0.116922 44.088
 41   302.317 53647.86652051 51.40  18.122216  -0.113622 44.088
 41   302.200 53647.86652116 55.92  18.121496  -0.110312 44.088
 41   302.348 53647.86652180 49.41  18.120766  -0.107012 44.088
 42   302.912 53682.86653264 52.75  18.118529  -0.129334 31.425
 42   302.948 53682.86653329 52.79  18.117799  -0.126034 31.425
 42   302.961 53682.86653393 54.18  18.117079  -0.122724 31.425
 42   302.863 53682.86653458 54.32  18.116349  -0.119424 31.425
 42   302.868 53682.86653522 51.37  18.115624  -0.116115 48.785
 43   303.402 53717.86646273 52.23  18.123878  -0.113409 49.226
 43   303.412 53717.86646337 54.01  18.123148  -0.110109 49.226
 43   303.422 53717.86646402 50.34  18.122428  -0.106799 49.226
 44   301.989 53752.86638397 53.04  18.126212  -0.108993 46.831
 44   302.041 53752.86638461 52.93  18.125482  -0.105683 46.831
 44   302.083 53752.86638525 51.78  18.124762  -0.102383 46.831
 45   301.316 53787.86641345 52.57  18.124471  -0.112401 41.400
 45   301.318 53787.86641410 54.94  18.123751  -0.109091 41.400
 45   301.341 53787.86641474 52.79  18.123021  -0.105781 41.400
 46   301.598 53822.86636813 52.28  18.124042  -0.113002 19.391
 46   301.698 53822.86636877 51.28  18.123312  -0.109692 19.391
 46   301.715 53822.86636942 49.68  18.122582  -0.106382 19.391
 47   301.561 53857.86645815 51.29  18.119135  -0.124997 29.300
 47   301.578 53857.86645880 50.87  18.118405  -0.121697 29.300
 47   301.704 53857.86645944 53.54  18.117685  -0.118387 29.300
 47   301.787 53857.86646009 50.75  18.116955  -0.115087 29.300
 48   302.411 53892.86647469 52.49  18.124310  -0.112199 50.117
 48   302.358 53892.86647534 51.34  18.123580  -0.108889 50.117
 48   302.435 53892.86647598 51.01  18.122850  -0.105589 50.117
 50   301.044 53962.86651339 53.33  18.117374  -0.129952 30.355
 50   301.186 53962.86651404 51.31  18.116654  -0.126652 30.355
 50   301.236 53962.86651468 50.04  18.115924  -0.123342 30.355
 50   301.275 53962.86651533 51.32  18.115194  -0.120042 30.355
 50   301.283 53962.86651597 48.00  18.114474  -0.116732 30.355
 51   301.311 53997.86646327 52.45  18.123071  -0.113128 19.510
 51   301.327 53997.86646392 52.61  18.122334  -0.109822 44.342
 51   301.355 53997.86646456 53.75  18.121614  -0.106522 44.342
 52   302.269 54032.86651305 51.12  18.123003  -0.112938 22.113
 52   302.159 54032.86651369 52.86  18.122273  -0.109628 41.884
 52   302.173 54032.86651434 52.74  18.121553  -0.106328 41.884
 54   304.116 54102.86646432 50.28  18.121718  -0.119911 34.986
 54   304.123 54102.86646497 50.07  18.120988  -0.116611 34.986
 54   304.209 54102.86646561 52.00  18.120268  -0.113301 34.986
 54   304.119 54102.86646626 51.56  18.119538  -0.110001 34.986
 55   302.313 54137.86643498 49.38  18.121143  -0.117904 22.458
 55   302.328 54137.86643562 53.63  18.120423  -0.114604 22.458
 55   302.189 54137.86643627 53.69  18.119693  -0.111295 41.099
 56   301.774 54172.86644206 47.84  18.121427  -0.120491 21.301
 56   301.835 54172.86644270 47.54  18.120697  -0.117191 21.301
 56   301.722 54172.86644335 37.31  18.119975  -0.113881 22.698
 56   301.798 54172.86644399 33.82  18.119245  -0.110581 22.698
 57   301.637 54207.86644007 49.53  18.120442  -0.118894 21.196
 57   301.698 54207.86644071 53.11  18.119712  -0.115588 42.622
 57   301.637 54207.86644136 51.53  18.118992  -0.112278 42.622
 58   302.418 54242.86647255 51.16  18.122041  -0.119165 45.664
 58   302.444 54242.86647320 49.99  18.121311  -0.115865 45.664
 58   302.444 54242.86647384 52.93  18.120591  -0.112555 45.664
 58   302.432 54242.86647449 50.25  18.119861  -0.109255 45.664
 59   302.447 54277.86648636 49.83  18.121650  -0.118197 46.525
 59   302.486 54277.86648701 52.35  18.120920  -0.114897 46.525
 59   302.504 54277.86648765 51.53  18.120200  -0.111587 46.525
 60   301.869 54312.86648700 48.17  18.122268  -0.114881 42.966
 60   301.883 54312.86648764 51.18  18.121538  -0.111581 42.966
 60   301.890 54312.86648829 51.95  18.120818  -0.108271 42.966
 61   302.244 54347.86645801 49.34  18.122258  -0.118244 19.950
 61   302.221 54347.86645866 51.16  18.121538  -0.114936 45.354
 61   302.242 54347.86645930 54.00  18.120808  -0.111636 45.354
 61   302.289 54347.86645995 49.00  18.120078  -0.108326 45.354
 62   302.937 54382.86642386 51.24  18.122312  -0.117747 47.398
 62   302.801 54382.86642451 53.48  18.121582  -0.114447 47.398
 62   302.888 54382.86642515 52.85  18.120862  -0.111137 47.398
 62   302.965 54382.86642580 49.04  18.120132  -0.107837 47.398
 63   303.594 54417.86640707 51.94  18.121583  -0.118760 30.857
 63   303.608 54417.86640772 51.66  18.120860  -0.115451 44.348
 63   303.608 54417.86640836 51.28  18.120130  -0.112151 44.348
 63   303.597 54417.86640901 50.12  18.119410  -0.108841 44.348
 64   304.133 54452.86639369 48.64  18.121758  -0.117644 42.510
 64   304.137 54452.86639433 47.92  18.121038  -0.114344 42.510
 64   304.177 54452.86639497 50.93  18.120308  -0.111034 42.510
 65   303.378 54487.86640566 52.09  18.122553  -0.115210 29.508
 65   303.412 54487.86640630 52.85  18.121823  -0.111910 29.508
 65   303.343 54487.86640695 52.97  18.121097  -0.108600 46.188
 66   302.196 54522.86640677 49.82  18.122978  -0.117166 50.058
 66   302.219 54522.86640742 52.43  18.122248  -0.113856 50.058
 66   302.240 54522.86640806 53.76  18.121518  -0.110556 50.058
 66   302.261 54522.86640871 50.91  18.120798  -0.107246 50.058
 67   301.935 54557.86641494 36.91  18.121700  -0.118787 26.927
 67   302.017 54557.86641559 32.63  18.120980  -0.115477 26.927
 67   301.887 54557.86641623 27.66  18.120250  -0.112177 26.927
 67   301.989 54557.86641688 31.98  18.119520  -0.108867 26.927
 68   302.119 54592.86640317 51.63  18.121118  -0.118822 46.521
 68   302.159 54592.86640382 53.17  18.120388  -0.115522 46.521
 68   302.190 54592.86640446 51.33  18.119658  -0.112212 46.521
 69   301.887 54627.86641824 50.61  18.121220  -0.118291 46.518
 69   301.873 54627.86641888 51.65  18.120490  -0.114991 46.518
 69   301.880 54627.86641952 54.66  18.119760  -0.111681 46.518
 70   300.909 54662.86642508 52.19  18.120014  -0.120520 45.698
 70   300.954 54662.86642573 53.29  18.119294  -0.117210 45.698
 70   301.008 54662.86642637 54.08  18.118564  -0.113900 45.698
 71   301.954 54697.86640059 51.54  18.122323  -0.114807 45.681
 71   301.959 54697.86640123 52.75  18.121593  -0.111507 45.681
 71   301.969 54697.86640188 52.28  18.120863  -0.108197 45.681
 72   301.813 54732.86638266 51.19  18.121599  -0.119011 40.290
 72   301.860 54732.86638331 52.62  18.120869  -0.115711 40.290
 72   301.929 54732.86638395 53.09  18.120149  -0.112401 40.290
 72   302.007 54732.86638460 49.73  18.119419  -0.109101 40.290
 73   302.507 54767.86637945 33.86  18.121878  -0.115483  9.915
 73   302.379 54767.86638009 32.40  18.121148  -0.112183  9.915
 73   302.508 54767.86638074 30.80  18.120418  -0.108873  9.915
 74   303.613 54802.86637553 52.60  18.121129  -0.120932 43.395
 74   303.565 54802.86637618 51.12  18.120409  -0.117632 43.395
 74   303.588 54802.86637682 48.95  18.119679  -0.114322 43.395
 74   303.607 54802.86637747 48.31  18.118949  -0.111022 43.395
 75   303.132 54837.86637265 51.35  18.121595  -0.116650 44.650
 75   303.167 54837.86637330 51.31  18.120865  -0.113350 44.650
 75   303.138 54837.86637394 51.42  18.120135  -0.110040 44.650
 76   302.368 54872.86637538 51.00  18.121422  -0.118942 46.634
 76   302.412 54872.86637602 49.62  18.120692  -0.115642 46.634
 76   302.457 54872.86637667 52.78  18.119972  -0.112332 46.634
 76   302.461 54872.86637731 49.51  18.119242  -0.109032 46.634
 77   302.016 54907.86637838 48.78  18.120851  -0.121709 45.106
 77   302.052 54907.86637902 51.04  18.120121  -0.118409 45.106
 77   302.065 54907.86637967 51.02  18.119391  -0.115099 45.106
 77   302.059 54907.86638031 52.40  18.118671  -0.111799 45.106
 78   301.899 54942.86636775 49.00  18.121115  -0.121854 45.013
 78   301.962 54942.86636840 49.12  18.120395  -0.118544 45.013
 78   301.997 54942.86636904 52.11  18.119665  -0.115234 45.013
 78   301.937 54942.86636969 52.37  18.118935  -0.111934 45.013
 79   302.554 54977.86639604 50.99  18.120639  -0.119447 45.422
 79   302.584 54977.86639669 50.15  18.119909  -0.116147 45.422
 79   302.541 54977.86639733 50.71  18.119179  -0.112837 45.422
 80   301.814 55012.86640233 49.99  18.121509  -0.119979 43.716
 80   301.863 55012.86640298 50.34  18.120789  -0.116669 43.716
 80   301.890 55012.86640362 50.72  18.120059  -0.113369 43.716
 80   301.728 55012.86640427 49.07  18.119329  -0.110059 43.716
 81   301.389 55047.86639559 51.77  18.121831  -0.116652 41.999
 81   301.374 55047.86639623 53.98  18.121101  -0.113342 41.999
 81   301.345 55047.86639688 51.17  18.120371  -0.110042 41.999
 82   301.868 55082.86636601 51.10  18.122046  -0.119223 46.763
 82   301.997 55082.86636665 52.71  18.121316  -0.115913 46.763
 82   302.059 55082.86636730 54.80  18.120596  -0.112613 46.763
 82   302.056 55082.86636794 49.32  18.119866  -0.109303 46.763
 83   302.089 55117.86632716 52.43  18.122465  -0.117045 47.460
 83   302.097 55117.86632781 54.00  18.121735  -0.113745 47.460
 83   302.189 55117.86632845 53.65  18.121015  -0.110435 47.460
 83   302.202 55117.86632910 51.08  18.120285  -0.107125 47.460
 84   303.156 55152.86632389 49.78  18.120881  -0.118323 39.518
 84   303.181 55152.86632453 54.07  18.120161  -0.115013 39.518
 84   303.122 55152.86632518 51.03  18.119431  -0.111713 39.518
 85   303.487 55187.86631482 50.34  18.120834  -0.118520 45.973
 85   303.520 55187.86631546 53.91  18.120104  -0.115220 45.973
 85   303.551 55187.86631611 50.31  18.119384  -0.111910 45.973
 86   302.988 55222.86632275 49.71  18.121598  -0.120250 50.420
 86   303.020 55222.86632340 49.75  18.120878  -0.116940 50.420
 86   303.049 55222.86632404 51.04  18.120148  -0.113640 50.420
 86   302.981 55222.86632469 51.70  18.119418  -0.110330 50.420
 87   302.410 55257.86631053 49.68  18.122308  -0.117049 45.346
 87   302.469 55257.86631118 53.90  18.121578  -0.113749 45.346
 87   302.462 55257.86631182 54.43  18.120848  -0.110439 45.346
 88   302.795 55292.86631081 51.34  18.121172  -0.117692 48.480
 88   302.870 55292.86631146 52.72  18.120442  -0.114382 48.480
 88   302.877 55292.86631210 51.79  18.119722  -0.111082 48.480
 89   303.075 55327.86629438 50.68  18.119931  -0.120864 47.928
 89   303.131 55327.86629502 50.42  18.119211  -0.117554 47.928
 89   303.009 55327.86629567 51.73  18.118481  -0.114244 47.928
 89   302.978 55327.86629631 47.04  18.117751  -0.110944 47.928
 90   302.366 55362.86629029 55.13  18.121232  -0.116748 43.818
 90   302.407 55362.86629094 53.65  18.120502  -0.113448 43.818
 90   302.467 55362.86629158 51.74  18.119772  -0.110138 43.818
 91   301.613 55397.86629838 21.10  18.121097  -0.117621 11.404
 91   301.895 55397.86629902 21.62  18.120367  -0.114321 11.404
 91   302.025 55397.86629967 25.50  18.119647  -0.111011 11.404
 92   301.867 55432.86630609 51.80  18.122935  -0.116131 44.261
 92   301.983 55432.86630673 53.74  18.122205  -0.112831 44.261
 92   302.063 55432.86630738 53.70  18.121475  -0.109521 44.261
 92   302.041 55432.86630802 50.11  18.120755  -0.106221 44.261
 93   302.324 55467.86626423 54.09  18.122181  -0.114815 44.970
 93   302.378 55467.86626488 53.57  18.121451  -0.111515 44.970
 93   302.418 55467.86626552 51.96  18.120721  -0.108205 44.970
