#  339.003  -2.116   2.741 ;Mean Elev.(m), Avg Gradient(m/km), RMS Gradient(m/km) - SRTM1     
#  332.871  -1.999   6.307 ;Mean Elev.(m), Avg Gradient(m/km), RMS Gradient(m/km) - ASTER GDEM
#  339.720  -0.675   3.968 ;Mean Elev.(m), Avg Gradient(m/km), RMS Gradient(m/km) - GMTED2010 
  7   336.837 52467.85689716 17.94  21.232902   2.063552  9.280
  7   336.732 52467.85689780 18.22  21.232182   2.066862  9.280
  7   336.806 52467.85689845 19.48  21.231452   2.070172  9.280
  7   337.006 52467.85689909 19.58  21.230722   2.073472  9.280
  8   336.799 52502.85688712 51.46  21.232687   2.064183 29.820
  8   336.820 52502.85688777 53.06  21.231957   2.067483 29.820
  8   336.839 52502.85688841 52.08  21.231227   2.070793 29.820
  8   336.853 52502.85688906 48.35  21.230507   2.074093 29.820
  9   337.323 52537.85687190 54.97  21.234002   2.064425 35.775
  9   337.356 52537.85687255 53.46  21.233272   2.067735 35.775
  9   337.312 52537.85687319 51.94  21.232542   2.071045 35.775
  9   337.322 52537.85687384 51.49  21.231822   2.074345 35.775
 10   337.652 52572.85691084 54.72  21.231652   2.062381 41.361
 10   337.680 52572.85691149 53.81  21.230932   2.065691 41.361
 10   337.693 52572.85691213 53.52  21.230202   2.068991 41.361
 10   337.699 52572.85691278 51.33  21.229472   2.072301 41.361
 11   338.646 52607.85686917 50.25  21.236066   2.066099 25.298
 11   338.663 52607.85686981 50.40  21.235346   2.069399 25.298
 11   338.694 52607.85687046 50.06  21.234610   2.072712 31.376
 12   338.915 52642.85686585 53.55  21.232727   2.064442 34.471
 12   338.935 52642.85686650 51.88  21.232007   2.067742 34.471
 12   338.944 52642.85686714 53.18  21.231277   2.071052 34.471
 12   338.967 52642.85686779 49.91  21.230547   2.074352 34.471
 13   337.731 52677.85685011 52.71  21.236785   2.066344 31.799
 13   337.761 52677.85685075 53.89  21.236055   2.069644 31.799
 13   337.781 52677.85685140 51.95  21.235325   2.072954 31.799
 14   336.878 52712.85688520 49.45  21.232410   2.062078 27.459
 14   336.892 52712.85688584 51.42  21.231680   2.065388 27.459
 14   336.909 52712.85688648 53.01  21.230950   2.068688 27.459
 14   336.920 52712.85688713 52.19  21.230226   2.072001 25.079
 15   337.088 52747.85691120 49.80  21.225469   2.061123 28.878
 15   337.114 52747.85691185 53.84  21.224739   2.064433 28.878
 15   337.121 52747.85691249 48.75  21.224019   2.067733 28.878
 15   337.123 52747.85691313 54.14  21.223284   2.071045 29.492
 15   337.130 52747.85691378 48.23  21.222564   2.074345 29.492
 16   337.679 52782.85685165 50.94  21.232247   2.062385 21.245
 16   337.712 52782.85685230 50.05  21.231527   2.065695 21.245
 16   337.646 52782.85685294 49.97  21.230797   2.068995 21.245
 16   337.486 52782.85685359 40.74  21.230070   2.072306 23.961
 17   337.039 52817.85692997 50.20  21.231600   2.062630 22.570
 17   337.072 52817.85693062 50.19  21.230880   2.065940 22.570
 17   337.068 52817.85693126 53.58  21.230150   2.069240 22.570
 17   337.046 52817.85693191 51.57  21.229423   2.072551 23.769
 18   337.345 52852.85698014 51.37  21.235097   2.064158 25.320
 18   337.378 52852.85698079 50.44  21.234367   2.067468 25.320
 18   337.363 52852.85698143 50.46  21.233637   2.070768 25.320
 18   337.390 52852.85698208 50.70  21.232914   2.074079 24.624
 20   337.813 52922.85696887 52.93  21.233482   2.065307 31.085
 20   337.852 52922.85696952 53.10  21.232752   2.068617 31.085
 20   337.818 52922.85697016 53.17  21.232032   2.071917 31.085
 22   338.550 52992.85695840 51.62  21.237417   2.064735 29.114
 22   338.559 52992.85695905 54.17  21.236687   2.068035 29.114
 22   338.579 52992.85695969 52.12  21.235966   2.071346 33.436
 22   338.582 52992.85696034 48.00  21.235236   2.074646 33.436
 23   337.723 53027.85692432 50.24  21.238833   2.067191 27.323
 23   337.741 53027.85692497 51.72  21.238113   2.070491 27.323
 25   336.776 53097.85695097 39.78  21.229404   2.061217 22.257
 25   336.597 53097.85695161 29.84  21.228684   2.064527 22.257
 25   336.250 53097.85695225 27.21  21.227954   2.067827 22.257
 25   336.036 53097.85695290 26.45  21.227224   2.071137 22.257
 25   335.766 53097.85695354 23.82  21.226504   2.074437 22.257
 28   336.099 53202.85700574 50.29  21.233225   2.062357 23.429
 28   336.128 53202.85700639 44.92  21.232495   2.065667 23.429
 28   335.975 53202.85700703 42.19  21.231765   2.068967 23.429
 28   336.079 53202.85700768 41.12  21.231045   2.072280 21.555
 30   336.743 53272.85693325 51.48  21.236489   2.064760 23.232
 30   336.774 53272.85693389 54.94  21.235759   2.068060 23.232
 30   336.758 53272.85693454 53.08  21.235030   2.071371 23.873
 30   336.791 53272.85693518 50.74  21.234300   2.074671 23.873
 31   337.137 53307.85699406 50.01  21.229256   2.061654 24.845
 31   337.205 53307.85699471 38.13  21.228536   2.064954 24.845
 31   337.106 53307.85699535 35.62  21.227806   2.068264 24.845
 31   337.203 53307.85699600 42.82  21.227076   2.071564 24.845
 31   337.196 53307.85699664 44.55  21.226354   2.074876 15.402
 32   338.080 53342.85696102 49.69  21.234112   2.063478 30.858
 32   338.120 53342.85696166 54.59  21.233382   2.066778 30.858
 32   338.161 53342.85696231 53.16  21.232652   2.070088 30.858
 32   338.200 53342.85696295 50.83  21.231932   2.073388 30.858
 33   338.062 53377.85690003 51.07  21.237706   2.066879 25.308
 33   338.071 53377.85690067 51.14  21.236978   2.070189 29.627
 34   337.286 53412.85693744 53.20  21.237904   2.066718 23.858
 34   337.202 53412.85693808 52.95  21.237174   2.070028 23.858
 35   336.322 53447.85692401 12.06  21.233869   2.065548 13.044
 35   336.311 53447.85692466 12.63  21.233139   2.068858 13.044
 35   336.482 53447.85692530 13.50  21.232409   2.072158 13.044
 37   337.150 53517.85701004 52.23  21.234971   2.064574 24.507
 37   337.187 53517.85701068 52.80  21.234241   2.067884 24.507
 37   337.217 53517.85701133 50.63  21.233521   2.071184 24.507
 37   337.265 53517.85701197 48.98  21.232793   2.074497 25.212
 38   336.759 53552.85703116 49.65  21.227976   2.062501 28.345
 38   336.782 53552.85703181 52.84  21.227246   2.065811 28.345
 38   336.778 53552.85703245 49.90  21.226516   2.069111 28.345
 38   336.766 53552.85703310 49.90  21.225797   2.072425 26.404
 39   336.448 53587.85698230 52.15  21.238386   2.065667 27.702
 39   336.373 53587.85698294 50.46  21.237656   2.068967 27.702
 40   336.647 53622.85695162 28.58  21.228012   2.061667 20.821
 40   335.994 53622.85695226 23.11  21.227292   2.064977 20.821
 40   335.642 53622.85695291 25.61  21.226562   2.068277 20.821
 40   335.880 53622.85695355 21.88  21.225834   2.071587 14.489
 40   335.721 53622.85695420 22.35  21.225104   2.074887 14.489
 41   336.845 53657.85697915 49.61  21.232563   2.062648 26.898
 41   336.826 53657.85697979 52.05  21.231833   2.065958 26.898
 41   336.817 53657.85698044 53.40  21.231103   2.069258 26.898
 41   336.828 53657.85698108 53.30  21.230380   2.072570 25.884
 42   338.137 53692.85696158 51.72  21.233408   2.062129 32.918
 42   338.174 53692.85696223 51.66  21.232688   2.065439 32.918
 42   338.192 53692.85696287 55.44  21.231958   2.068739 32.918
 42   338.188 53692.85696352 52.21  21.231228   2.072049 32.918
 43   337.582 53727.85688543 51.63  21.237184   2.065244 24.237
 43   337.592 53727.85688608 50.65  21.236454   2.068544 24.237
 43   337.587 53727.85688672 49.79  21.235724   2.071854 24.237
 44   336.873 53762.85684268 50.60  21.240612   2.067884 25.267
 44   336.902 53762.85684333 52.29  21.239882   2.071184 25.267
 45   336.759 53797.85685300 42.62  21.237822   2.066664 21.071
 45   336.798 53797.85685364 41.16  21.237092   2.069974 21.071
 47   338.658 53867.85691171 43.70  21.232729   2.061676 27.926
 47   338.655 53867.85691236 46.05  21.231999   2.064986 27.926
 47   338.643 53867.85691300 48.33  21.231269   2.068296 27.926
 47   338.586 53867.85691365 47.09  21.230549   2.071596 27.926
 48   336.613 53902.85694326 21.38  21.233062   2.062864 13.974
 48   336.329 53902.85694390 21.81  21.232332   2.066174 13.974
 48   336.451 53902.85694455 23.63  21.231602   2.069474 13.974
 48   336.571 53902.85694519 25.08  21.230882   2.072786 19.873
 49   336.284 53937.85697985 50.96  21.224842   2.059602 33.062
 49   336.325 53937.85698049 52.11  21.224112   2.062902 33.062
 49   336.402 53937.85698114 45.46  21.223382   2.066212 33.062
 49   336.359 53937.85698178 45.93  21.222662   2.069512 33.062
 49   336.382 53937.85698243 50.98  21.221932   2.072822 33.062
 50   336.790 53972.85694332 51.22  21.231051   2.063399 30.678
 50   336.789 53972.85694397 54.32  21.230321   2.066699 30.678
 50   336.770 53972.85694461 53.03  21.229601   2.070009 30.678
 50   336.742 53972.85694526 51.64  21.228871   2.073309 30.678
 51   337.155 54007.85693141 44.17  21.235443   2.066499 23.229
 51   337.106 54007.85693205 41.86  21.234713   2.069799 23.229
 51   337.140 54007.85693270 35.09  21.233993   2.073109 23.229
 52   337.719 54042.85695484 52.00  21.238663   2.066582 30.228
 52   337.739 54042.85695549 50.19  21.237933   2.069892 30.228
 53   339.259 54077.85694806 43.32  21.234719   2.064461 24.674
 53   339.190 54077.85694870 36.76  21.233989   2.067771 24.674
 53   339.167 54077.85694935 36.07  21.233269   2.071081 24.674
 53   339.204 54077.85694999 38.34  21.232539   2.074381 24.674
 54   338.328 54112.85688714 54.78  21.233961   2.065579 38.705
 54   338.338 54112.85688779 52.08  21.233231   2.068879 38.705
 54   338.362 54112.85688843 53.09  21.232501   2.072189 38.705
 55   337.773 54147.85689217 50.82  21.233866   2.063413 30.231
 55   337.817 54147.85689282 52.33  21.233136   2.066723 30.231
 55   337.762 54147.85689346 49.40  21.232416   2.070023 30.231
 55   337.818 54147.85689411 51.78  21.231686   2.073333 30.231
 56   337.432 54182.85687556 54.07  21.234303   2.065287 24.176
 56   337.466 54182.85687620 51.72  21.233571   2.068600 30.769
 56   337.493 54182.85687685 51.35  21.232851   2.071900 30.769
 57   337.398 54217.85690070 50.88  21.233037   2.064458 34.468
 57   337.429 54217.85690134 51.28  21.232307   2.067758 34.468
 57   337.437 54217.85690199 53.02  21.231577   2.071068 34.468
 57   337.458 54217.85690263 49.53  21.230857   2.074368 34.468
 58   337.455 54252.85692674 51.43  21.233238   2.064864 31.957
 58   337.486 54252.85692739 50.49  21.232508   2.068174 31.957
 58   337.503 54252.85692803 52.78  21.231788   2.071474 31.957
 59   337.061 54287.85693098 52.53  21.235946   2.064909 31.920
 59   337.075 54287.85693162 50.14  21.235226   2.068209 31.920
 59   337.090 54287.85693227 52.22  21.234496   2.071519 31.920
 60   337.217 54322.85692811 52.15  21.235665   2.065789 27.759
 60   337.225 54322.85692876 49.26  21.234935   2.069089 27.759
 60   337.239 54322.85692940 50.09  21.234205   2.072399 27.759
 61   337.305 54357.85688601 25.95  21.235484   2.066218 16.012
 61   337.238 54357.85688666 25.98  21.234764   2.069518 16.012
 61   337.504 54357.85688730 34.73  21.234034   2.072828 16.012
 62   338.103 54392.85686822 51.85  21.235309   2.064320 30.536
 62   338.141 54392.85686886 52.27  21.234579   2.067620 30.536
 62   338.144 54392.85686951 50.02  21.233849   2.070930 30.536
 62   338.175 54392.85687015 51.02  21.233129   2.074230 30.536
 63   338.493 54427.85683593 50.47  21.235588   2.066306 37.541
 63   338.495 54427.85683657 50.86  21.234868   2.069606 37.541
 63   338.529 54427.85683721 53.18  21.234138   2.072916 37.541
 64   338.638 54462.85684625 49.33  21.235602   2.063985 37.194
 64   338.640 54462.85684689 51.51  21.234872   2.067285 37.194
 64   338.666 54462.85684754 53.08  21.234142   2.070595 37.194
 64   338.679 54462.85684818 52.19  21.233422   2.073895 37.194
 65   337.967 54497.85684469 52.96  21.235651   2.066178 26.853
 65   337.997 54497.85684534 52.70  21.234921   2.069488 26.853
 65   338.026 54497.85684598 50.10  21.234201   2.072788 26.853
 66   337.389 54532.85685995 50.47  21.236081   2.065747 22.491
 66   337.369 54532.85686060 51.47  21.235361   2.069058 27.110
 66   337.375 54532.85686124 51.41  21.234631   2.072358 27.110
 67   337.363 54567.85684889 51.99  21.235635   2.063509 23.779
 67   337.400 54567.85684953 51.86  21.234915   2.066809 23.779
 67   337.432 54567.85685018 51.88  21.234182   2.070121 27.112
 67   337.478 54567.85685082 50.71  21.233462   2.073421 27.112
 68   337.052 54602.85685522 49.77  21.234255   2.063157 20.384
 68   337.092 54602.85685586 52.44  21.233534   2.066470 29.989
 68   337.102 54602.85685651 51.16  21.232804   2.069770 29.989
 68   337.106 54602.85685715 51.47  21.232074   2.073080 29.989
 69   337.197 54637.85686616 52.07  21.233504   2.064182 23.289
 69   337.210 54637.85686680 54.64  21.232785   2.067495 30.502
 69   337.218 54637.85686745 52.52  21.232055   2.070795 30.502
 69   337.233 54637.85686809 51.88  21.231325   2.074105 30.502
 70   336.706 54672.85686942 53.65  21.233312   2.065028 33.428
 70   336.716 54672.85687007 53.07  21.232582   2.068338 33.428
 70   336.715 54672.85687071 52.96  21.231852   2.071648 33.428
 71   337.225 54707.85682894 49.79  21.236012   2.067000 24.682
 71   337.215 54707.85682958 50.70  21.235277   2.070313 26.815
 71   337.249 54707.85683023 51.32  21.234557   2.073613 26.815
 72   337.366 54742.85683472 47.78  21.234692   2.063497 18.748
 72   337.355 54742.85683536 49.81  21.233971   2.066811 27.981
 72   337.246 54742.85683601 49.31  21.233241   2.070111 27.981
 72   337.268 54742.85683665 48.37  21.232511   2.073421 27.981
 73   338.044 54777.85681015 51.91  21.235962   2.066696 25.592
 73   338.055 54777.85681079 51.92  21.235226   2.070008 31.165
 73   338.094 54777.85681144 52.68  21.234506   2.073308 31.165
 74   337.946 54812.85682805 47.36  21.234592   2.064953 23.997
 74   337.965 54812.85682869 51.30  21.233869   2.068264 30.965
 74   337.984 54812.85682934 52.54  21.233139   2.071564 30.965
 75   337.455 54847.85681046 50.77  21.234692   2.065576 23.434
 75   337.439 54847.85681111 50.22  21.233957   2.068890 27.407
 75   337.464 54847.85681175 52.82  21.233237   2.072190 27.407
 76   337.587 54882.85683126 49.41  21.233629   2.063839 24.136
 76   337.619 54882.85683190 51.22  21.232908   2.067152 30.390
 76   337.648 54882.85683255 52.13  21.232178   2.070452 30.390
 76   337.693 54882.85683319 48.00  21.231448   2.073762 30.390
 77   337.266 54917.85681231 49.50  21.232917   2.063926 25.902
 77   337.271 54917.85681295 52.57  21.232197   2.067226 25.902
 77   337.299 54917.85681359 52.74  21.231465   2.070537 31.100
 77   337.333 54917.85681424 51.84  21.230745   2.073837 31.100
 78   337.731 54952.85682572 51.01  21.233470   2.063384 22.830
 78   337.767 54952.85682637 49.47  21.232749   2.066696 29.456
 78   337.808 54952.85682701 51.73  21.232019   2.069996 29.456
 78   337.835 54952.85682766 52.78  21.231289   2.073306 29.456
 79   337.671 54987.85684996 47.89  21.232106   2.062669 22.975
 79   337.697 54987.85685060 52.21  21.231385   2.065982 30.720
 79   337.725 54987.85685125 51.54  21.230655   2.069282 30.720
 79   337.756 54987.85685189 51.81  21.229925   2.072592 30.720
 80   337.231 55022.85684205 52.31  21.236037   2.064805 23.899
 80   337.236 55022.85684270 49.68  21.235309   2.068117 27.270
 80   337.250 55022.85684334 51.43  21.234579   2.071417 27.270
 81   336.608 55057.85683815 50.65  21.234850   2.065325 25.277
 81   336.638 55057.85683879 50.28  21.234122   2.068637 28.553
 81   336.663 55057.85683944 52.28  21.233402   2.071937 28.553
 82   336.976 55092.85679323 49.77  21.234622   2.063191 21.619
 82   336.978 55092.85679388 49.52  21.233902   2.066491 21.619
 82   336.956 55092.85679452 51.29  21.233169   2.069806 28.137
 82   336.986 55092.85679517 52.63  21.232449   2.073106 28.137
 83   337.665 55127.85677788 52.47  21.234768   2.064367 23.171
 83   337.682 55127.85677852 49.68  21.234048   2.067679 28.676
 83   337.713 55127.85677917 51.35  21.233318   2.070979 28.676
 83   337.751 55127.85677981 50.67  21.232588   2.074289 28.676
 84   338.330 55162.85675439 51.63  21.234895   2.064385 27.215
 84   338.313 55162.85675504 50.53  21.234175   2.067685 27.215
 84   338.311 55162.85675568 52.64  21.233438   2.070997 34.893
 84   338.338 55162.85675633 51.78  21.232718   2.074297 34.893
 85   338.198 55197.85676936 49.51  21.234033   2.064070 25.151
 85   338.214 55197.85677000 50.34  21.233310   2.067382 34.635
 85   338.213 55197.85677065 52.85  21.232580   2.070682 34.635
 85   338.230 55197.85677129 51.99  21.231850   2.073992 34.635
 86   337.856 55232.85675898 51.31  21.233899   2.065677 26.140
 86   337.785 55232.85675962 51.69  21.233165   2.068991 28.801
 86   337.796 55232.85676027 52.30  21.232445   2.072291 28.801
 87   338.080 55267.85676380 51.60  21.234767   2.065342 25.670
 87   338.077 55267.85676444 50.71  21.234048   2.068653 31.601
 87   338.096 55267.85676509 51.66  21.233318   2.071953 31.601
 88   338.609 55302.85673891 50.86  21.236246   2.064606 28.832
 88   338.611 55302.85673956 52.53  21.235526   2.067906 28.832
 88   338.629 55302.85674020 54.96  21.234793   2.071218 32.813
 88   338.615 55302.85674085 49.63  21.234073   2.074518 32.813
 89   338.213 55337.85673832 52.66  21.234327   2.064636 25.637
 89   338.228 55337.85673897 50.64  21.233599   2.067950 35.998
 89   338.186 55337.85673961 53.62  21.232879   2.071250 35.998
 89   338.227 55337.85674026 48.94  21.232149   2.074560 35.998
 90   337.734 55372.85672811 49.18  21.235683   2.064516 24.976
 90   337.759 55372.85672876 49.82  21.234955   2.067828 28.314
 90   337.789 55372.85672940 52.76  21.234235   2.071128 28.314
 90   337.793 55372.85673005 49.82  21.233505   2.074438 28.314
 91   337.314 55407.85674865 44.87  21.236125   2.064383 17.602
 91   337.329 55407.85674929 38.72  21.235404   2.067694 22.976
 91   337.394 55407.85674994 41.88  21.234674   2.070994 22.976
 91   337.346 55407.85675058 44.97  21.233944   2.074304 22.976
 92   336.823 55442.85674721 51.24  21.234974   2.065558 26.140
 92   336.828 55442.85674785 50.11  21.234246   2.068871 29.700
 92   336.832 55442.85674850 53.06  21.233526   2.072171 29.700
 93   337.131 55477.85668639 46.87  21.236376   2.064459 22.393
 93   337.148 55477.85668703 49.93  21.235656   2.067759 22.393
 93   337.158 55477.85668768 48.12  21.234924   2.071073 25.231
 93   337.184 55477.85668832 49.46  21.234204   2.074373 25.231
