#  361.053  -2.411   7.572 ;Mean Elev.(m), Avg Gradient(m/km), RMS Gradient(m/km) - SRTM1     
#  350.393  -2.627   7.802 ;Mean Elev.(m), Avg Gradient(m/km), RMS Gradient(m/km) - ASTER GDEM
#  361.942  -2.974   7.658 ;Mean Elev.(m), Avg Gradient(m/km), RMS Gradient(m/km) - GMTED2010 
  7  23.561390   1.235303   361.241   361.042  9 52445.85076511 47.168
  8  23.569023   1.228482   360.761   360.488 13 52480.85075520 21.167
  9  23.584390   1.200740   361.382   361.323 13 52515.85070005 44.345
 10  23.568890   1.226649   361.242   361.125 13 52550.85075239 50.891
 11  23.589057   1.198366   362.532   362.551 18 52585.85071779 50.330
 12  23.574732   1.215290   363.049   363.003 11 52620.85070371 51.246
 15  23.578935   1.210511   361.882   361.497 13 52725.85073172 24.040
 16  23.561302   1.235735   362.263   362.184  9 52760.85075373 50.411
 17  23.584869   1.202215   361.596   361.587 16 52795.85070500 49.010
 18  23.586921   1.199780   362.144   362.160 18 52830.85077091 50.230
 19  23.588442   1.202408   361.557   361.488 15 52865.85081513 46.575
 20  23.574293   1.219340   361.989   361.897  9 52900.85084737 41.603
 21  23.574675   1.215238   361.697   361.558 12 52935.85078812 31.099
 22  23.575801   1.214564   362.502   362.458 11 52970.85081014 50.041
 23  23.567755   1.227787   361.597   361.535 13 53005.85082741 18.461
 24  23.572528   1.219395   362.002   361.873 11 53040.85077727 50.281
 25  23.570675   1.225283   361.339   361.267 11 53075.85081078 50.811
 26  23.567035   1.230409   361.520   361.430 11 53110.85078190 51.314
 27  23.572708   1.219019   361.267   361.196 11 53145.85082242 50.600
 28  23.582785   1.204806   360.748   360.776 15 53180.85082844 49.948
 29  23.574765   1.215444   360.281   360.251 12 53215.85085311 49.736
 30  23.572912   1.218876   360.596   360.526 11 53250.85083085 49.765
 31  23.568111   1.227041   361.299   361.201 13 53285.85082583 51.752
 32  23.589140   1.197188   362.381   362.377 18 53320.85079765 49.930
 33  23.586167   1.201677   362.989   362.968 17 53355.85076778 49.741
 34  23.575456   1.214735   361.314   361.226 11 53390.85078189 45.773
 35  23.584217   1.203768   361.170   361.169 15 53425.85077640 50.336
 36  23.584237   1.203277   361.736   361.742 15 53460.85078525 27.199
 37  23.566330   1.226814   361.271   361.179 14 53495.85087154 51.129
 38  23.584410   1.203176   361.320   361.336 15 53530.85084387 49.848
 39  23.567677   1.227428   360.568   360.529 14 53565.85087568 51.523
 40  23.580820   1.207209   360.920   360.918 13 53600.85081447 50.116
 41  23.570615   1.224844   361.154   361.091 11 53635.85081526 51.303
 42  23.568246   1.228710   361.721   361.658 13 53670.85083703 51.003
 43  23.587781   1.197480   362.468   362.439 18 53705.85076341 50.098
 44  23.584105   1.203331   361.638   361.629 15 53740.85067763 47.255
 45  23.585225   1.201915   361.361   361.346 16 53775.85069940 50.399
 46  23.581782   1.206817   361.650   361.610 13 53810.85068096 49.699
 47  23.573160   1.218331   361.977   361.848 10 53845.85073033 50.151
 48  23.583375   1.204342   361.953   362.034 15 53880.85075263 41.360
 49  23.566519   1.227386   360.347   360.277 13 53915.85081626 51.292
 50  23.564177   1.230507   360.067   359.989 12 53950.85082475 27.482
 52  23.578344   1.212185   361.053   361.020 11 54020.85079663 49.734
 53  23.588860   1.199052   363.387   363.405 18 54055.85078493 50.105
 54  23.579174   1.211356   363.308   363.238 12 54090.85077353 49.871
 55  23.578794   1.211653   362.336   362.260 11 54125.85070363 50.087
 57  23.577974   1.212981   361.792   361.716 11 54195.85070540 50.131
 58  23.577384   1.214226   362.432   362.194 11 54230.85075495 49.837
 59  23.578274   1.212826   361.938   361.844 11 54265.85077243 49.724
 60  23.579308   1.211279   361.214   361.137 12 54300.85077649 49.423
 61  23.578260   1.213568   361.504   361.413 11 54335.85076519 38.853
 62  23.579531   1.210238   361.859   361.817 13 54370.85070771 49.522
 63  23.577055   1.213693   362.481   362.419 12 54405.85070968 50.155
 64  23.578883   1.211201   362.954   362.820 11 54440.85066684 50.304
 65  23.579665   1.210909   362.213   362.166 11 54475.85069658 50.517
 66  23.578808   1.211297   362.185   362.086 11 54510.85068226 49.025
 67  23.578054   1.213364   361.740   361.655 11 54545.85071128 42.701
 68  23.579674   1.211075   361.777   361.717 11 54580.85067818 50.116
 69  23.579046   1.212472 14722.844 14722.760 11 54615.85070075 50.353
 70  23.575499   1.214908   360.903   360.805 11 54650.85071367 49.647
 71  23.577164   1.214467   361.192   361.200 11 54685.85070663 50.332
 73  23.577398   1.212692   361.751   361.716 11 54755.85068072 48.749
 74  23.575940   1.216321   363.463   363.388 10 54790.85065176 39.478
 75  23.578078   1.213014   362.091   361.983 11 54825.85067734 50.070
 76  23.579147   1.210459   362.167   362.124 13 54860.85064464 50.081
 77  23.576051   1.214885   361.975   361.899 10 54895.85067829 50.519
 78  23.575802   1.215385   361.693   361.577 11 54930.85064302 50.514
 79  23.576629   1.214901   362.253   362.142 11 54965.85067958 49.886
 80  23.573899   1.216585   361.095   361.062 10 55000.85069981 49.313
 82  23.577467   1.213573   361.000   360.957 11 55070.85067398 46.654
 83  23.576180   1.214489   361.705   361.597 11 55105.85061697 50.056
 84  23.576865   1.214698   362.137   362.040 11 55140.85062284 48.386
 85  23.579260   1.211412   362.799   362.732 12 55175.85058430 50.782
 86  23.577614   1.212401   362.579   362.543 11 55210.85061760 49.868
 87  23.577678   1.212160   361.986   361.908 11 55245.85058944 49.465
 88  23.576730   1.214002   362.710   362.624 11 55280.85061124 49.524
 89  23.576251   1.214138   362.539   362.411 11 55315.85057856 49.230
 90  23.577757   1.212607   361.838   361.752 11 55350.85058321 51.268
 91  23.576019   1.214119   361.402   361.341 11 55385.85057747 48.728
 92  23.578402   1.213328   361.113   360.975 11 55420.85060153 51.055
 93  23.578244   1.211907   361.877   361.822 11 55455.85057728 50.787
 94  23.580848   1.206687   361.425   361.327 14 55490.85049337 23.246
