#  438.296  -2.766   6.617 ;Mean Elev.(m), Avg Gradient(m/km), RMS Gradient(m/km) - SRTM1     
#  440.892  -3.068   6.314 ;Mean Elev.(m), Avg Gradient(m/km), RMS Gradient(m/km) - ASTER GDEM
#  439.379  -2.728   6.629 ;Mean Elev.(m), Avg Gradient(m/km), RMS Gradient(m/km) - GMTED2010 
  7  25.722842  -2.037382   434.447   434.469  3 52477.84612842 53.237
  8  25.733904  -2.022719   433.750   433.758  4 52512.84607227 53.060
  9  25.726047  -2.033475   433.566   433.566  2 52547.84611175 52.151
 10  25.729321  -2.031082   433.662   433.634  3 52582.84611619 50.132
 11  25.723972  -2.035668   434.415   434.348  3 52617.84608906 19.756
 12  25.733942  -2.022295   434.968   434.958  4 52652.84606554 53.233
 13  25.728306  -2.030561   435.052   435.052  2 52687.84606354 52.810
 14  25.726846  -2.031445   435.232   435.331  3 52722.84611032 50.476
 15  25.718175  -2.046387   435.296   435.259  3 52757.84612912 50.033
 16  25.728970  -2.028754   434.306   434.328  3 52792.84608471 52.446
 17  25.730659  -2.026925   434.072   434.092  3 52827.84615292 53.440
 18  25.732094  -2.025873   433.501   433.523  3 52862.84619818 51.908
 19  25.725784  -2.035186   433.384   433.378  3 52897.84622620 51.251
 20  25.724837  -2.036757   433.389   433.371  3 52932.84617178 50.884
 21  25.728294  -2.030370   433.455   433.453  3 52967.84617912 52.676
 22  25.722013  -2.039733   434.858   434.889  3 53002.84620144 53.186
 23  25.723919  -2.035770   435.531   435.529  4 53037.84615167 51.615
 24  25.725982  -2.035089   434.864   434.864  2 53072.84617787 51.709
 25  25.724113  -2.036321   434.950   434.922  3 53107.84615180 51.992
 26  25.726673  -2.033273   434.310   434.310  2 53142.84618767 53.907
 27  25.728367  -2.030211   433.880   433.872  3 53177.84621044 52.338
 28  25.725409  -2.034222   433.294   433.246  3 53212.84623007 55.347
 29  25.727694  -2.032064   432.858   432.858  2 53247.84619921 51.412
 30  25.724317  -2.034860   433.106   433.082  3 53282.84618929 48.608
 31  25.729524  -2.027611   433.456   433.463  3 53317.84619119 46.874
 32  25.730694  -2.026110   434.273   434.274  3 53352.84615737 51.906
 33  25.726642  -2.032591   434.692   434.688  3 53387.84615079 53.138
 34  25.732328  -2.024720   434.601   434.553  4 53422.84615284 52.108
 35  25.730941  -2.027136   435.042   435.021  3 53457.84615765 53.979
 36  25.721780  -2.041628   434.560   434.599  3 53492.84624055 52.149
 37  25.730950  -2.027438   434.293   434.271  4 53527.84622240 51.376
 38  25.722321  -2.040403   433.741   433.642  3 53562.84624945 51.726
 39  25.730595  -2.029899   433.382   433.383  3 53597.84619107 51.855
 40  25.723735  -2.035260   433.145   433.192  3 53632.84618583 51.438
 41  25.723254  -2.035637   433.151   433.195  3 53667.84620782 51.645
 42  25.730943  -2.027691   433.437   433.325  4 53702.84615351 26.818
 43  25.730971  -2.025785   433.792   433.743  3 53737.84606359 51.922
 44  25.732218  -2.026841   434.156   434.191  3 53772.84607532 52.180
 45  25.729969  -2.028319   434.248   434.246  3 53807.84606264 53.013
 47  25.729890  -2.029665   434.488   434.485  3 53877.84613174 53.329
 48  25.722160  -2.038610   433.689   433.658  4 53912.84618278 52.315
 49  25.720339  -2.041657   433.298   433.288  3 53947.84619676 52.144
 50  25.726272  -2.032606   432.970   432.970  2 53982.84613983 45.342
 51  25.728852  -2.030240   432.674   432.674  2 54017.84616889 29.880
 52  25.733954  -2.022029   433.573   433.547  4 54052.84616440 51.818
 53  25.728535  -2.030576   435.660   435.684  3 54087.84615447 49.744
 54  25.727355  -2.032311   436.788   436.788  2 54122.84607769 51.523
 55  25.726979  -2.032682   436.442   436.442  2 54157.84611716 51.452
 56  25.727689  -2.032626   436.153   436.143  3 54192.84607720 52.731
 57  25.727057  -2.031581   435.999   436.001  3 54227.84612917 51.709
 58  25.727827  -2.031590   435.328   435.328  2 54262.84614851 54.937
 59  25.728114  -2.031269   434.252   434.252  2 54297.84615322 53.977
 60  25.728404  -2.029349   433.800   433.795  3 54332.84614332 52.296
 62  25.727970  -2.030509   433.819   433.800  3 54402.84608614 52.724
 63  25.726863  -2.032645   434.491   434.491  2 54437.84604273 52.540
 64  25.729427  -2.029359   435.750   435.750  2 54472.84607182 50.525
 65  25.727890  -2.031973   435.846   435.801  3 54507.84605380 52.114
 66  25.728521  -2.029788   435.621   435.552  3 54542.84608612 27.646
 67  25.727353  -2.031626   435.706   435.706  2 54577.84605659 53.804
 68  25.728154  -2.030292   434.842   434.842  2 54612.84607744 53.976
 69  25.727356  -2.032457   434.209   434.209  2 54647.84608354 55.030
 70  25.727498  -2.031787   433.875   433.875  2 54682.84608428 52.249
 71  25.728030  -2.031008   433.394   433.394  2 54717.84603223 54.159
 72  25.727314  -2.031161   433.463   433.396  3 54752.84605692 51.965
 73  25.727417  -2.031865   434.324   434.318  3 54787.84602183 45.802
 74  25.728357  -2.031423   434.883   434.912  3 54822.84605125 53.552
 75  25.728170  -2.031307   435.229   435.229  2 54857.84601839 52.737
 76  25.726739  -2.033761   435.276   435.247  3 54892.84605316 51.940
 77  25.726115  -2.032804   435.392   435.392  3 54927.84601566 52.205
 79  25.725632  -2.034504   434.774   434.774  2 54997.84607379 53.662
 80  25.726970  -2.032641   434.199   434.199  2 55032.84606324 53.225
 81  25.727821  -2.030138   434.032   434.029  3 55067.84605241 53.287
 82  25.726142  -2.033170   433.651   433.723  3 55102.84599069 52.288
 83  25.727711  -2.030306   433.714   433.656  3 55137.84599848 51.693
 84  25.727691  -2.031924   434.847   434.882  3 55172.84595947 28.828
 85  25.727790  -2.031918   435.310   435.316  3 55207.84599299 51.905
 86  25.726974  -2.033288   435.302   435.302  2 55242.84596365 52.610
 87  25.727377  -2.032678   436.348   436.303  3 55277.84598619 51.039
 88  25.727281  -2.031250   436.525   436.525  2 55312.84595017 52.339
 89  25.728194  -2.031758   435.487   435.525  3 55347.84595731 51.629
 90  25.727265  -2.031609   434.816   434.816  2 55382.84594759 54.438
 91  25.728212  -2.031443   433.910   434.013  3 55417.84597616 51.801
 92  25.727923  -2.030242   433.840   433.881  3 55452.84595763 53.247
 93  25.728453  -2.030149   433.299   433.307  3 55487.84587892 29.829
