#  282.057  -2.788   9.178 ;Mean Elev.(m), Avg Gradient(m/km), RMS Gradient(m/km) - SRTM1     
#  272.603  -3.582   9.267 ;Mean Elev.(m), Avg Gradient(m/km), RMS Gradient(m/km) - ASTER GDEM
#  281.848  -2.911   9.140 ;Mean Elev.(m), Avg Gradient(m/km), RMS Gradient(m/km) - GMTED2010 
  7  16.369555  -2.005097   284.589   284.552  3 52444.87208907 21.798
  8  16.374332  -2.001245   284.540   284.521  3 52479.87208239 50.846
  9  16.383670  -1.994557   284.943   284.961  6 52514.87203099 51.639
 10  16.375344  -2.001074   285.956   285.956  2 52549.87207539 50.148
 11  16.384107  -1.992813   286.909   286.914  6 52584.87205864 50.914
 12  16.376252  -2.000296   287.873   287.901  3 52619.87203684 51.623
 13  16.383766  -1.990313   287.341   287.305  7 52654.87202658 50.993
 14  16.377626  -1.995184   284.989   284.917  3 52689.87201972 29.757
 15  16.378430  -1.992871   284.627   284.627  4 52724.87206415 50.581
 16  16.368652  -2.004833   284.758   284.786  3 52759.87208062 50.703
 17  16.381850  -1.991231   285.280   285.300  7 52794.87203900 49.521
 18  16.383728  -1.991963   285.271   285.264  8 52829.87210567 51.637
 19  16.385231  -1.990351   285.462   285.458  8 52864.87215020 52.001
 20  16.376806  -1.997299   285.874   285.879  4 52899.87217810 51.567
 21  16.376574  -2.000741   286.446   286.448  3 52934.87212046 36.363
 22  16.378167  -1.996111   287.195   287.189  4 52969.87213838 42.035
 23  16.373316  -2.002691   286.690   286.690  2 53004.87215464 40.264
 24  16.376304  -2.001625   285.538   285.538  2 53039.87210489 51.176
 25  16.376177  -2.001381   284.377   284.377  2 53074.87213606 51.197
 26  16.373648  -2.001818   284.142   284.142  2 53109.87210592 52.021
 27  16.376916  -2.000308   284.647   284.647  2 53144.87214799 35.069
 28  16.381113  -1.994545   284.270   284.282  6 53179.87216222 51.329
 29  16.377057  -1.999713   284.028   283.991  3 53214.87218312 52.037
 30  16.377423  -1.993350   284.847   284.843  4 53249.87215419 30.064
 31  16.374604  -2.001850   285.400   285.388  3 53284.87214951 51.821
 32  16.384440  -1.993117   286.698   286.751  6 53319.87213667 51.989
 33  16.383095  -1.991713   286.861   286.904  8 53354.87210478 34.134
 34  16.377492  -1.996417   285.706   285.699  4 53389.87210998 51.108
 35  16.382789  -1.991208   284.214   284.204  7 53424.87210880 50.463
 36  16.383287  -1.990982   284.222   284.193  7 53459.87211381 45.739
 37  16.372261  -2.003127   284.355   284.355  2 53494.87219724 51.884
 38  16.383386  -1.991859   284.877   284.848  8 53529.87217413 51.275
 39  16.373178  -2.002142   284.716   284.703  3 53564.87220296 51.263
 40  16.380923  -1.995818   284.539   284.527  6 53599.87214586 49.656
 41  16.375629  -2.000867   285.433   285.433  2 53634.87214177 52.556
 42  16.374113  -2.000724   285.811   285.811  2 53669.87216312 46.309
 43  16.383909  -1.992589   286.898   286.890  7 53704.87210104 33.001
 44  16.382868  -1.994262   285.840   285.856  6 53739.87201143 49.915
 45  16.383335  -1.991763   284.267   284.175  8 53774.87203185 27.021
 46  16.380512  -1.991820   283.880   283.881  6 53809.87201475 18.313
 47  16.376454  -1.998313   284.342   284.350  4 53844.87205665 51.598
 48  16.382172  -1.995190   284.356   284.391  6 53879.87208532 50.009
 49  16.372590  -2.002382   284.584   284.584  2 53914.87214101 51.910
 50  16.370946  -2.003859   284.286   284.286  2 53949.87215074 39.709
 51  16.378025  -1.995555   285.005   285.011  3 53984.87208953 50.350
 52  16.379071  -1.992493   285.768   285.764  4 54019.87212662 51.696
 53  16.386414  -1.990619   286.708   286.698  7 54054.87211738 50.809
 54  16.379213  -1.991589   287.596   287.592  4 54089.87210592 49.650
 55  16.379118  -1.991595   285.959   285.919  4 54124.87203267 30.296
 57  16.378782  -1.992409   284.277   284.271  4 54194.87203413 39.703
 58  16.378531  -1.995125   284.756   284.739  3 54229.87208488 49.382
 59  16.379126  -1.995458   285.140   285.135  5 54264.87210310 52.740
 60  16.380411  -1.996856   284.738   284.755  6 54299.87210646 49.651
 61  16.379381  -1.994901   285.200   285.118  5 54334.87209634 51.589
 63  16.377989  -1.993178   287.050   287.035  4 54404.87204072 50.532
 64  16.379258  -1.995562   287.558   287.557  5 54439.87199763 50.159
 65  16.379942  -1.992663   287.044   287.017  6 54474.87202765 50.748
 66  16.379505  -1.994811   285.470   285.478  5 54509.87201137 51.269
 67  16.379425  -1.995396   284.543   284.537  5 54544.87204135 51.749
 68  16.378650  -1.989714   284.402   284.512  5 54579.87201039 36.088
 69  16.379167  -1.992241   284.786   284.750  4 54614.87203219 49.488
 70  16.377388  -1.996146   284.852   284.809  3 54649.87204229 50.961
 71  16.378357  -1.994748   284.345   284.300  3 54684.87203770 31.823
 72  16.380395  -1.996382   285.703   285.638  6 54719.87198666 33.843
 73  16.378454  -1.995153   286.226   286.198  5 54754.87201150 50.756
 74  16.378209  -1.995323   286.834   286.853  3 54789.87197963 51.516
 75  16.379258  -1.994878   287.114   287.145  5 54824.87200736 51.932
 76  16.380409  -1.996244   285.375   285.338  6 54859.87197318 38.776
 77  16.377499  -1.995647   285.203   285.167  3 54894.87200834 51.455
 78  16.377667  -1.996175   284.361   284.357  3 54929.87197178 52.127
 79  16.378147  -1.996212   284.993   284.986  5 54964.87200918 48.353
 80  16.376882  -2.000014   285.372   285.353  3 54999.87202855 49.558
 81  16.379437  -1.994445   285.007   285.012  5 55034.87201502 50.027
 82  16.378670  -1.995188   284.765   284.731  3 55069.87200523 35.233
 83  16.377749  -1.995963   285.718   285.731  3 55104.87194624 51.597
 84  16.378799  -1.994982   286.441   286.481  3 55139.87195231 29.825
 85  16.380527  -1.995671   287.329   287.338  6 55174.87191270 43.336
 86  16.378629  -1.995098   286.165   286.123  5 55209.87194820 32.409
 87  16.377951  -1.993046   285.318   285.292  4 55244.87191985 51.212
 88  16.377949  -1.994947   285.128   285.104  3 55279.87194152 51.678
 89  16.378034  -1.995904   285.451   285.381  5 55314.87190718 27.136
 90  16.378942  -1.995888   285.367   285.363  5 55349.87191321 50.857
 91  16.377401  -1.993665   285.255   285.261  4 55384.87190636 50.040
 92  16.379399  -1.994841   284.677   284.700  5 55419.87193181 20.893
 93  16.378769  -1.994649   285.195   285.184  3 55454.87190953 48.330
 94  16.379709  -1.994096   285.931   285.894  5 55489.87182815 50.822
