#  269.264   0.200   3.054 ;Mean Elev.(m), Avg Gradient(m/km), RMS Gradient(m/km) - SRTM1     
#  259.569  -0.419   4.390 ;Mean Elev.(m), Avg Gradient(m/km), RMS Gradient(m/km) - ASTER GDEM
#  269.141   0.206   3.014 ;Mean Elev.(m), Avg Gradient(m/km), RMS Gradient(m/km) - GMTED2010 
  7   248.564 52447.87565988 36.66  15.407643  -4.159860 36.133
  7   248.617 52447.87566053 39.77  15.406913  -4.156560 36.133
  7   248.699 52447.87566117 49.97  15.406183  -4.153250 36.133
  7   248.756 52447.87566182 53.61  15.405453  -4.149950 36.133
  8   270.737 52482.87564868 43.06  15.414290  -4.159411 24.408
  8   270.537 52482.87564932 39.83  15.413560  -4.156101 24.408
  8   270.630 52482.87564996 48.48  15.412830  -4.152801 24.408
  8   270.612 52482.87565061 51.96  15.412096  -4.149491 36.884
  8   270.749 52482.87565125 51.91  15.411366  -4.146191 36.884
  8   270.725 52482.87565190 50.20  15.410646  -4.142881 36.884
  8   270.790 52482.87565254 52.17  15.409916  -4.139581 36.884
  8   271.025 52482.87565383 48.44  15.408456  -4.132971 36.884
  9   270.698 52517.87560592 46.39  15.418727  -4.155789 18.134
  9   271.513 52517.87560657 44.10  15.417997  -4.152479 18.134
  9   270.985 52517.87560721 46.52  15.417267  -4.149179 18.134
  9   270.999 52517.87560786 44.22  15.416536  -4.145870 29.964
  9   270.915 52517.87561108 50.06  15.412896  -4.129350 29.964
  9   270.910 52517.87561172 42.45  15.412166  -4.126050 29.964
 10   272.257 52552.87565490 42.46  15.412315  -4.159504 39.634
 10   271.850 52552.87565554 38.74  15.411585  -4.156204 39.634
 10   271.861 52552.87565619 50.24  15.410855  -4.152904 39.634
 10   271.846 52552.87565683 53.25  15.410125  -4.149594 39.634
 10   271.833 52552.87565747 51.94  15.409395  -4.146294 39.634
 10   271.913 52552.87565812 48.40  15.408675  -4.142984 39.634
 10   271.932 52552.87565941 52.09  15.407215  -4.136374 39.634
 11   272.797 52587.87563494 49.27  15.419560  -4.154440 44.061
 11   272.866 52587.87563558 47.36  15.418826  -4.151131 39.564
 11   272.840 52587.87563623 53.51  15.418096  -4.147831 39.564
 11   272.771 52587.87563687 52.62  15.417366  -4.144521 39.564
 11   273.016 52587.87564010 50.56  15.413726  -4.128001 39.564
 11   272.932 52587.87564074 50.14  15.412996  -4.124701 39.564
 12   273.686 52622.87559350 45.75  15.417277  -4.155962 50.953
 12   273.745 52622.87559415 49.59  15.416547  -4.152652 50.953
 12   273.780 52622.87559479 50.59  15.415817  -4.149352 50.953
 12   273.816 52622.87559544 51.00  15.415097  -4.146052 50.953
 12   273.831 52622.87559802 50.39  15.412176  -4.132831 27.899
 12   273.903 52622.87559866 50.43  15.411446  -4.129521 27.899
 13   273.480 52657.87560683 47.12  15.419476  -4.154467 48.779
 13   273.451 52657.87560747 47.16  15.418756  -4.151167 48.779
 13   273.432 52657.87560812 53.08  15.418019  -4.147858 34.563
 13   273.385 52657.87560876 48.10  15.417289  -4.144558 34.563
 13   273.579 52657.87561199 45.01  15.413649  -4.128028 34.563
 13   273.594 52657.87561263 43.64  15.412919  -4.124728 34.563
 15   271.616 52727.87562963 46.00  15.419479  -4.154912 23.964
 15   271.483 52727.87563027 44.22  15.418749  -4.151602 23.964
 15   271.641 52727.87563092 40.26  15.418019  -4.148302 23.964
 15   271.605 52727.87563156 43.44  15.417289  -4.145002 23.964
 15   271.818 52727.87563479 46.07  15.413649  -4.128472 23.964
 15   271.680 52727.87563543 43.16  15.412919  -4.125172 23.964
 16   271.407 52762.87564236 37.23  15.407976  -4.159123 36.410
 16   271.571 52762.87564301 44.26  15.407256  -4.155823 36.410
 16   271.695 52762.87564365 51.68  15.406526  -4.152513 36.410
 16   271.811 52762.87564430 49.90  15.405796  -4.149213 36.410
 16   271.787 52762.87564494 47.12  15.405067  -4.145904 28.351
 17   271.689 52797.87561240 47.55  15.421847  -4.148632 37.275
 17   271.726 52797.87561304 53.32  15.421117  -4.145322 37.275
 17   271.768 52797.87561369 48.30  15.420387  -4.142022 37.275
 17   271.805 52797.87561691 43.47  15.416737  -4.125502 37.275
 17   271.717 52797.87561756 46.55  15.416007  -4.122192 37.275
 18   271.392 52832.87568290 44.08  15.421848  -4.151436 14.060
 18   271.815 52832.87568355 49.74  15.421125  -4.148128 37.682
 18   271.531 52832.87568419 49.27  15.420395  -4.144828 37.682
 18   271.570 52832.87568484 49.90  15.419665  -4.141518 37.682
 18   271.633 52832.87568742 52.28  15.416745  -4.128308 37.682
 18   271.530 52832.87568806 42.64  15.416015  -4.124998 37.682
 19   271.452 52867.87572598 31.13  15.422749  -4.148610 30.330
 19   271.254 52867.87572662 25.09  15.422019  -4.145310 30.330
 19   271.202 52867.87572727 24.91  15.421299  -4.142000 30.330
 19   271.300 52867.87573049 29.08  15.417649  -4.125480 30.330
 19   271.389 52867.87573113 34.93  15.416919  -4.122180 30.330
 20   271.721 52902.87574174 44.33  15.416560  -4.157335 23.266
 20   271.821 52902.87574239 40.26  15.415830  -4.154035 23.266
 20   271.872 52902.87574303 44.02  15.415110  -4.150725 23.266
 20   271.697 52902.87574368 40.84  15.414380  -4.147425 23.266
 20   271.976 52902.87574690 49.19  15.410736  -4.130906 34.944
 21   272.317 52937.87567964 45.09  15.416257  -4.158067 39.998
 21   272.210 52937.87568028 46.88  15.415527  -4.154767 39.998
 21   272.303 52937.87568093 45.82  15.414807  -4.151467 39.998
 21   272.407 52937.87568157 42.42  15.414077  -4.148157 39.998
 21   272.414 52937.87568221 46.82  15.413347  -4.144857 39.998
 21   272.401 52937.87568479 51.46  15.410429  -4.131636 32.256
 22   272.920 52972.87571236 44.62  15.415946  -4.157459 47.027
 22   273.063 52972.87571300 44.37  15.415216  -4.154149 47.027
 22   272.999 52972.87571365 42.29  15.414496  -4.150849 47.027
 22   272.893 52972.87571429 48.35  15.413767  -4.147540 33.031
 22   272.992 52972.87571558 53.74  15.412307  -4.140930 33.031
 22   273.116 52972.87571752 46.87  15.410117  -4.131020 33.031
 23   272.857 53007.87572132 45.44  15.412633  -4.159826 43.163
 23   272.905 53007.87572197 43.82  15.411903  -4.156516 43.163
 23   272.953 53007.87572261 43.19  15.411173  -4.153216 43.163
 23   272.987 53007.87572326 49.40  15.410453  -4.149906 43.163
 23   272.953 53007.87572390 51.52  15.409723  -4.146606 43.163
 23   272.908 53007.87572455 48.77  15.408988  -4.143297 27.935
 23   272.985 53007.87572584 48.83  15.407528  -4.136687 27.935
 23   272.919 53007.87572648 47.85  15.406808  -4.133387 27.935
 24   272.070 53042.87567826 38.02  15.415101  -4.157663 28.667
 24   271.850 53042.87567891 43.47  15.414371  -4.154353 28.667
 24   272.080 53042.87567955 47.71  15.413641  -4.151053 28.667
 24   272.067 53042.87568020 51.56  15.412919  -4.147744 32.512
 24   272.097 53042.87568084 47.57  15.412189  -4.144444 32.512
 24   272.131 53042.87568149 52.16  15.411459  -4.141134 32.512
 24   272.257 53042.87568278 50.28  15.409999  -4.134524 32.512
 24   272.280 53042.87568342 50.91  15.409269  -4.131224 32.512
 25   271.307 53077.87571129 37.77  15.412609  -4.157272 21.886
 25   271.087 53077.87571194 47.75  15.411889  -4.153962 21.886
 25   271.399 53077.87571258 52.11  15.411159  -4.150662 21.886
 25   271.367 53077.87571323 46.19  15.410425  -4.147353 29.280
 25   271.484 53077.87571387 49.49  15.409695  -4.144053 29.280
 25   271.388 53077.87571452 49.95  15.408975  -4.140743 29.280
 25   271.561 53077.87571580 46.53  15.407515  -4.134133 29.280
 26   271.138 53112.87568162 38.65  15.411971  -4.157699 27.278
 26   271.101 53112.87568227 49.32  15.411241  -4.154389 27.278
 26   271.180 53112.87568291 51.72  15.410511  -4.151089 27.278
 26   271.167 53112.87568356 50.27  15.409789  -4.147781 29.915
 26   271.346 53112.87568420 46.26  15.409059  -4.144481 29.915
 26   271.232 53112.87568485 41.87  15.408329  -4.141171 29.915
 26   271.392 53112.87568549 42.59  15.407599  -4.137871 29.915
 26   271.470 53112.87568614 40.63  15.406869  -4.134561 29.915
 27   270.872 53147.87572601 41.27  15.413930  -4.159629 26.235
 27   270.906 53147.87572665 38.32  15.413200  -4.156319 26.235
 27   271.024 53147.87572729 51.07  15.412470  -4.153019 26.235
 27   271.098 53147.87572794 51.90  15.411742  -4.149710 35.674
 27   270.978 53147.87572858 47.41  15.411012  -4.146410 35.674
 27   271.074 53147.87572923 52.62  15.410292  -4.143100 35.674
 27   271.103 53147.87573116 47.81  15.408102  -4.133190 35.674
 28   270.358 53182.87572788 49.17  15.421362  -4.150602 15.335
 28   270.865 53182.87572853 53.52  15.420632  -4.147302 15.335
 28   270.478 53182.87572917 47.65  15.419905  -4.143992 35.573
 28   270.684 53182.87573240 49.78  15.416265  -4.127472 35.573
 28   270.545 53182.87573304 45.85  15.415535  -4.124172 35.573
 29   270.443 53217.87575093 35.96  15.416120  -4.155878 20.116
 29   270.404 53217.87575158 42.81  15.415400  -4.152568 20.116
 29   270.415 53217.87575222 39.01  15.414670  -4.149268 20.116
 29   270.313 53217.87575286 33.07  15.413934  -4.145958 29.262
 29   270.283 53217.87575544 37.18  15.411024  -4.132738 29.262
 30   270.915 53252.87572811 42.38  15.413463  -4.159421 27.319
 30   270.931 53252.87572875 34.10  15.412733  -4.156111 27.319
 30   271.115 53252.87572940 40.64  15.412013  -4.152811 27.319
 30   270.947 53252.87573004 39.63  15.411283  -4.149501 27.319
 30   271.086 53252.87573069 42.26  15.410553  -4.146201 27.319
 30   271.158 53252.87573133 45.58  15.409823  -4.142891 30.709
 30   271.173 53252.87573262 41.25  15.408363  -4.136281 30.709
 30   271.087 53252.87573326 37.14  15.407643  -4.132981 30.709
 31   271.353 53287.87572864 39.78  15.410913  -4.156728 29.135
 31   271.372 53287.87572928 53.00  15.410183  -4.153428 29.135
 31   271.416 53287.87572993 48.76  15.409461  -4.150120 32.976
 31   271.465 53287.87573057 50.74  15.408731  -4.146820 32.976
 31   271.523 53287.87573122 51.64  15.408001  -4.143510 32.976
 31   271.620 53287.87573251 50.11  15.406541  -4.136900 32.976
 32   272.891 53322.87570564 42.87  15.422733  -4.148782 46.224
 32   272.907 53322.87570629 44.74  15.422013  -4.145472 46.224
 32   272.947 53322.87570693 51.19  15.421283  -4.142172 46.224
 32   272.873 53322.87571016 45.91  15.417637  -4.125643 28.169
 32   272.881 53322.87571080 50.44  15.416907  -4.122343 28.169
 33   273.185 53357.87567046 49.18  15.421203  -4.150818 46.668
 33   273.192 53357.87567110 52.08  15.420473  -4.147518 46.668
 33   273.186 53357.87567175 50.25  15.419742  -4.144208 33.187
 33   273.195 53357.87567239 49.56  15.419012  -4.140908 33.187
 33   273.131 53357.87567497 47.16  15.416102  -4.127688 33.187
 33   273.167 53357.87567562 48.07  15.415372  -4.124388 33.187
 34   271.946 53392.87568476 48.00  15.416585  -4.157366 35.620
 34   272.099 53392.87568541 40.69  15.415855  -4.154056 35.620
 34   272.145 53392.87568605 43.32  15.415125  -4.150756 35.620
 34   272.018 53392.87568670 46.83  15.414403  -4.147448 36.155
 34   272.215 53392.87568992 48.19  15.410753  -4.130928 36.155
 35   271.070 53427.87568032 48.31  15.420024  -4.152160 24.343
 35   271.546 53427.87568097 52.82  15.419294  -4.148860 24.343
 35   271.381 53427.87568161 52.43  15.418561  -4.145550 34.252
 35   271.560 53427.87568226 46.52  15.417831  -4.142250 34.252
 35   271.327 53427.87568484 53.23  15.414921  -4.129030 34.252
 35   271.413 53427.87568548 45.01  15.414191  -4.125730 34.252
 35   271.315 53427.87568612 48.76  15.413461  -4.122420 34.252
 36   271.070 53462.87569791 41.01  15.420115  -4.153264 40.526
 36   271.281 53462.87569856 44.58  15.419385  -4.149964 40.526
 36   271.199 53462.87569920 46.22  15.418655  -4.146654 40.526
 36   271.391 53462.87569985 41.19  15.417925  -4.143354 40.526
 36   271.423 53462.87570242 51.84  15.415005  -4.130134 40.526
 36   271.466 53462.87570307 51.09  15.414275  -4.126834 40.526
 36   271.220 53462.87570371 46.34  15.413545  -4.123524 40.526
 37   270.694 53497.87576965 32.07  15.409842  -4.157141 36.171
 37   270.616 53497.87577030 25.21  15.409112  -4.153841 36.171
 37   271.062 53497.87577094 27.26  15.408382  -4.150531 36.171
 37   271.082 53497.87577158 29.19  15.407652  -4.147231 36.171
 37   271.022 53497.87577223 33.52  15.406924  -4.143923 23.048
 37   271.313 53497.87577352 34.24  15.405474  -4.137313 23.048
 38   271.174 53532.87575234 48.69  15.419467  -4.152059 27.307
 38   271.195 53532.87575299 50.61  15.418733  -4.148749 36.889
 38   271.242 53532.87575363 50.63  15.418003  -4.145449 36.889
 38   271.190 53532.87575427 45.33  15.417283  -4.142139 36.889
 38   271.322 53532.87575685 51.83  15.414363  -4.128929 36.889
 38   271.165 53532.87575750 46.26  15.413633  -4.125619 36.889
 38   271.157 53532.87575814 49.33  15.412903  -4.122319 36.889
 39   270.707 53567.87577062 33.99  15.411317  -4.158346 32.797
 39   270.443 53567.87577127 27.54  15.410597  -4.155036 32.797
 39   270.638 53567.87577191 29.13  15.409867  -4.151736 32.797
 39   270.875 53567.87577255 31.76  15.409137  -4.148426 32.797
 39   270.716 53567.87577320 28.51  15.408407  -4.145126 32.797
 39   270.846 53567.87577384 29.31  15.407677  -4.141816 32.797
 39   270.872 53567.87577449 24.40  15.406947  -4.138516 32.797
 39   271.158 53567.87577513 21.33  15.406217  -4.135216 32.797
 40   270.731 53602.87571602 37.24  15.418222  -4.155269 25.990
 40   271.074 53602.87571667 24.45  15.417492  -4.151959 25.990
 40   270.498 53602.87571731 25.99  15.416762  -4.148659 25.990
 40   270.926 53602.87571796 26.68  15.416032  -4.145350 23.544
 40   271.114 53602.87572054 21.82  15.413122  -4.132130 23.544
 40   270.576 53602.87572118 30.55  15.412392  -4.128830 23.544
 41   271.477 53637.87571392 39.03  15.414238  -4.157218 22.219
 41   271.252 53637.87571457 29.98  15.413508  -4.153908 22.219
 41   271.288 53637.87571521 29.62  15.412778  -4.150608 22.219
 41   271.377 53637.87571586 40.66  15.412056  -4.147299 26.871
 41   271.476 53637.87571650 42.01  15.411326  -4.143999 26.871
 41   271.219 53637.87571715 30.92  15.410596  -4.140689 26.871
 41   271.546 53637.87571844 24.09  15.409136  -4.134089 26.871
 42   271.868 53672.87573439 43.64  15.412003  -4.157074 32.964
 42   271.993 53672.87573504 50.22  15.411283  -4.153764 32.964
 42   271.851 53672.87573568 54.08  15.410553  -4.150464 32.964
 42   271.912 53672.87573633 50.61  15.409816  -4.147155 35.780
 42   272.012 53672.87573697 52.29  15.409086  -4.143855 35.780
 42   272.096 53672.87573826 52.08  15.407636  -4.137245 35.780
 42   272.060 53672.87573891 49.82  15.406906  -4.133945 35.780
 43   272.936 53707.87566687 48.83  15.421577  -4.150282 47.789
 43   272.943 53707.87566752 42.58  15.420847  -4.146982 47.789
 43   272.951 53707.87566816 44.60  15.420116  -4.143671 33.134
 43   272.877 53707.87567138 48.27  15.416476  -4.127151 33.134
 43   272.876 53707.87567203 48.38  15.415746  -4.123851 33.134
 44   272.105 53742.87557736 43.72  15.419905  -4.154703 33.573
 44   272.087 53742.87557801 47.15  15.419175  -4.151403 33.573
 44   272.039 53742.87557865 40.00  15.418445  -4.148093 33.573
 44   272.139 53742.87557930 42.24  15.417715  -4.144793 33.573
 44   272.225 53742.87558252 46.49  15.414069  -4.128272 27.760
 44   272.110 53742.87558317 45.82  15.413349  -4.124962 27.760
 45   271.302 53777.87560421 45.32  15.421597  -4.152270 18.375
 45   272.009 53777.87560485 52.36  15.420877  -4.148970 18.375
 45   271.951 53777.87560550 47.37  15.420140  -4.145661 29.030
 45   271.433 53777.87560614 49.44  15.419410  -4.142361 29.030
 45   271.499 53777.87560872 44.19  15.416500  -4.129141 29.030
 45   271.588 53777.87560937 45.95  15.415770  -4.125841 29.030
 45   271.400 53777.87561001 47.54  15.415040  -4.122531 29.030
 46   271.212 53812.87557934 44.44  15.419510  -4.155970 39.326
 46   271.254 53812.87557999 50.04  15.418780  -4.152660 39.326
 46   271.279 53812.87558063 54.13  15.418060  -4.149360 39.326
 46   271.311 53812.87558128 50.22  15.417330  -4.146060 39.326
 46   271.348 53812.87558450 50.94  15.413683  -4.129529 29.565
 46   271.364 53812.87558514 44.13  15.412953  -4.126229 29.565
 47   271.237 53847.87563414 39.15  15.414824  -4.158486 34.935
 47   271.365 53847.87563479 45.70  15.414094  -4.155176 34.935
 47   271.407 53847.87563543 48.51  15.413364  -4.151876 34.935
 47   271.210 53847.87563607 50.99  15.412634  -4.148566 34.935
 47   271.254 53847.87563672 48.39  15.411904  -4.145266 34.935
 47   271.302 53847.87563736 50.72  15.411183  -4.141956 30.626
 47   271.463 53847.87563930 50.56  15.408993  -4.132046 30.626
 49   270.678 53917.87571617 36.85  15.409618  -4.158620 32.391
 49   270.729 53917.87571682 49.96  15.408888  -4.155310 32.391
 49   270.827 53917.87571746 50.91  15.408158  -4.152010 32.391
 49   270.926 53917.87571811 49.28  15.407438  -4.148700 32.391
 49   270.916 53917.87571875 45.87  15.406708  -4.145400 32.391
 49   270.939 53917.87571940 46.71  15.405972  -4.142090 27.349
 49   270.850 53917.87572004 38.13  15.405242  -4.138790 27.349
 50   270.398 53952.87572011 42.68  15.408139  -4.157201 27.671
 50   270.626 53952.87572076 53.46  15.407409  -4.153901 27.671
 50   270.515 53952.87572140 55.91  15.406679  -4.150601 27.671
 50   270.659 53952.87572205 47.87  15.405959  -4.147291 27.671
 50   270.642 53952.87572269 48.43  15.405229  -4.143991 27.671
 52   271.786 54022.87569917 39.96  15.418484  -4.157004 25.893
 52   271.743 54022.87569982 49.66  15.417754  -4.153704 25.893
 52   271.863 54022.87570046 49.72  15.417024  -4.150404 25.893
 52   271.853 54022.87570110 49.91  15.416294  -4.147094 25.893
 52   271.809 54022.87570433 43.30  15.412653  -4.130574 29.180
 53   272.952 54057.87569258 47.00  15.423182  -4.148486 44.981
 53   273.008 54057.87569323 49.56  15.422452  -4.145186 44.981
 53   272.984 54057.87569387 49.83  15.421732  -4.141876 44.981
 53   272.978 54057.87569774 48.84  15.417355  -4.122056 27.897
 54   273.613 54092.87567229 46.51  15.417479  -4.156234 44.888
 54   273.651 54092.87567293 48.28  15.416749  -4.152924 44.888
 54   273.688 54092.87567358 50.91  15.416029  -4.149624 44.888
 54   273.710 54092.87567422 51.22  15.415299  -4.146324 44.888
 54   273.562 54092.87567744 46.14  15.411649  -4.129794 25.337
 55   272.525 54127.87560939 46.03  15.418694  -4.154460 37.843
 55   272.642 54127.87561004 45.88  15.417964  -4.151160 37.843
 55   272.605 54127.87561068 50.86  15.417234  -4.147850 37.843
 55   272.558 54127.87561133 49.70  15.416504  -4.144550 37.843
 55   272.682 54127.87561390 49.62  15.413590  -4.131331 30.447
 55   272.692 54127.87561455 48.54  15.412860  -4.128021 30.447
 56   271.673 54162.87564206 43.36  15.416003  -4.156098 31.185
 56   271.800 54162.87564270 49.95  15.415283  -4.152788 31.185
 56   271.608 54162.87564335 49.95  15.414553  -4.149488 31.185
 56   271.609 54162.87564399 43.30  15.413819  -4.146178 30.822
 56   271.702 54162.87564657 39.91  15.410909  -4.132968 30.822
 57   271.521 54197.87561114 33.81  15.417926  -4.155919 26.244
 57   271.300 54197.87561178 30.58  15.417196  -4.152609 26.244
 57   271.170 54197.87561243 26.37  15.416466  -4.149309 26.244
 57   271.141 54197.87561307 34.41  15.415745  -4.146002 33.231
 57   271.195 54197.87561629 33.26  15.412095  -4.129482 33.231
 58   272.047 54232.87565580 35.99  15.417855  -4.154742 19.106
 58   271.507 54232.87565644 36.75  15.417125  -4.151442 19.106
 58   271.463 54232.87565709 40.93  15.416397  -4.148135 33.180
 58   271.637 54232.87565773 40.50  15.415667  -4.144835 33.180
 58   271.697 54232.87566031 51.09  15.412757  -4.131615 33.180
 58   271.648 54232.87566095 51.20  15.412027  -4.128315 33.180
 59   271.640 54267.87567491 34.68  15.417757  -4.154338 18.338
 59   271.484 54267.87567556 36.17  15.417027  -4.151038 18.338
 59   271.617 54267.87567620 43.33  15.416291  -4.147728 35.723
 59   271.710 54267.87567685 39.34  15.415561  -4.144428 35.723
 59   271.568 54267.87567942 51.56  15.412651  -4.131208 35.723
 60   270.934 54302.87567823 45.11  15.418462  -4.155481 21.906
 60   271.259 54302.87567887 49.05  15.417742  -4.152171 21.906
 60   271.575 54302.87567951 51.42  15.417012  -4.148871 21.906
 60   271.156 54302.87568016 36.79  15.416276  -4.145561 32.422
 60   271.173 54302.87568338 51.86  15.412636  -4.129041 32.422
 61   271.603 54337.87566391 40.28  15.417905  -4.155618 21.523
 61   271.434 54337.87566456 46.82  15.417185  -4.152308 21.523
 61   271.479 54337.87566520 35.96  15.416455  -4.149008 21.523
 61   271.351 54337.87566585 38.21  15.415722  -4.145698 35.556
 61   271.428 54337.87566907 49.59  15.412082  -4.129178 35.556
 62   272.071 54372.87561130 38.91  15.418623  -4.155600 18.293
 62   272.069 54372.87561194 38.75  15.417893  -4.152300 18.293
 62   271.757 54372.87561259 33.35  15.417174  -4.148990 29.726
 62   271.937 54372.87561323 39.54  15.416444  -4.145690 29.726
 62   271.954 54372.87561645 32.56  15.412794  -4.129170 29.726
 63   272.842 54407.87560887 45.95  15.417067  -4.157269 46.786
 63   272.840 54407.87560952 46.79  15.416337  -4.153959 46.786
 63   272.824 54407.87561016 50.59  15.415617  -4.150659 46.786
 63   272.720 54407.87561080 51.49  15.414882  -4.147349 38.291
 63   272.870 54407.87561403 48.82  15.411242  -4.130829 38.291
 64   273.514 54442.87557166 48.28  15.418744  -4.154466 47.118
 64   273.588 54442.87557230 46.40  15.418014  -4.151166 47.118
 64   273.436 54442.87557295 46.41  15.417290  -4.147858 34.504
 64   273.469 54442.87557359 50.00  15.416560  -4.144558 34.504
 64   273.510 54442.87557617 49.87  15.413640  -4.131338 34.504
 64   273.521 54442.87557682 46.55  15.412910  -4.128028 34.504
 65   272.934 54477.87559847 43.06  15.418444  -4.154627 41.968
 65   273.028 54477.87559912 48.56  15.417714  -4.151327 41.968
 65   273.083 54477.87559976 52.43  15.416984  -4.148027 41.968
 65   272.972 54477.87560041 49.07  15.416264  -4.144717 41.968
 65   273.112 54477.87560299 50.50  15.413348  -4.131497 27.661
 65   273.150 54477.87560363 45.35  15.412618  -4.128197 27.661
 66   272.117 54512.87558685 42.60  15.418840  -4.154300 35.494
 66   272.099 54512.87558749 50.56  15.418110  -4.151000 35.494
 66   271.962 54512.87558814 49.55  15.417380  -4.147690 35.494
 66   272.048 54512.87558878 50.82  15.416650  -4.144390 35.494
 66   272.152 54512.87559136 52.72  15.413730  -4.131170 35.494
 66   272.227 54512.87559200 51.04  15.413000  -4.127870 35.494
 66   272.187 54512.87559265 47.88  15.412270  -4.124560 35.494
 67   271.628 54547.87561199 44.81  15.417372  -4.155674 30.087
 67   271.560 54547.87561263 50.10  15.416639  -4.152366 41.307
 67   271.526 54547.87561328 41.10  15.415909  -4.149066 41.307
 67   271.481 54547.87561392 41.01  15.415189  -4.145756 41.307
 67   271.702 54547.87561650 50.28  15.412269  -4.132546 41.307
 67   271.743 54547.87561715 48.48  15.411539  -4.129236 41.307
 68   271.970 54582.87558292 39.36  15.418502  -4.154737 34.271
 68   271.773 54582.87558356 44.24  15.417772  -4.151437 34.271
 68   271.648 54582.87558421 42.89  15.417052  -4.148127 34.271
 68   271.851 54582.87558485 44.38  15.416322  -4.144827 34.271
 68   271.861 54582.87558743 36.88  15.413402  -4.131607 34.271
 68   271.865 54582.87558807 44.60  15.412672  -4.128307 34.271
 69   271.461 54617.87560369 39.01  15.417814  -4.154431 37.184
 69   271.393 54617.87560433 43.15  15.417084  -4.151131 37.184
 69   271.286 54617.87560498 40.30  15.416364  -4.147821 37.184
 69   271.354 54617.87560562 37.54  15.415634  -4.144521 37.184
 69   271.490 54617.87560820 37.40  15.412714  -4.131301 37.184
 70   271.446 54652.87561491 43.85  15.416301  -4.157229 21.698
 70   271.252 54652.87561555 52.05  15.415565  -4.153920 39.019
 70   271.140 54652.87561620 50.88  15.414835  -4.150620 39.019
 70   271.254 54652.87561684 43.06  15.414115  -4.147310 39.019
 70   271.290 54652.87562007 52.23  15.410465  -4.130790 39.019
 71   270.930 54687.87560480 39.47  15.417195  -4.156873 20.113
 71   270.986 54687.87560544 43.99  15.416465  -4.153573 20.113
 71   270.882 54687.87560609 46.33  15.415732  -4.150264 41.255
 71   270.993 54687.87560673 43.05  15.415002  -4.146964 41.255
 71   271.071 54687.87560996 53.78  15.411362  -4.130444 41.255
 72   271.806 54722.87556275 33.25  15.418964  -4.155747 31.154
 72   272.309 54722.87556339 28.10  15.418234  -4.152447 31.154
 72   271.689 54722.87556404 35.09  15.417504  -4.149137 31.154
 72   271.704 54722.87556468 41.27  15.416774  -4.145837 31.154
 72   271.640 54722.87556791 26.10  15.413124  -4.129317 31.154
 72   271.802 54722.87556855 36.13  15.412394  -4.126007 31.154
 73   272.285 54757.87558043 41.43  15.416810  -4.155746 24.279
 73   272.210 54757.87558107 47.71  15.416075  -4.152436 38.406
 73   271.855 54757.87558172 47.25  15.415345  -4.149136 38.406
 73   271.980 54757.87558236 45.84  15.414625  -4.145826 38.406
 73   271.969 54757.87558494 46.75  15.411705  -4.132616 38.406
 73   272.014 54757.87558559 48.74  15.410975  -4.129306 38.406
 74   272.847 54792.87555507 47.84  15.417418  -4.157149 43.606
 74   272.943 54792.87555571 48.27  15.416695  -4.153842 37.412
 74   272.752 54792.87555636 50.09  15.415965  -4.150542 37.412
 74   272.777 54792.87555700 53.05  15.415235  -4.147232 37.412
 74   272.905 54792.87556022 46.22  15.411585  -4.130712 37.412
 75   273.159 54827.87557851 43.67  15.417826  -4.155904 41.995
 75   273.206 54827.87557915 46.15  15.417088  -4.152595 36.963
 75   273.183 54827.87557980 48.66  15.416368  -4.149295 36.963
 75   273.118 54827.87558044 44.63  15.415638  -4.145985 36.963
 75   273.190 54827.87558367 50.13  15.411988  -4.129465 36.963
 76   272.058 54862.87554996 44.39  15.418634  -4.155881 36.415
 76   272.149 54862.87555061 43.98  15.417904  -4.152581 36.415
 76   271.931 54862.87555125 47.13  15.417174  -4.149271 36.415
 76   271.938 54862.87555190 47.14  15.416444  -4.145971 36.415
 76   272.114 54862.87555512 51.38  15.412794  -4.129451 36.415
 77   272.039 54897.87557822 29.09  15.416024  -4.155655 24.444
 77   271.591 54897.87557886 44.77  15.415290  -4.152346 30.085
 77   271.880 54897.87557951 49.21  15.414560  -4.149046 30.085
 77   271.812 54897.87558015 42.16  15.413830  -4.145736 30.085
 77   271.671 54897.87558273 26.48  15.410920  -4.132526 30.085
 79   271.577 54967.87557974 42.04  15.417721  -4.157449 25.603
 79   271.997 54967.87558039 43.39  15.416984  -4.154140 38.102
 79   271.748 54967.87558103 44.12  15.416264  -4.150840 38.102
 79   271.828 54967.87558168 41.28  15.415534  -4.147530 38.102
 79   271.786 54967.87558490 51.41  15.411884  -4.131010 38.102
 80   271.508 55002.87559936 42.99  15.414926  -4.157564 23.265
 80   271.612 55002.87560000 50.02  15.414189  -4.154254 40.084
 80   271.465 55002.87560064 51.89  15.413459  -4.150954 40.084
 80   271.445 55002.87560129 50.11  15.412739  -4.147644 40.084
 80   271.444 55002.87560193 52.25  15.412009  -4.144344 40.084
 80   271.585 55002.87560258 51.81  15.411279  -4.141044 40.084
 80   271.582 55002.87560387 53.20  15.409819  -4.134434 40.084
 81   271.034 55037.87558599 49.34  15.418750  -4.155763 22.147
 81   271.352 55037.87558664 52.91  15.418014  -4.152455 36.540
 81   271.097 55037.87558728 52.05  15.417284  -4.149155 36.540
 81   271.145 55037.87558793 50.01  15.416564  -4.145845 36.540
 81   271.225 55037.87559115 45.92  15.412914  -4.129325 36.540
 81   271.279 55037.87559179 43.58  15.412184  -4.126025 36.540
 82   270.874 55072.87557239 47.96  15.416848  -4.155814 19.627
 82   271.357 55072.87557304 49.90  15.416116  -4.152504 40.451
 82   271.127 55072.87557368 49.57  15.415386  -4.149204 40.451
 82   270.850 55072.87557432 43.36  15.414656  -4.145894 40.451
 82   271.052 55072.87557690 51.28  15.411746  -4.132684 40.451
 82   271.140 55072.87557755 45.43  15.411016  -4.129374 40.451
 83   271.681 55107.87551868 36.21  15.417227  -4.154830 34.172
 83   271.580 55107.87551932 37.88  15.416497  -4.151530 34.172
 83   271.672 55107.87551997 40.25  15.415767  -4.148220 34.172
 83   271.694 55107.87552061 41.73  15.415037  -4.144920 34.172
 83   271.484 55107.87552319 24.99  15.412117  -4.131700 34.172
 84   272.576 55142.87552283 45.67  15.416306  -4.156055 42.611
 84   272.577 55142.87552348 49.88  15.415572  -4.152746 37.734
 84   272.466 55142.87552412 50.25  15.414842  -4.149446 37.734
 84   272.533 55142.87552477 51.57  15.414112  -4.146136 37.734
 84   272.724 55142.87552735 51.36  15.411202  -4.132926 37.734
 85   273.312 55177.87549018 48.87  15.418974  -4.155279 39.381
 85   273.328 55177.87549083 47.64  15.418244  -4.151979 39.381
 85   273.360 55177.87549147 51.44  15.417514  -4.148669 39.381
 85   273.410 55177.87549212 54.61  15.416784  -4.145369 39.381
 85   273.514 55177.87549534 44.35  15.413134  -4.128849 39.381
 85   273.484 55177.87549598 47.70  15.412404  -4.125539 39.381
 86   272.764 55212.87551782 42.66  15.417289  -4.156298 38.558
 86   272.838 55212.87551847 45.16  15.416552  -4.152987 37.705
 86   272.823 55212.87551911 51.56  15.415832  -4.149687 37.705
 86   272.789 55212.87551975 48.23  15.415102  -4.146377 37.705
 86   272.908 55212.87552298 51.30  15.411452  -4.129857 37.705
 87   271.859 55247.87549110 45.85  15.418569  -4.155615 26.498
 87   272.199 55247.87549174 48.21  15.417839  -4.152307 33.806
 87   271.944 55247.87549239 46.36  15.417119  -4.149007 33.806
 87   272.068 55247.87549303 46.71  15.416389  -4.145697 33.806
 87   272.032 55247.87549626 43.12  15.412739  -4.129177 33.806
 88   271.841 55282.87551076 41.37  15.416904  -4.158369 27.275
 88   271.944 55282.87551141 49.69  15.416174  -4.155069 27.275
 88   271.847 55282.87551205 44.29  15.415441  -4.151761 39.313
 88   272.040 55282.87551270 41.96  15.414711  -4.148461 39.313
 88   271.834 55282.87551334 45.29  15.413991  -4.145151 39.313
 88   272.137 55282.87551592 49.24  15.411071  -4.131941 39.313
 89   272.124 55317.87548100 44.10  15.416562  -4.158438 29.331
 89   272.302 55317.87548165 50.22  15.415826  -4.155129 36.186
 89   272.253 55317.87548229 48.48  15.415096  -4.151829 36.186
 89   272.282 55317.87548294 46.52  15.414366  -4.148519 36.186
 89   272.127 55317.87548358 44.86  15.413646  -4.145219 36.186
 89   272.243 55317.87548616 41.94  15.410726  -4.131999 36.186
 90   271.616 55352.87548412 40.91  15.417305  -4.157178 25.839
 90   272.502 55352.87548477 37.90  15.416570  -4.153867 29.324
 90   271.720 55352.87548541 31.21  15.415840  -4.150567 29.324
 90   271.701 55352.87548605 29.99  15.415120  -4.147257 29.324
 90   271.621 55352.87548928 26.12  15.411470  -4.130737 29.324
 91   271.380 55387.87548075 48.89  15.416678  -4.156629 20.224
 91   271.301 55387.87548140 45.50  15.415957  -4.153321 42.933
 91   271.478 55387.87548204 48.32  15.415227  -4.150021 42.933
 91   271.386 55387.87548269 47.66  15.414497  -4.146711 42.933
 91   271.524 55387.87548527 49.03  15.411577  -4.133501 42.933
 91   271.557 55387.87548591 48.29  15.410847  -4.130191 42.933
 92   271.164 55422.87550202 50.54  15.418252  -4.155560 15.756
 92   271.684 55422.87550266 46.50  15.417517  -4.152252 38.981
 92   271.247 55422.87550331 45.48  15.416787  -4.148952 38.981
 92   271.347 55422.87550395 49.45  15.416067  -4.145642 38.981
 92   271.476 55422.87550717 50.03  15.412417  -4.129122 38.981
 93   271.351 55457.87547494 42.86  15.417468  -4.154865 20.650
 93   271.381 55457.87547558 40.47  15.416736  -4.151554 30.289
 93   271.398 55457.87547623 43.55  15.416006  -4.148254 30.289
 93   271.372 55457.87547687 37.15  15.415276  -4.144944 30.289
 93   271.430 55457.87547945 27.78  15.412366  -4.131734 30.289
